n_ranks;n_threads;n_x;n_y;plan;planning;fftw_2d_r2c;plan_flops;
1;48;16384;16384;measure;20.1945;0.260546;1.2334e+10;
1;48;16384;16384;measure;18.4584;0.187447;1.23627e+10;
1;48;16384;16384;measure;17.8472;0.392052;1.22804e+10;
1;48;16384;16384;measure;15.7722;0.22809;1.23652e+10;
1;48;16384;16384;measure;19.7695;0.192342;1.26614e+10;
1;48;16384;16384;measure;17.0884;0.140502;1.26144e+10;
1;48;16384;16384;measure;15.8356;0.39401;1.23228e+10;
1;48;16384;16384;measure;18.6992;0.258081;1.23019e+10;
1;48;16384;16384;measure;19.2284;0.223462;1.22675e+10;
1;48;16384;16384;measure;20.0084;0.260338;1.2334e+10;
1;48;16384;16384;measure;18.4175;0.201599;1.23513e+10;
1;48;16384;16384;measure;18.5017;0.24023;1.24172e+10;
1;48;16384;16384;measure;20.3313;0.259508;1.2334e+10;
1;48;16384;16384;measure;19.5105;0.395383;1.2351e+10;
1;48;16384;16384;measure;18.4024;0.198109;1.16053e+10;
1;48;16384;16384;measure;19.0492;0.327511;1.2533e+10;
1;48;16384;16384;measure;19.0763;0.222724;1.22187e+10;
1;48;16384;16384;measure;17.7363;0.224672;1.22687e+10;
1;48;16384;16384;measure;18.3987;0.214336;1.24178e+10;
1;48;16384;16384;measure;17.2334;0.236175;1.23343e+10;
1;48;16384;16384;measure;19.2985;0.269496;1.24172e+10;
1;48;16384;16384;measure;21.4447;0.192444;1.23365e+10;
1;48;16384;16384;measure;17.7649;0.143799;1.22971e+10;
1;48;16384;16384;measure;16.4377;0.225836;1.26632e+10;
1;48;16384;16384;measure;19.3951;0.253932;1.27299e+10;
1;48;16384;16384;measure;18.3539;0.174755;1.23513e+10;
1;48;16384;16384;measure;22.1688;0.282927;1.22187e+10;
1;48;16384;16384;measure;17.9624;0.376069;1.23349e+10;
1;48;16384;16384;measure;16.0707;0.517746;1.2334e+10;
1;48;16384;16384;measure;18.2931;0.188326;1.2334e+10;
1;48;16384;16384;measure;19.1525;0.141006;1.26302e+10;
1;48;16384;16384;measure;19.321;0.34657;1.26299e+10;
1;48;16384;16384;measure;20.2577;0.218415;1.23462e+10;
1;48;16384;16384;measure;24.437;0.206931;1.26157e+10;
1;48;16384;16384;measure;21.1933;0.25979;1.24987e+10;
1;48;16384;16384;measure;16.7885;0.515964;1.23499e+10;
1;48;16384;16384;measure;18.3867;0.187996;1.2597e+10;
1;48;16384;16384;measure;15.4434;0.421905;1.22478e+10;
1;48;16384;16384;measure;16.4224;0.398536;1.23998e+10;
1;48;16384;16384;measure;18.3523;0.163782;1.22681e+10;
1;48;16384;16384;measure;17.323;0.234047;1.22517e+10;
1;48;16384;16384;measure;20.3321;0.236411;1.23798e+10;
1;48;16384;16384;measure;20.2537;0.224428;1.26803e+10;
1;48;16384;16384;measure;19.0781;0.213961;1.22874e+10;
1;48;16384;16384;measure;18.9499;0.220371;1.22495e+10;
1;48;16384;16384;measure;18.2848;0.575413;1.23462e+10;
1;48;16384;16384;measure;17.7159;0.269578;1.23627e+10;
1;48;16384;16384;measure;19.9029;0.250197;1.2363e+10;
1;48;16384;16384;measure;18.175;0.277083;1.24178e+10;
1;48;16384;16384;measure;18.7158;0.190303;1.23833e+10;
2;48;16384;16384;measure;55.5095;5.06104;0;
2;48;16384;16384;measure;53.193;4.99226;0;
2;48;16384;16384;measure;54.9306;4.91474;0;
2;48;16384;16384;measure;50.083;5.05473;0;
2;48;16384;16384;measure;56.6505;5.56167;0;
2;48;16384;16384;measure;54.3538;6.47335;0;
2;48;16384;16384;measure;47.934;7.31243;0;
2;48;16384;16384;measure;58.3998;5.10796;0;
2;48;16384;16384;measure;53.6127;4.43076;0;
2;48;16384;16384;measure;57.4083;6.7175;0;
2;48;16384;16384;measure;52.6444;5.8055;0;
2;48;16384;16384;measure;49.8928;5.62457;0;
2;48;16384;16384;measure;54.7375;5.63145;0;
2;48;16384;16384;measure;57.7564;6.04823;0;
2;48;16384;16384;measure;55.4252;5.70636;0;
2;48;16384;16384;measure;53.7265;7.94763;0;
2;48;16384;16384;measure;53.5965;5.13389;0;
2;48;16384;16384;measure;52.3411;5.23303;0;
2;48;16384;16384;measure;58.8419;5.76227;0;
2;48;16384;16384;measure;54.9793;5.06964;0;
2;48;16384;16384;measure;54.2831;6.49224;0;
2;48;16384;16384;measure;50.9142;3.99194;0;
2;48;16384;16384;measure;54.9152;5.19601;0;
2;48;16384;16384;measure;54.4335;5.61633;0;
2;48;16384;16384;measure;52.8545;5.62389;0;
2;48;16384;16384;measure;56.3987;6.92727;0;
2;48;16384;16384;measure;54.4093;5.26387;0;
2;48;16384;16384;measure;55.9206;5.0506;0;
2;48;16384;16384;measure;55.348;5.4268;0;
2;48;16384;16384;measure;48.9287;4.28601;0;
2;48;16384;16384;measure;53.0736;6.54834;0;
2;48;16384;16384;measure;53.7245;5.61659;0;
2;48;16384;16384;measure;55.195;7.52393;0;
2;48;16384;16384;measure;54.5184;6.95865;0;
2;48;16384;16384;measure;56.0689;5.07142;0;
2;48;16384;16384;measure;54.1161;5.59604;0;
2;48;16384;16384;measure;54.6007;5.08577;0;
2;48;16384;16384;measure;54.2437;5.97214;0;
2;48;16384;16384;measure;55.9804;5.26955;0;
2;48;16384;16384;measure;55.1054;5.78185;0;
2;48;16384;16384;measure;53.6211;4.47382;0;
2;48;16384;16384;measure;56.0396;5.56098;0;
2;48;16384;16384;measure;54.5798;5.40541;0;
2;48;16384;16384;measure;55.6152;5.85767;0;
2;48;16384;16384;measure;58.3914;5.87094;0;
2;48;16384;16384;measure;55.8527;7.28454;0;
2;48;16384;16384;measure;60.656;5.96802;0;
2;48;16384;16384;measure;56.8972;5.28851;0;
2;48;16384;16384;measure;57.0628;5.49409;0;
2;48;16384;16384;measure;55.5852;6.01168;0;
4;48;16384;16384;measure;36.0442;3.5739;0;
4;48;16384;16384;measure;36.3751;3.48113;0;
4;48;16384;16384;measure;34.9854;3.48864;0;
4;48;16384;16384;measure;35.6332;3.53358;0;
4;48;16384;16384;measure;37.1814;3.95483;0;
4;48;16384;16384;measure;36.5643;3.65236;0;
4;48;16384;16384;measure;37.2577;3.65504;0;
4;48;16384;16384;measure;35.7332;3.33624;0;
4;48;16384;16384;measure;36.7012;3.6293;0;
4;48;16384;16384;measure;37.6797;3.53197;0;
4;48;16384;16384;measure;36.8991;4.09862;0;
4;48;16384;16384;measure;36.6605;3.66215;0;
4;48;16384;16384;measure;35.3161;3.44937;0;
4;48;16384;16384;measure;35.1783;3.46004;0;
4;48;16384;16384;measure;36.4768;3.79429;0;
4;48;16384;16384;measure;34.6246;3.36196;0;
4;48;16384;16384;measure;36.8177;3.72194;0;
4;48;16384;16384;measure;35.3527;3.40784;0;
4;48;16384;16384;measure;36.9169;3.59011;0;
4;48;16384;16384;measure;34.9299;3.34611;0;
4;48;16384;16384;measure;36.6814;3.59706;0;
4;48;16384;16384;measure;37.3787;3.74668;0;
4;48;16384;16384;measure;37.2215;3.57187;0;
4;48;16384;16384;measure;37.2236;3.4983;0;
4;48;16384;16384;measure;35.0332;3.52069;0;
4;48;16384;16384;measure;37.1484;3.81234;0;
4;48;16384;16384;measure;36.0052;3.204;0;
4;48;16384;16384;measure;37.468;3.63206;0;
4;48;16384;16384;measure;35.1622;3.60454;0;
4;48;16384;16384;measure;34.9771;3.4627;0;
4;48;16384;16384;measure;37.0537;3.85291;0;
4;48;16384;16384;measure;37.4745;3.66594;0;
4;48;16384;16384;measure;36.873;3.91735;0;
4;48;16384;16384;measure;36.5774;3.82471;0;
4;48;16384;16384;measure;34.9822;3.26901;0;
4;48;16384;16384;measure;38.6129;3.73349;0;
4;48;16384;16384;measure;36.7783;3.59791;0;
4;48;16384;16384;measure;37.0602;3.92294;0;
4;48;16384;16384;measure;37.67;4.08481;0;
4;48;16384;16384;measure;35.288;3.44323;0;
4;48;16384;16384;measure;34.6983;3.61116;0;
4;48;16384;16384;measure;37.0734;4.81436;0;
4;48;16384;16384;measure;37.1696;3.77722;0;
4;48;16384;16384;measure;37.609;3.85717;0;
4;48;16384;16384;measure;37.6862;3.95517;0;
4;48;16384;16384;measure;36.6693;3.94896;0;
4;48;16384;16384;measure;38.0145;3.2241;0;
4;48;16384;16384;measure;36.2312;3.62503;0;
4;48;16384;16384;measure;37.3658;3.67095;0;
4;48;16384;16384;measure;36.4007;3.52252;0;
8;48;16384;16384;measure;18.1776;1.99801;0;
8;48;16384;16384;measure;18.71;1.87293;0;
8;48;16384;16384;measure;18.3725;2.15984;0;
8;48;16384;16384;measure;18.3893;1.85742;0;
8;48;16384;16384;measure;18.3994;1.99817;0;
8;48;16384;16384;measure;18.7242;1.87487;0;
8;48;16384;16384;measure;18.6413;1.91224;0;
8;48;16384;16384;measure;19.1775;1.9107;0;
8;48;16384;16384;measure;18.6942;2.13234;0;
8;48;16384;16384;measure;18.724;2.11604;0;
8;48;16384;16384;measure;17.9162;1.91723;0;
8;48;16384;16384;measure;17.9075;1.72379;0;
8;48;16384;16384;measure;18.659;1.82168;0;
8;48;16384;16384;measure;18.5522;1.71995;0;
8;48;16384;16384;measure;18.2834;2.23891;0;
8;48;16384;16384;measure;18.7271;1.84757;0;
8;48;16384;16384;measure;18.6722;1.87803;0;
8;48;16384;16384;measure;18.8416;2.16914;0;
8;48;16384;16384;measure;18.4558;2.03997;0;
8;48;16384;16384;measure;18.3024;1.70411;0;
8;48;16384;16384;measure;18.1314;1.62742;0;
8;48;16384;16384;measure;18.3723;1.59552;0;
8;48;16384;16384;measure;18.5833;2.00553;0;
8;48;16384;16384;measure;18.5744;1.85494;0;
8;48;16384;16384;measure;18.3494;1.99922;0;
8;48;16384;16384;measure;18.1156;1.73273;0;
8;48;16384;16384;measure;19.1292;1.88736;0;
8;48;16384;16384;measure;17.9826;2.13536;0;
8;48;16384;16384;measure;18.1279;2.08758;0;
8;48;16384;16384;measure;18.4468;2.1848;0;
8;48;16384;16384;measure;19.0847;1.95627;0;
8;48;16384;16384;measure;18.9555;1.86325;0;
8;48;16384;16384;measure;18.5897;2.05622;0;
8;48;16384;16384;measure;19.0451;1.87971;0;
8;48;16384;16384;measure;17.8643;1.80031;0;
8;48;16384;16384;measure;18.892;1.91285;0;
8;48;16384;16384;measure;18.1014;1.93695;0;
8;48;16384;16384;measure;18.6517;2.04084;0;
8;48;16384;16384;measure;18.5507;2.083;0;
8;48;16384;16384;measure;18.0482;2.05392;0;
8;48;16384;16384;measure;18.7126;2.15048;0;
8;48;16384;16384;measure;18.3076;1.63991;0;
8;48;16384;16384;measure;18.5316;1.77618;0;
8;48;16384;16384;measure;18.1845;2.04345;0;
8;48;16384;16384;measure;17.5214;1.62382;0;
8;48;16384;16384;measure;18.1297;1.75068;0;
8;48;16384;16384;measure;18.2456;2.19792;0;
8;48;16384;16384;measure;18.5195;2.12822;0;
8;48;16384;16384;measure;18.234;1.89802;0;
8;48;16384;16384;measure;18.6633;2.06266;0;
16;48;16384;16384;measure;13.843;1.15526;0;
16;48;16384;16384;measure;13.7742;1.11145;0;
16;48;16384;16384;measure;12.5365;1.04396;0;
16;48;16384;16384;measure;13.1482;1.08676;0;
16;48;16384;16384;measure;13.186;1.10152;0;
16;48;16384;16384;measure;13.4033;1.13275;0;
16;48;16384;16384;measure;12.2467;1.12337;0;
16;48;16384;16384;measure;13.1294;1.13468;0;
16;48;16384;16384;measure;12.8226;1.22085;0;
16;48;16384;16384;measure;12.8318;1.12631;0;
16;48;16384;16384;measure;13.0608;1.10926;0;
16;48;16384;16384;measure;12.4433;1.04764;0;
16;48;16384;16384;measure;13.4518;1.09538;0;
16;48;16384;16384;measure;13.7422;1.1441;0;
16;48;16384;16384;measure;12.5297;1.17537;0;
16;48;16384;16384;measure;14.2002;1.11933;0;
16;48;16384;16384;measure;13.4261;1.18636;0;
16;48;16384;16384;measure;12.6655;1.10748;0;
16;48;16384;16384;measure;13.2868;1.01621;0;
16;48;16384;16384;measure;12.7847;1.10952;0;
16;48;16384;16384;measure;13.1262;1.01743;0;
16;48;16384;16384;measure;13.0062;1.19854;0;
16;48;16384;16384;measure;12.6412;1.16066;0;
16;48;16384;16384;measure;13.5563;1.22581;0;
16;48;16384;16384;measure;13.4849;1.20654;0;
16;48;16384;16384;measure;13.0671;1.16796;0;
16;48;16384;16384;measure;12.4242;1.13627;0;
16;48;16384;16384;measure;13.9445;1.18127;0;
16;48;16384;16384;measure;12.7495;1.17142;0;
16;48;16384;16384;measure;13.0206;1.17774;0;
16;48;16384;16384;measure;13.3094;1.0509;0;
16;48;16384;16384;measure;12.7893;1.05558;0;
16;48;16384;16384;measure;13.3713;1.08388;0;
16;48;16384;16384;measure;12.4255;1.09996;0;
16;48;16384;16384;measure;13.7585;1.21326;0;
16;48;16384;16384;measure;12.5091;1.09816;0;
16;48;16384;16384;measure;13.2421;1.13715;0;
16;48;16384;16384;measure;14.2353;1.15078;0;
16;48;16384;16384;measure;14.0631;1.20463;0;
16;48;16384;16384;measure;13.8247;1.16888;0;
16;48;16384;16384;measure;13.0809;1.04493;0;
16;48;16384;16384;measure;13.1919;1.17639;0;
16;48;16384;16384;measure;13.2007;1.08128;0;
16;48;16384;16384;measure;12.7981;1.17511;0;
16;48;16384;16384;measure;13.9781;1.12098;0;
16;48;16384;16384;measure;13.4147;1.07615;0;
16;48;16384;16384;measure;13.4954;1.21139;0;
16;48;16384;16384;measure;13.3297;1.19129;0;
16;48;16384;16384;measure;12.5711;1.15318;0;
16;48;16384;16384;measure;13.2766;1.09871;0;

