n_ranks;n_threads;n_x;n_y;plan;planning;fftw_2d_r2c;plan_flops;
1;48;16384;16384;measure;19.876;0.128172;1.22804e+10;
1;48;16384;16384;measure;15.3904;0.166491;1.23462e+10;
1;48;16384;16384;measure;16.2409;0.164691;1.23462e+10;
1;48;16384;16384;measure;19.3204;0.229376;1.2363e+10;
1;48;16384;16384;measure;18.5387;0.217584;1.2231e+10;
1;48;16384;16384;measure;22.4976;0.172875;1.2231e+10;
1;48;16384;16384;measure;23.6964;0.163498;1.22187e+10;
1;48;16384;16384;measure;20.2214;0.204056;1.2231e+10;
1;48;16384;16384;measure;23.4205;0.141317;1.23998e+10;
1;48;16384;16384;measure;21.9197;0.197328;1.2231e+10;
1;48;16384;16384;measure;22.5886;0.161649;1.23462e+10;
1;48;16384;16384;measure;28.6427;0.159125;1.23462e+10;
1;48;16384;16384;measure;20.7017;0.212898;1.23657e+10;
1;48;16384;16384;measure;22.961;0.176338;1.24172e+10;
1;48;16384;16384;measure;23.3879;0.191275;1.2231e+10;
1;48;16384;16384;measure;14.825;0.202294;1.2231e+10;
1;48;16384;16384;measure;17.7723;0.213349;1.23462e+10;
1;48;16384;16384;measure;18.8636;0.125737;1.22804e+10;
1;48;16384;16384;measure;19.1144;0.207596;1.23504e+10;
1;48;16384;16384;measure;17.6047;0.220157;1.2231e+10;
1;48;16384;16384;measure;18.0816;0.233519;1.24943e+10;
1;48;16384;16384;measure;17.9379;0.166085;1.24361e+10;
1;48;16384;16384;measure;15.6535;0.189518;1.23462e+10;
1;48;16384;16384;measure;15.8412;0.256733;1.22804e+10;
1;48;16384;16384;measure;15.2634;0.176332;1.24361e+10;
1;48;16384;16384;measure;20.522;0.233228;1.23462e+10;
1;48;16384;16384;measure;16.43;0.132045;1.2412e+10;
1;48;16384;16384;measure;14.8129;0.177234;1.23462e+10;
1;48;16384;16384;measure;18.5953;0.196675;1.23462e+10;
1;48;16384;16384;measure;20.3993;0.125868;1.22874e+10;
1;48;16384;16384;measure;19.4975;0.16953;1.23462e+10;
1;48;16384;16384;measure;20.7035;0.219267;1.2231e+10;
1;48;16384;16384;measure;15.2599;0.127465;1.16053e+10;
1;48;16384;16384;measure;19.724;0.134508;1.22971e+10;
1;48;16384;16384;measure;22.1373;0.12654;1.22804e+10;
1;48;16384;16384;measure;27.2108;0.217157;1.2431e+10;
1;48;16384;16384;measure;15.8984;0.127584;1.22804e+10;
1;48;16384;16384;measure;27.0338;0.248187;1.2231e+10;
1;48;16384;16384;measure;17.0996;0.22264;1.23462e+10;
1;48;16384;16384;measure;16.5631;0.187574;1.2238e+10;
1;48;16384;16384;measure;15.56;0.134869;1.2231e+10;
1;48;16384;16384;measure;24.9192;0.126858;1.22804e+10;
1;48;16384;16384;measure;16.441;0.215669;1.22187e+10;
1;48;16384;16384;measure;22.5527;0.184272;1.25108e+10;
1;48;16384;16384;measure;23.4859;0.516178;1.23158e+10;
1;48;16384;16384;measure;15.3125;0.228758;1.2231e+10;
1;48;16384;16384;measure;20.219;0.184401;1.2231e+10;
1;48;16384;16384;measure;15.7778;0.124578;1.22971e+10;
1;48;16384;16384;measure;22.9385;0.177082;1.2231e+10;
1;48;16384;16384;measure;24.0213;0.127939;1.22804e+10;
2;48;16384;16384;measure;48.3602;4.49809;0;
2;48;16384;16384;measure;48.4454;20.8477;0;
2;48;16384;16384;measure;52.2393;40.2001;0;
2;48;16384;16384;measure;46.5631;4.25443;0;
2;48;16384;16384;measure;46.3327;20.2183;0;
2;48;16384;16384;measure;54.819;9.28245;0;
2;48;16384;16384;measure;45.2265;3.91077;0;
2;48;16384;16384;measure;47.16;8.43834;0;
2;48;16384;16384;measure;50.828;26.9196;0;
2;48;16384;16384;measure;49.3753;3.61955;0;
2;48;16384;16384;measure;47.1406;17.7727;0;
2;48;16384;16384;measure;50.8578;18.1601;0;
2;48;16384;16384;measure;51.0801;3.74434;0;
2;48;16384;16384;measure;46.7887;19.7906;0;
2;48;16384;16384;measure;52.6409;3.83391;0;
2;48;16384;16384;measure;53.8967;28.1364;0;
2;48;16384;16384;measure;55.0535;16.7339;0;
2;48;16384;16384;measure;46.6905;18.55;0;
2;48;16384;16384;measure;52.9488;16.1836;0;
2;48;16384;16384;measure;62.085;9.84565;0;
2;48;16384;16384;measure;48.886;4.70738;0;
2;48;16384;16384;measure;50.6612;3.65785;0;
2;48;16384;16384;measure;44.3185;23.3865;0;
2;48;16384;16384;measure;51.3271;7.01952;0;
2;48;16384;16384;measure;45.7299;36.8994;0;
2;48;16384;16384;measure;45.5327;3.67872;0;
2;48;16384;16384;measure;51.7002;3.59402;0;
2;48;16384;16384;measure;50.242;3.59152;0;
2;48;16384;16384;measure;53.1874;16.1477;0;
2;48;16384;16384;measure;49.8305;13.9171;0;
2;48;16384;16384;measure;46.272;13.1747;0;
2;48;16384;16384;measure;48.2839;3.58324;0;
2;48;16384;16384;measure;53.4287;4.59907;0;
2;48;16384;16384;measure;49.3042;18.7966;0;
2;48;16384;16384;measure;45.9201;9.88497;0;
2;48;16384;16384;measure;51.2437;4.02026;0;
2;48;16384;16384;measure;47.8549;10.6288;0;
2;48;16384;16384;measure;46.9372;11.0752;0;
2;48;16384;16384;measure;51.3773;4.53201;0;
2;48;16384;16384;measure;49.1393;7.16392;0;
2;48;16384;16384;measure;46.3857;8.82099;0;
2;48;16384;16384;measure;49.6937;11.9871;0;
2;48;16384;16384;measure;54.7352;22.2389;0;
2;48;16384;16384;measure;52.6466;3.73752;0;
2;48;16384;16384;measure;49.0457;30.502;0;
2;48;16384;16384;measure;47.5025;26.1854;0;
2;48;16384;16384;measure;75.2731;4.53036;0;
2;48;16384;16384;measure;46.4225;3.62189;0;
2;48;16384;16384;measure;48.1308;37.1939;0;
2;48;16384;16384;measure;58.05;3.66699;0;
4;48;16384;16384;measure;34.3695;16.5904;0;
4;48;16384;16384;measure;34.3725;24.2034;0;
4;48;16384;16384;measure;40.5056;13.8572;0;
4;48;16384;16384;measure;30.8116;2.86409;0;
4;48;16384;16384;measure;30.7899;34.8773;0;
4;48;16384;16384;measure;35.319;2.72563;0;
4;48;16384;16384;measure;32.9008;4.91722;0;
4;48;16384;16384;measure;36.662;15.4215;0;
4;48;16384;16384;measure;32.5631;12.8037;0;
4;48;16384;16384;measure;35.7318;22.8892;0;
4;48;16384;16384;measure;29.9045;11.1323;0;
4;48;16384;16384;measure;29.7373;2.62945;0;
4;48;16384;16384;measure;30.3974;7.38393;0;
4;48;16384;16384;measure;31.4677;3.98516;0;
4;48;16384;16384;measure;30.4512;2.34685;0;
4;48;16384;16384;measure;47.5063;8.62123;0;
4;48;16384;16384;measure;30.0178;3.41361;0;
4;48;16384;16384;measure;35.3903;10.1362;0;
4;48;16384;16384;measure;35.6683;13.9588;0;
4;48;16384;16384;measure;29.6788;12.804;0;
4;48;16384;16384;measure;32.9001;12.1812;0;
4;48;16384;16384;measure;37.1203;19.7832;0;
4;48;16384;16384;measure;34.2253;32.0467;0;
4;48;16384;16384;measure;29.7425;2.80966;0;
4;48;16384;16384;measure;35.2915;19.3059;0;
4;48;16384;16384;measure;29.3476;3.2402;0;
4;48;16384;16384;measure;81.325;36.5428;0;
4;48;16384;16384;measure;35.5226;5.88915;0;
4;48;16384;16384;measure;33.0049;2.78791;0;
4;48;16384;16384;measure;46.5681;11.8546;0;
4;48;16384;16384;measure;46.2554;19.6993;0;
4;48;16384;16384;measure;32.2283;3.44933;0;
4;48;16384;16384;measure;36.5875;5.28803;0;
4;48;16384;16384;measure;39.8687;12.3209;0;
4;48;16384;16384;measure;29.5144;2.78476;0;
4;48;16384;16384;measure;28.3178;5.09954;0;
4;48;16384;16384;measure;28.968;7.69472;0;
4;48;16384;16384;measure;30.2055;6.80871;0;
4;48;16384;16384;measure;35.0229;5.79831;0;
4;48;16384;16384;measure;38.3927;11.2615;0;
4;48;16384;16384;measure;31.6696;28.8745;0;
4;48;16384;16384;measure;29.7383;4.29284;0;
4;48;16384;16384;measure;30.834;2.9474;0;
4;48;16384;16384;measure;32.8235;9.05216;0;
4;48;16384;16384;measure;30.2291;2.7112;0;
4;48;16384;16384;measure;30.1945;3.52479;0;
4;48;16384;16384;measure;38.2671;31.7267;0;
4;48;16384;16384;measure;31.4376;2.61052;0;
4;48;16384;16384;measure;35.6096;7.44262;0;
4;48;16384;16384;measure;38.5151;4.46826;0;
8;48;16384;16384;measure;20.8583;4.92847;0;
8;48;16384;16384;measure;17.5799;8.49137;0;
8;48;16384;16384;measure;25.2213;14.4507;0;
8;48;16384;16384;measure;42.1187;17.0724;0;
8;48;16384;16384;measure;25.4203;20.0469;0;
8;48;16384;16384;measure;19.7686;7.15603;0;
8;48;16384;16384;measure;21.5212;3.19935;0;
8;48;16384;16384;measure;18.982;2.1622;0;
8;48;16384;16384;measure;19.833;11.8792;0;
8;48;16384;16384;measure;19.5088;1.9199;0;
8;48;16384;16384;measure;19.4581;1.80797;0;
8;48;16384;16384;measure;34.6737;9.32686;0;
8;48;16384;16384;measure;26.6655;21.9663;0;
8;48;16384;16384;measure;29.2807;26.3389;0;
8;48;16384;16384;measure;26.1705;4.11823;0;
8;48;16384;16384;measure;21.163;2.49142;0;
8;48;16384;16384;measure;22.1916;13.7215;0;
8;48;16384;16384;measure;20.951;5.44361;0;
8;48;16384;16384;measure;27.9554;43.9147;0;
8;48;16384;16384;measure;30.2113;1.88738;0;
8;48;16384;16384;measure;20.5508;1.90294;0;
8;48;16384;16384;measure;23.0717;1.89176;0;
8;48;16384;16384;measure;18.7987;13.9242;0;
8;48;16384;16384;measure;23.0929;4.24081;0;
8;48;16384;16384;measure;20.1572;2.00625;0;
8;48;16384;16384;measure;22.7656;3.97872;0;
8;48;16384;16384;measure;33.1386;3.1406;0;
8;48;16384;16384;measure;17.2843;2.03184;0;
8;48;16384;16384;measure;19.179;2.29931;0;
8;48;16384;16384;measure;20.4098;11.4528;0;
8;48;16384;16384;measure;23.9848;2.00879;0;
8;48;16384;16384;measure;20.5002;2.40418;0;
8;48;16384;16384;measure;18.2459;2.36274;0;
8;48;16384;16384;measure;20.4219;2.07369;0;
8;48;16384;16384;measure;24.2427;2.22231;0;
8;48;16384;16384;measure;24.3353;5.23684;0;
8;48;16384;16384;measure;25.7804;2.21875;0;
8;48;16384;16384;measure;18.8064;11.7813;0;
8;48;16384;16384;measure;16.7185;19.7404;0;
8;48;16384;16384;measure;21.2452;8.93882;0;
8;48;16384;16384;measure;33.3586;4.30327;0;
8;48;16384;16384;measure;29.7425;1.92657;0;
8;48;16384;16384;measure;23.848;2.14157;0;
8;48;16384;16384;measure;21.5142;5.88541;0;
8;48;16384;16384;measure;22.3082;6.67287;0;
8;48;16384;16384;measure;15.3608;4.42351;0;
8;48;16384;16384;measure;22.5538;6.71344;0;
8;48;16384;16384;measure;19.4448;17.6493;0;
8;48;16384;16384;measure;16.578;16.8585;0;
8;48;16384;16384;measure;29.667;4.98978;0;
16;48;16384;16384;measure;10.8566;4.03217;0;
16;48;16384;16384;measure;13.6307;2.08462;0;
16;48;16384;16384;measure;11.9201;1.10106;0;
16;48;16384;16384;measure;15.4053;2.13492;0;
16;48;16384;16384;measure;13.3681;2.75652;0;
16;48;16384;16384;measure;13.81;1.22174;0;
16;48;16384;16384;measure;13.959;3.10375;0;
16;48;16384;16384;measure;16.2624;11.2031;0;
16;48;16384;16384;measure;48.9492;12.9678;0;
16;48;16384;16384;measure;11.9173;1.5809;0;
16;48;16384;16384;measure;13.7955;1.55351;0;
16;48;16384;16384;measure;15.0889;3.04012;0;
16;48;16384;16384;measure;16.602;7.70932;0;
16;48;16384;16384;measure;15.7981;25.1497;0;
16;48;16384;16384;measure;10.8808;3.54276;0;
16;48;16384;16384;measure;18.3049;1.06124;0;
16;48;16384;16384;measure;12.1448;1.12817;0;
16;48;16384;16384;measure;13.0856;4.92664;0;
16;48;16384;16384;measure;15.6316;0.890325;0;
16;48;16384;16384;measure;20.6233;2.97451;0;
16;48;16384;16384;measure;14.905;7.96904;0;
16;48;16384;16384;measure;14.2924;12.3358;0;
16;48;16384;16384;measure;16.3083;17.4556;0;
16;48;16384;16384;measure;14.1933;1.13876;0;
16;48;16384;16384;measure;15.8798;3.87061;0;
16;48;16384;16384;measure;11.6086;0.911867;0;
16;48;16384;16384;measure;18.5499;1.85287;0;
16;48;16384;16384;measure;16.87;1.39398;0;
16;48;16384;16384;measure;25.8751;12.9525;0;
16;48;16384;16384;measure;15.3099;2.0231;0;
16;48;16384;16384;measure;19.0659;1.22321;0;
16;48;16384;16384;measure;19.9019;3.53729;0;
16;48;16384;16384;measure;30.2379;2.85361;0;
16;48;16384;16384;measure;15.039;3.06894;0;
16;48;16384;16384;measure;12.9404;6.37024;0;
16;48;16384;16384;measure;19.5812;19.9789;0;
16;48;16384;16384;measure;11.8805;23.8601;0;
16;48;16384;16384;measure;12.7725;0.854594;0;
16;48;16384;16384;measure;17.0085;33.4596;0;
16;48;16384;16384;measure;13.9135;2.16383;0;
16;48;16384;16384;measure;13.8982;1.1632;0;
16;48;16384;16384;measure;21.3849;1.4528;0;
16;48;16384;16384;measure;13.2186;3.90145;0;
16;48;16384;16384;measure;16.4305;7.40761;0;
16;48;16384;16384;measure;21.4576;1.07779;0;
16;48;16384;16384;measure;15.4794;12.4783;0;
16;48;16384;16384;measure;18.5159;2.95895;0;
16;48;16384;16384;measure;15.8601;2.91795;0;
16;48;16384;16384;measure;11.4098;7.26639;0;
16;48;16384;16384;measure;19.2868;2.83464;0;


