n_threads;n_x;n_y;plan;comm_flag;total;initialization;fft_2d_total;first_fftw;first_split;first_comm;first_trans;second_fftw;second_split;second_comm;second_trans;
48;16384;16384;measure;scatter;3.16748;2.65213;0.515324;0.0523299;0.0572059;0.000231295;0.122031;0.0409129;0.0566021;0.135326;0.0506844;
48;16384;16384;measure;scatter;3.13481;2.60817;0.526616;0.0523644;0.055479;0.00026643;0.122214;0.0545418;0.0573323;0.13367;0.0507487;
48;16384;16384;measure;scatter;3.14438;2.60532;0.539038;0.0528662;0.0570866;0.000237296;0.147706;0.0414518;0.056036;0.133058;0.0505962;
48;16384;16384;measure;scatter;3.13682;2.59449;0.542311;0.0527882;0.0574603;0.000257403;0.138394;0.0525789;0.0550591;0.135286;0.0504877;
48;16384;16384;measure;scatter;3.17823;2.62239;0.555818;0.0533248;0.0557024;0.000248066;0.153743;0.0514176;0.0564109;0.133728;0.0512427;
48;16384;16384;measure;scatter;3.09405;2.62252;0.471506;0.0513096;0.0577438;0.000270348;0.0659204;0.0538778;0.0576768;0.134032;0.050675;
48;16384;16384;measure;scatter;3.14854;2.62828;0.520234;0.0528025;0.0556507;0.000258857;0.119172;0.0511533;0.0556103;0.134299;0.051287;
48;16384;16384;measure;scatter;3.1815;2.60844;0.573038;0.0567201;0.0574159;0.000251934;0.161608;0.0543367;0.05605;0.133782;0.0528733;
48;16384;16384;measure;scatter;3.17627;2.61018;0.566073;0.0528452;0.0571643;0.000276479;0.154637;0.0594774;0.0558662;0.134266;0.05154;
48;16384;16384;measure;scatter;3.1378;2.60361;0.534169;0.0531641;0.057162;0.000208521;0.142361;0.0414304;0.0558367;0.133134;0.0508714;
48;16384;16384;measure;scatter;3.16853;2.62074;0.54777;0.0589271;0.0570534;0.000262723;0.140349;0.0488491;0.0554351;0.135367;0.051527;
48;16384;16384;measure;scatter;3.14696;2.60278;0.544155;0.0528508;0.0576201;0.00021834;0.150358;0.0415947;0.0564574;0.133194;0.0518614;
48;16384;16384;measure;scatter;3.18263;2.62671;0.555891;0.052682;0.0553585;0.000233138;0.15402;0.0527255;0.0553674;0.134662;0.0508421;
48;16384;16384;measure;scatter;3.09453;2.61544;0.479073;0.0613427;0.0569899;0.000257914;0.0669999;0.0523455;0.0559249;0.134239;0.0509735;
48;16384;16384;measure;scatter;3.15695;2.61717;0.539761;0.0626017;0.0569015;0.00026101;0.124316;0.0536348;0.0562624;0.134421;0.0513622;
48;16384;16384;measure;scatter;3.09241;2.62888;0.463503;0.0488867;0.0556767;0.000259929;0.0613305;0.0525612;0.0573471;0.136555;0.0508856;
48;16384;16384;measure;scatter;3.17852;2.62623;0.552257;0.052228;0.0579198;0.000259517;0.153833;0.0483714;0.0553303;0.134115;0.0501996;
48;16384;16384;measure;scatter;3.16795;2.63001;0.537912;0.0529195;0.0572929;0.0002502;0.137093;0.0506973;0.0545577;0.13358;0.0515219;
48;16384;16384;measure;scatter;3.15112;2.6149;0.536199;0.0566104;0.0555646;0.000220505;0.130932;0.0500393;0.0551913;0.13452;0.0531204;
48;16384;16384;measure;scatter;3.17718;2.63275;0.544409;0.0498221;0.0576542;0.000293321;0.137922;0.0508944;0.0562516;0.140081;0.0514911;
48;16384;16384;measure;scatter;3.19769;2.62818;0.56949;0.0551423;0.0571033;0.000264527;0.167679;0.0491803;0.0553292;0.133985;0.0508059;
48;16384;16384;measure;scatter;3.15609;2.61429;0.541783;0.0512256;0.0572052;0.0002716;0.151003;0.0418273;0.0546356;0.134822;0.0507922;
48;16384;16384;measure;scatter;3.1629;2.60862;0.554251;0.0528682;0.0571929;0.000248597;0.151352;0.0517935;0.0556342;0.133522;0.0516406;
48;16384;16384;measure;scatter;3.19664;2.63749;0.559118;0.0533199;0.0582602;0.000263565;0.135389;0.0536056;0.0741499;0.133668;0.0504628;
48;16384;16384;measure;scatter;3.16496;2.62296;0.541974;0.0601067;0.0561165;0.000242205;0.128625;0.0537193;0.0569787;0.134751;0.0514352;
48;16384;16384;measure;scatter;3.4788;2.62504;0.853729;0.0847884;0.102046;0.000263307;0.193589;0.0982301;0.113091;0.118059;0.143662;
48;16384;16384;measure;scatter;3.16143;2.62494;0.536474;0.0527486;0.0577018;0.00027676;0.144387;0.0414028;0.0558763;0.133587;0.050494;
48;16384;16384;measure;scatter;3.15703;2.61352;0.543489;0.0536489;0.0578674;0.000261642;0.132905;0.0485178;0.0566187;0.141891;0.0517792;
48;16384;16384;measure;scatter;3.18055;2.62466;0.555866;0.0527304;0.0560224;0.000263235;0.154003;0.0529892;0.0554535;0.13334;0.0510647;
48;16384;16384;measure;scatter;3.18162;2.63758;0.544014;0.0526577;0.0570364;0.000243368;0.141355;0.0504688;0.0562766;0.134962;0.0510134;
48;16384;16384;measure;scatter;3.17179;2.63421;0.537553;0.0545709;0.0565005;0.000276309;0.134943;0.0489829;0.0568707;0.134386;0.0510225;
48;16384;16384;measure;scatter;3.15821;2.62347;0.534717;0.0523688;0.0571239;0.000236775;0.135441;0.0483906;0.0568868;0.133474;0.0507955;
48;16384;16384;measure;scatter;3.16786;2.6256;0.542232;0.0530157;0.0556216;0.000258555;0.15092;0.0411009;0.0557934;0.134986;0.050536;
48;16384;16384;measure;scatter;3.17335;2.6276;0.545725;0.0519996;0.0578444;0.000264516;0.139152;0.0536115;0.0564736;0.133756;0.0526241;
48;16384;16384;measure;scatter;3.13918;2.6088;0.530353;0.0519647;0.0555022;0.000267783;0.139867;0.0414064;0.0552274;0.134717;0.0514004;
48;16384;16384;measure;scatter;3.18844;2.62669;0.561732;0.0544631;0.0577529;0.000284965;0.156661;0.0522819;0.056066;0.134048;0.050173;
48;16384;16384;measure;scatter;3.1553;2.62499;0.530286;0.052463;0.0571157;0.000261261;0.129387;0.0504568;0.0566507;0.13366;0.0502919;
48;16384;16384;measure;scatter;3.1704;2.62378;0.546595;0.0524283;0.0558015;0.000257333;0.144838;0.0529632;0.0559903;0.133779;0.0505382;
48;16384;16384;measure;scatter;3.15432;2.62111;0.53319;0.0523823;0.0573288;0.000282971;0.142691;0.0409546;0.055248;0.133672;0.0506301;
48;16384;16384;measure;scatter;3.15113;2.62815;0.522949;0.0452068;0.057411;0.000276149;0.132804;0.0425494;0.0569041;0.136569;0.0512284;
48;16384;16384;measure;scatter;3.16901;2.63267;0.536315;0.0535115;0.0554839;0.000248767;0.142865;0.0412988;0.0565906;0.13558;0.0507361;
48;16384;16384;measure;scatter;3.19113;2.62469;0.566419;0.0520729;0.0560227;0.000261321;0.167294;0.0512128;0.0552809;0.133687;0.0505863;
48;16384;16384;measure;scatter;3.1676;2.62179;0.545786;0.0534694;0.0572988;0.000295385;0.15314;0.040753;0.0570805;0.133305;0.0504437;
48;16384;16384;measure;scatter;3.1864;2.62861;0.557766;0.0523518;0.0574106;0.00027159;0.157102;0.0488234;0.0560897;0.136065;0.0496519;
48;16384;16384;measure;scatter;3.17643;2.64379;0.532618;0.0524712;0.0574738;0.000244159;0.141337;0.0412641;0.0548655;0.133453;0.0515096;
48;16384;16384;measure;scatter;3.20006;2.62893;0.571106;0.053367;0.0591455;0.000216787;0.17506;0.0421647;0.0548817;0.134166;0.0521045;
48;16384;16384;measure;scatter;3.21087;2.62846;0.58239;0.0528458;0.0576702;0.000267212;0.181419;0.0506176;0.0561941;0.132959;0.0504175;
48;16384;16384;measure;scatter;3.1716;2.6261;0.54548;0.052981;0.0570872;0.000281409;0.142434;0.0522234;0.0549162;0.13519;0.0503676;
48;16384;16384;measure;scatter;3.1812;2.63704;0.544138;0.0523793;0.0575028;0.000265318;0.143666;0.0475106;0.0560358;0.135997;0.0507813;
48;16384;16384;measure;scatter;3.18014;2.63454;0.545577;0.0522978;0.0553827;0.000243458;0.143512;0.050233;0.0563033;0.136557;0.0510479;
48;16384;16384;measure;scatter;11.846;1.66646;10.1795;0.0411447;0.04157;3.52137;0.0659502;0.0390666;0.0888415;6.31679;0.0647358;
48;16384;16384;measure;scatter;11.8327;1.65182;10.1809;0.0410044;0.0492065;4.79625;0.0679096;0.043029;0.145123;4.99242;0.0459678;
48;16384;16384;measure;scatter;10.3489;1.65676;8.6921;0.0407363;0.0333473;3.59394;0.0414687;0.0307766;0.0807821;4.81191;0.0591399;
48;16384;16384;measure;scatter;10.9859;1.6524;9.33344;0.041662;0.0412936;4.76869;0.0668299;0.0389673;0.15877;4.17409;0.0431371;
48;16384;16384;measure;scatter;11.8576;1.63601;10.2215;0.0407733;0.0497242;3.11868;0.0409876;0.0307931;0.0779289;6.79872;0.0639312;
48;16384;16384;measure;scatter;10.3696;1.65442;8.71508;0.0419497;0.0489554;4.843;0.0685255;0.0481961;0.15217;3.46119;0.0510867;
48;16384;16384;measure;scatter;10.4725;1.6568;8.81567;0.0409141;0.0329834;5.20012;0.0639011;0.0395462;0.139051;3.23814;0.0610209;
48;16384;16384;measure;scatter;11.1992;1.63832;9.56078;0.0408365;0.0368187;3.87261;0.06437;0.0382193;0.126739;5.32342;0.0577663;
48;16384;16384;measure;scatter;12.105;1.64075;10.4643;0.0414272;0.0504109;3.94036;0.0613859;0.0434191;0.102068;6.16942;0.0557651;
48;16384;16384;measure;scatter;12.4388;1.63511;10.8036;0.0412938;0.0415386;4.86348;0.0647509;0.0389585;0.150528;5.53771;0.0653534;
48;16384;16384;measure;scatter;11.9454;1.63198;10.3134;0.0416697;0.0368278;3.54867;0.0681414;0.0490299;0.0816083;6.44012;0.0472882;
48;16384;16384;measure;scatter;10.8281;1.64566;9.18242;0.0415538;0.0504687;4.82862;0.0674232;0.0434344;0.145585;3.94435;0.0609976;
48;16384;16384;measure;scatter;10.1945;1.66112;8.5334;0.0259162;0.0300688;3.44097;0.0480525;0.0311134;0.0814771;4.82912;0.0466818;
48;16384;16384;measure;scatter;8.91411;1.66084;7.25323;0.0416405;0.0508276;4.67148;0.0433483;0.0389312;0.126399;2.23082;0.0497869;
48;16384;16384;measure;scatter;10.026;1.65277;8.37325;0.0414982;0.0314763;4.23667;0.0447824;0.0391352;0.145195;3.77661;0.0578803;
48;16384;16384;measure;scatter;13.3838;1.66929;11.7145;0.0411555;0.0421716;4.42986;0.0463024;0.0330318;0.159261;6.90587;0.0568676;
48;16384;16384;measure;scatter;11.1926;1.65144;9.54109;0.0411595;0.0476793;5.16444;0.0583551;0.0393571;0.154141;3.97502;0.0609398;
48;16384;16384;measure;scatter;11.4727;1.63626;9.83642;0.0418434;0.041576;3.7287;0.0426316;0.0324087;0.0806115;5.82309;0.0455672;
48;16384;16384;measure;scatter;10.6636;1.63212;9.03147;0.0411689;0.0422175;5.00265;0.0685278;0.0434596;0.160075;3.62619;0.0471822;
48;16384;16384;measure;scatter;11.0744;1.63165;9.4427;0.0411243;0.0509063;4.73512;0.0427109;0.0467611;0.157755;4.30394;0.0643816;
48;16384;16384;measure;scatter;9.8233;1.6411;8.18218;0.0537366;0.0471946;4.61569;0.0509767;0.0351363;0.155226;3.17282;0.0514016;
48;16384;16384;measure;scatter;10.6431;1.57764;9.06541;0.0409337;0.173952;2.94666;0.0434447;0.0364015;0.0844272;5.68931;0.0502806;
48;16384;16384;measure;scatter;10.4096;1.62943;8.78004;0.0417318;0.0377702;4.23191;0.042725;0.0356853;0.165638;4.16719;0.0573892;
48;16384;16384;measure;scatter;12.2879;1.63148;10.6564;0.0414631;0.0330885;4.2165;0.0645863;0.0392132;0.161007;6.0418;0.0587469;
48;16384;16384;measure;scatter;13.2999;1.63267;11.6672;0.0411547;0.0492463;4.87376;0.0653254;0.0474498;0.165494;6.37765;0.0471099;
48;16384;16384;measure;scatter;11.6587;1.62873;10.0299;0.0414672;0.0482297;4.62834;0.0633119;0.056074;0.119852;5.01472;0.0579433;
48;16384;16384;measure;scatter;12.9706;2.20369;10.7669;0.319868;0.0524942;4.99948;0.0662136;0.0795352;0.28337;4.91853;0.0473767;
48;16384;16384;measure;scatter;13.2823;1.6393;11.6429;0.041316;0.0412635;4.98775;0.0661067;0.0547157;0.157739;6.24672;0.0473163;
48;16384;16384;measure;scatter;10.8049;1.64001;9.16486;0.0409448;0.0335933;4.85146;0.0419781;0.0500235;0.146165;3.94289;0.0578021;
48;16384;16384;measure;scatter;9.91485;1.65782;8.25701;0.0410975;0.0508345;4.19821;0.0675743;0.0393968;0.133795;3.66606;0.0600412;
48;16384;16384;measure;scatter;11.4165;1.64328;9.7732;0.0412704;0.034675;3.59384;0.0640255;0.0469358;0.0838914;5.85035;0.0582095;
48;16384;16384;measure;scatter;10.9324;1.65114;9.2812;0.0411404;0.0481977;4.959;0.0674345;0.044862;0.160527;3.91303;0.0470014;
48;16384;16384;measure;scatter;13.295;1.65747;11.6374;0.0412414;0.0474283;4.75897;0.0438163;0.033355;0.153554;6.49755;0.0615188;
48;16384;16384;measure;scatter;10.6589;1.67024;8.98862;0.0409324;0.0420391;4.70267;0.0540055;0.0358317;0.163374;3.89236;0.0574137;
48;16384;16384;measure;scatter;13.065;1.65655;11.4084;0.0418412;0.0468377;4.25667;0.0442371;0.0323355;0.161043;6.76951;0.0559217;
48;16384;16384;measure;scatter;11.5761;1.65377;9.9223;0.0412574;0.0479897;3.74171;0.0668709;0.0392455;0.0880665;5.84819;0.0489704;
48;16384;16384;measure;scatter;10.9225;1.64879;9.27358;0.0414221;0.0421004;4.74459;0.0658334;0.0436781;0.167779;4.11075;0.0574255;
48;16384;16384;measure;scatter;10.3219;1.65561;8.66629;0.041126;0.0358339;4.6732;0.0680175;0.0392001;0.1469;3.60902;0.0529917;
48;16384;16384;measure;scatter;10.3414;1.66353;8.67789;0.0250723;0.0296098;3.6066;0.0437343;0.0272416;0.0789281;4.8179;0.0488001;
48;16384;16384;measure;scatter;11.9919;1.67208;10.3197;0.0279215;0.0361486;2.26487;0.0634884;0.0393788;0.0376275;7.79894;0.0513719;
48;16384;16384;measure;scatter;10.9218;1.6446;9.27713;0.0411938;0.0420734;3.50448;0.0669428;0.0386791;0.0881105;5.43295;0.0626987;
48;16384;16384;measure;scatter;9.36303;1.64338;7.71963;0.0537037;0.0493261;4.37617;0.0655578;0.038947;0.160258;2.92814;0.0475321;
48;16384;16384;measure;scatter;10.2574;1.63729;8.62002;0.0581496;0.0328265;4.08743;0.0419203;0.0272971;0.165727;4.14802;0.058647;
48;16384;16384;measure;scatter;8.74356;1.67525;7.06829;0.0263662;0.0305465;3.06614;0.0427483;0.0250247;0.118083;3.71493;0.044457;
48;16384;16384;measure;scatter;13.5563;1.63401;11.9222;0.0408665;0.0369538;3.33001;0.0433339;0.0254952;0.0827995;8.30271;0.0600606;
48;16384;16384;measure;scatter;10.5142;1.6356;8.8786;0.0442295;0.0427907;3.77829;0.0428095;0.0357992;0.100449;4.77571;0.0585163;
48;16384;16384;measure;scatter;10.1085;1.63181;8.47659;0.0414744;0.0363303;2.6132;0.0665948;0.0394248;0.0789275;5.54314;0.0575023;
48;16384;16384;measure;scatter;10.6469;1.6384;9.00844;0.0411196;0.0316146;4.14374;0.0430805;0.0308224;0.162913;4.49809;0.0570598;
48;16384;16384;measure;scatter;9.54619;1.63994;7.90621;0.0413042;0.0359052;3.12551;0.0499567;0.0322939;0.0467793;4.51209;0.0623784;
48;16384;16384;measure;scatter;9.39348;1.62761;7.76585;0.042009;0.051249;4.2176;0.0429453;0.0312349;0.154482;3.17811;0.0482191;
48;16384;16384;measure;scatter;7.36856;1.06779;6.30074;0.22593;0.0240126;3.13229;0.13177;0.019823;0.037525;2.67812;0.0512765;
48;16384;16384;measure;scatter;5.11118;1.28193;3.82922;0.199569;0.0322317;2.13045;0.0544968;0.0161959;0.0595972;1.28804;0.0486419;
48;16384;16384;measure;scatter;6.68166;1.31231;5.36932;0.0544802;0.190782;3.36;0.169744;0.0127826;0.0594629;1.46808;0.0539948;
48;16384;16384;measure;scatter;7.26594;1.31426;5.95165;0.0532904;0.0226215;3.33533;0.0925893;0.013657;0.0636556;2.31609;0.054413;
48;16384;16384;measure;scatter;6.15474;1.30294;4.85178;0.201228;0.0288176;2.27147;0.0988755;0.0169016;0.0582344;2.12534;0.0509034;
48;16384;16384;measure;scatter;7.44441;1.2824;6.16197;0.199531;0.0375893;2.843;0.109006;0.0166428;0.0612185;2.84191;0.0530656;
48;16384;16384;measure;scatter;6.1151;1.28743;4.82764;0.138267;0.0595709;2.22589;0.0549321;0.0147634;0.0549078;2.23241;0.0469026;
48;16384;16384;measure;scatter;7.11943;1.29763;5.82177;0.0569125;0.102038;2.1052;0.0518699;0.0145248;0.0578425;3.37557;0.0578075;
48;16384;16384;measure;scatter;6.29035;1.06524;5.22506;0.140726;0.0190994;1.78423;0.051383;0.016444;0.0324659;3.12305;0.0576663;
48;16384;16384;measure;scatter;5.89041;1.28856;4.60182;0.0663789;0.107503;2.07473;0.0614823;0.0142804;0.0590013;2.17468;0.0437585;
48;16384;16384;measure;scatter;6.09381;1.30067;4.79309;0.145864;0.0393314;2.87351;0.0990379;0.0142918;0.0575219;1.51253;0.0510045;
48;16384;16384;measure;scatter;5.34027;1.28698;4.05327;0.200835;0.0560015;1.13292;0.0609301;0.0144804;0.0572598;2.47921;0.0516343;
48;16384;16384;measure;scatter;6.12753;1.29964;4.82784;0.140206;0.0388625;3.03354;0.0546292;0.0159906;0.0587509;1.44;0.0458638;
48;16384;16384;measure;scatter;8.28779;1.28901;6.99876;0.139168;0.167426;2.07819;0.115552;0.428211;0.0540312;3.95385;0.0623337;
48;16384;16384;measure;scatter;5.32519;1.28923;4.03593;0.056222;0.128278;1.914;0.124729;0.0142308;0.0734252;1.67876;0.0462818;
48;16384;16384;measure;scatter;12.6727;1.253;11.4197;0.0287352;0.278958;5.7271;0.257719;0.0219392;0.101564;4.79211;0.211561;
48;16384;16384;measure;scatter;6.56238;1.28738;5.27498;0.0478789;0.125891;2.117;0.0595885;0.0177006;0.0505569;2.80892;0.0474446;
48;16384;16384;measure;scatter;4.81246;1.29451;3.51792;0.0520241;0.166293;1.59402;0.0487275;0.0269376;0.0513589;1.48202;0.0965424;
48;16384;16384;measure;scatter;4.54323;1.28746;3.25575;0.148698;0.0419705;1.13313;0.0539308;0.0344559;0.0579029;1.73328;0.0523834;
48;16384;16384;measure;scatter;6.33307;1.28807;5.04496;0.145227;0.0275564;2.30395;0.110644;0.0173277;0.059561;2.33376;0.0469291;
48;16384;16384;measure;scatter;6.50465;1.30546;5.19917;0.13771;0.0285422;2.54317;0.110448;0.016432;0.0592778;2.25655;0.0470472;
48;16384;16384;measure;scatter;5.94892;1.31108;4.63781;0.190358;0.0812898;2.46548;0.115583;0.0135404;0.0539141;1.6677;0.049946;
48;16384;16384;measure;scatter;5.87183;1.05761;4.81418;0.177603;0.0185634;2.09767;0.0534265;0.0308558;0.0301991;2.35775;0.0481123;
48;16384;16384;measure;scatter;6.15035;1.28141;4.86892;0.0164291;0.0491274;3.11689;0.064213;0.0166121;0.0602163;1.49486;0.0505699;
48;16384;16384;measure;scatter;6.19402;1.31364;4.88035;0.0539195;0.102971;2.04531;0.0576885;0.0137651;0.0553044;2.50345;0.0479414;
48;16384;16384;measure;scatter;7.11959;1.28938;5.83018;0.056702;0.0204278;3.28649;0.0872284;0.0316858;0.0587977;2.23284;0.0560097;
48;16384;16384;measure;scatter;7.22627;1.07629;6.14996;0.021664;0.198348;3.43057;0.0639457;0.0200628;0.049752;2.31137;0.0542463;
48;16384;16384;measure;scatter;5.20625;1.29834;3.90787;0.192575;0.0622683;1.5298;0.0566828;0.0199304;0.0601715;1.93766;0.0487759;
48;16384;16384;measure;scatter;7.79885;1.29759;6.50125;0.0117619;0.0561246;2.23444;0.0639228;0.0156999;0.059045;3.99528;0.0649646;
48;16384;16384;measure;scatter;7.32948;1.28787;6.04158;0.0141726;0.0526508;3.75212;0.0972885;0.0159284;0.0592234;1.99589;0.0543052;
48;16384;16384;measure;scatter;5.29488;1.29065;4.00421;0.1466;0.0317423;1.35389;0.0522842;0.0160007;0.0528248;2.30524;0.0456202;
48;16384;16384;measure;scatter;6.93352;1.31245;5.62104;0.184612;0.236043;2.45079;0.0557238;0.0193831;0.0645669;2.55623;0.0536921;
48;16384;16384;measure;scatter;4.84415;1.29945;3.54468;0.0565603;0.104109;1.60352;0.0556747;0.0149061;0.0557925;1.60422;0.0498936;
48;16384;16384;measure;scatter;6.60254;1.08092;5.52158;0.22638;0.0244376;3.428;0.0996234;0.0170885;0.0444752;1.62719;0.0543876;
48;16384;16384;measure;scatter;5.21841;1.29598;3.92241;0.0138377;0.144086;2.3019;0.0568333;0.0158075;0.058039;1.27409;0.0578204;
48;16384;16384;measure;scatter;6.89114;1.28824;5.60283;0.13531;0.0340717;3.67932;0.132133;0.0158117;0.057196;1.46815;0.0808486;
48;16384;16384;measure;scatter;7.41723;1.31216;6.10505;0.0519791;0.184328;2.70741;0.0509754;0.473611;0.065965;2.51917;0.0516053;
48;16384;16384;measure;scatter;6.55692;1.28905;5.26784;0.0199399;0.0579578;3.52978;0.0842097;0.123661;0.0576726;1.34284;0.0517782;
48;16384;16384;measure;scatter;5.26664;1.29766;3.96894;0.141106;0.0268253;2.24255;0.0886274;0.0133388;0.0549756;1.34828;0.0532346;
48;16384;16384;measure;scatter;6.33805;1.29677;5.04126;0.203185;0.02399;2.20185;0.0940515;0.0157112;0.0590473;2.39071;0.0527188;
48;16384;16384;measure;scatter;6.13592;1.29608;4.83981;0.140214;0.377982;2.77588;0.141627;0.0605472;0.061837;1.23195;0.0497811;
48;16384;16384;measure;scatter;6.62552;1.30829;5.31719;0.0175426;0.210729;1.85572;0.0521467;0.017062;0.0544674;3.05761;0.0519142;
48;16384;16384;measure;scatter;6.02355;1.28968;4.73382;0.211886;0.0234895;1.82045;0.0512509;0.0153687;0.0553181;2.50338;0.052678;
48;16384;16384;measure;scatter;6.51618;1.29839;5.21776;0.179344;0.0652473;3.45544;0.0724968;0.0379906;0.0586811;1.30017;0.0483897;
48;16384;16384;measure;scatter;6.52383;1.30673;5.21707;0.189746;0.0293529;1.13085;0.0543393;0.015751;0.0603482;3.68423;0.0524596;
48;16384;16384;measure;scatter;6.33406;1.31098;5.02306;0.198688;0.0204208;1.49056;0.204197;0.0140847;0.0201491;2.9651;0.109849;
48;16384;16384;measure;scatter;6.49296;1.28623;5.2067;0.0562527;0.056134;2.92504;0.0612613;0.0295786;0.0594455;1.96416;0.0548289;
48;16384;16384;measure;scatter;7.24577;1.07846;6.16729;0.0213697;0.173623;3.43548;0.0645515;0.0191102;0.046744;2.34599;0.0604205;
48;16384;16384;measure;scatter;5.94318;1.29962;4.64353;0.143305;0.0660617;2.16326;0.0577395;0.0138028;0.0546364;2.09005;0.0546828;
48;16384;16384;measure;scatter;7.21444;1.30688;5.90754;0.139011;0.0508421;2.87496;0.0964129;0.0160281;0.0595555;2.62026;0.0504667;
48;16384;16384;measure;scatter;3.94627;1.11883;2.82741;0.039397;0.0712286;1.17053;0.119116;0.138704;0.0799313;1.1363;0.0722042;
48;16384;16384;measure;scatter;3.91706;0.925797;2.99122;0.0111053;0.0120542;1.37934;0.0467268;0.0190945;0.00982988;1.455;0.0580776;
48;16384;16384;measure;scatter;4.47874;0.931279;3.54743;0.0111586;0.0334859;1.69624;0.0374526;0.0194481;0.0174124;1.64556;0.0866782;
48;16384;16384;measure;scatter;4.47851;0.935719;3.54276;0.0905754;0.0757712;1.44001;0.0343238;0.0759031;0.0161895;1.75101;0.0589799;
48;16384;16384;measure;scatter;3.81252;0.935645;2.87683;0.0113148;0.0275458;1.36242;0.0330304;0.0251828;0.0180736;1.2485;0.150763;
48;16384;16384;measure;scatter;4.14954;0.956612;3.19289;0.031162;0.0782669;1.45617;0.0371315;0.0257715;0.0139734;1.49317;0.0572481;
48;16384;16384;measure;scatter;4.11262;1.11281;2.99979;0.124199;0.7373;0.381044;0.119972;0.137148;0.0636512;1.32082;0.115656;
48;16384;16384;measure;scatter;4.43093;0.940987;3.48992;0.0115956;0.0352935;1.56264;0.0322658;0.0288352;0.0232839;1.66116;0.134847;
48;16384;16384;measure;scatter;4.55353;0.949868;3.60363;0.0722879;0.0349378;1.73403;0.0351255;0.027654;0.0135436;1.61258;0.0734747;
48;16384;16384;measure;scatter;4.50554;0.943297;3.56222;0.0116;0.054015;1.61038;0.0401215;0.0256426;0.0146513;1.74955;0.0562515;
48;16384;16384;measure;scatter;4.15867;0.933253;3.22539;0.0112199;0.0111347;1.32018;0.0430642;0.0501693;0.0140686;1.67684;0.0987115;
48;16384;16384;measure;scatter;4.54978;0.957056;3.59268;0.0858401;0.0702097;1.54724;0.0377219;0.0439753;0.0197267;1.73519;0.0527785;
48;16384;16384;measure;scatter;4.13684;0.951414;3.1854;0.0115695;0.0730621;1.39381;0.0430132;0.145274;0.0279919;1.38254;0.108137;
48;16384;16384;measure;scatter;4.48522;0.952762;3.53241;0.087669;0.516982;1.04922;0.0357374;0.0186175;0.0182629;1.75251;0.0534059;
48;16384;16384;measure;scatter;4.21791;0.936807;3.28107;0.0114684;0.0610409;1.36661;0.0271432;0.0254739;0.0238451;1.62346;0.142025;
48;16384;16384;measure;scatter;4.65729;0.94253;3.71473;0.010937;0.0841865;1.57341;0.0381534;0.038717;0.0166443;1.88904;0.0636439;
48;16384;16384;measure;scatter;4.82882;0.936462;3.89232;0.0112296;0.0815627;1.98061;0.0383932;0.037271;0.0153533;1.63154;0.0963604;
48;16384;16384;measure;scatter;4.23219;0.936391;3.29577;0.0113156;0.0517914;1.39006;0.0390153;0.0949359;0.0184501;1.63293;0.057275;
48;16384;16384;measure;scatter;4.09261;0.951762;3.14082;0.0899069;0.105405;1.30068;0.0857141;0.0133865;0.0175431;1.47267;0.0555146;
48;16384;16384;measure;scatter;4.80637;0.936998;3.86935;0.011393;0.0428581;1.8831;0.0375765;0.0293352;0.0145398;1.78039;0.0701514;
48;16384;16384;measure;scatter;3.91118;0.932407;2.97874;0.0114229;0.054008;1.4243;0.0331559;0.0363107;0.0258302;1.34111;0.0525987;
48;16384;16384;measure;scatter;4.4095;0.947783;3.46165;0.0118159;0.0453531;1.58625;0.0621356;0.0126625;0.0125711;1.6542;0.0766661;
48;16384;16384;measure;scatter;4.55086;0.937676;3.61315;0.0111965;0.0972007;1.78827;0.0438416;0.0394503;0.0162156;1.5473;0.0696789;
48;16384;16384;measure;scatter;4.42753;0.935917;3.49157;0.0119245;0.0461866;1.43036;0.0812837;0.0120828;0.0140398;1.84843;0.0472718;
48;16384;16384;measure;scatter;4.2771;0.942489;3.33455;0.0113439;0.0687656;1.34913;0.057875;0.0124243;0.0184613;1.76693;0.0496251;
48;16384;16384;measure;scatter;3.85763;0.935349;2.92226;0.0114314;0.0549045;1.52128;0.0325128;0.038968;0.0192219;1.04267;0.201275;
48;16384;16384;measure;scatter;3.92513;0.943064;2.98204;0.011689;0.0243633;1.38963;0.032465;0.031886;0.0185345;1.43622;0.0372572;
48;16384;16384;measure;scatter;4.44441;0.93608;3.5083;0.0115304;0.036116;1.66448;0.0309843;0.0904135;0.013876;1.60032;0.060591;
48;16384;16384;measure;scatter;4.43356;0.944377;3.48916;0.0115703;0.0692371;1.80212;0.0344158;0.0168485;0.0126095;1.48306;0.0592966;
48;16384;16384;measure;scatter;4.0435;0.933946;3.10953;0.0109861;0.0733289;1.39232;0.0364564;0.0231948;0.0153953;1.44649;0.111358;
48;16384;16384;measure;scatter;4.20458;0.934229;3.27033;0.0112553;0.0449797;1.2667;0.0340924;0.028417;0.0189526;1.80304;0.0628909;
48;16384;16384;measure;scatter;4.40023;0.937205;3.46299;0.0769316;0.0240812;1.18439;0.0977128;0.0146186;0.0165342;1.97183;0.0768907;
48;16384;16384;measure;scatter;4.70018;0.945186;3.75497;0.0125647;0.0832303;1.60756;0.0319268;0.03804;0.0178314;1.90507;0.0587439;
48;16384;16384;measure;scatter;4.0984;0.933509;3.16488;0.0114422;0.080768;1.14432;0.0362871;0.0630268;0.0718633;1.57035;0.186819;
48;16384;16384;measure;scatter;4.71066;0.942574;3.76804;0.01082;0.0646479;1.8726;0.0355484;0.0265325;0.0159144;1.68131;0.0606744;
48;16384;16384;measure;scatter;4.32401;0.926989;3.397;0.00704936;0.0537981;1.2757;0.330275;0.012786;0.0141154;1.63742;0.06586;
48;16384;16384;measure;scatter;4.03661;0.935119;3.10147;0.0399195;0.103729;1.27027;0.076821;0.0368364;0.0183631;1.46385;0.0916717;
48;16384;16384;measure;scatter;5.33381;0.964515;4.36928;0.00838543;0.0455842;1.62598;0.0381946;0.0191865;0.0102854;2.56155;0.0601154;
48;16384;16384;measure;scatter;4.49262;1.11102;3.38158;0.126811;0.843294;0.078476;0.269937;0.0991022;0.127633;1.50207;0.334261;
48;16384;16384;measure;scatter;3.96627;0.93311;3.03314;0.011098;0.0133381;1.25329;0.0305565;0.0895646;0.0151226;1.47443;0.145744;
48;16384;16384;measure;scatter;3.64344;0.935908;2.70749;0.0114202;0.0475338;1.21416;0.0852303;0.0173603;0.0161793;1.22532;0.0902823;
48;16384;16384;measure;scatter;4.38793;0.949242;3.43866;0.0114063;0.0838396;1.53392;0.0396724;0.016253;0.0129635;1.65608;0.0845291;
48;16384;16384;measure;scatter;4.40206;0.947164;3.45488;0.105641;0.0694959;1.70361;0.0433358;0.135747;0.0212202;1.32236;0.0534662;
48;16384;16384;measure;scatter;3.96642;0.942309;3.02408;0.0431952;0.0210557;1.18648;0.0356556;0.0786903;0.0128397;1.59116;0.0550036;
48;16384;16384;measure;scatter;4.45121;0.951401;3.49977;0.0115017;0.0516707;1.41289;0.0929962;0.0132602;0.0179584;1.82738;0.0721137;
48;16384;16384;measure;scatter;4.62376;0.936177;3.68755;0.0112607;0.0722969;2.10019;0.0310439;0.0181633;0.0195297;1.37823;0.0568375;
48;16384;16384;measure;scatter;4.18682;0.941955;3.24484;0.0113249;0.0438957;1.23035;0.067928;0.0155499;0.0128396;1.81117;0.0517724;
48;16384;16384;measure;scatter;4.53672;0.941147;3.59555;0.0111311;0.0286881;1.62471;0.0374855;0.0289231;0.0132229;1.74408;0.107307;
48;16384;16384;measure;scatter;3.86602;0.947048;2.91895;0.0116552;0.0783472;1.22559;0.0409674;0.0573563;0.0136127;1.42474;0.066686;
48;16384;16384;measure;scatter;3.99389;1.11778;2.87608;0.100844;0.676623;0.44324;0.0984022;0.00988953;0.087591;1.37118;0.0883017;
48;16384;16384;measure;scatter;3.92608;1.00286;2.92319;0.0880031;0.77288;0.554348;0.0490579;0.00567475;0.0309344;1.37604;0.0462525;
48;16384;16384;measure;scatter;3.88697;0.99691;2.89004;0.0817166;0.823464;0.58256;0.031021;0.00543162;0.0316938;1.28255;0.0516027;
48;16384;16384;measure;scatter;4.089;1.00425;3.08472;0.101554;0.876807;0.401889;0.0360577;0.00491222;0.0345703;1.58363;0.0452975;
48;16384;16384;measure;scatter;3.95193;1.01763;2.93426;0.0788991;0.797984;0.506424;0.041154;0.00570972;0.0227129;1.43261;0.0487659;
48;16384;16384;measure;scatter;4.16433;1.02708;3.13723;0.0978035;0.846266;0.457019;0.19303;0.113104;0.92818;0.448027;0.0537994;
48;16384;16384;measure;scatter;3.89995;1.01355;2.88636;0.0972245;0.785598;0.486355;0.0345343;0.00568961;0.0246402;1.36924;0.0830793;
48;16384;16384;measure;scatter;3.71303;0.922328;2.79068;0.0636159;0.659704;0.621163;0.0310856;0.00503203;0.0108281;1.35934;0.0399127;
48;16384;16384;measure;scatter;4.19301;0.914838;3.27811;0.10853;0.831657;0.606616;0.0354737;0.00676452;0.00655034;1.62424;0.0582833;
48;16384;16384;measure;scatter;3.93348;0.917567;3.01589;0.0880975;0.68812;0.600467;0.0357083;0.00567156;0.00577492;1.49194;0.100116;
48;16384;16384;measure;scatter;3.84035;0.915943;2.92437;0.0537055;0.741931;0.668262;0.051998;0.00566357;0.0122545;1.33965;0.0509136;
48;16384;16384;measure;scatter;3.879;0.908573;2.9704;0.0941644;0.773851;0.501186;0.0572778;0.0068413;0.010202;1.49021;0.0366715;
48;16384;16384;measure;scatter;3.73853;0.994275;2.74423;0.0844658;0.867482;0.36817;0.0309957;0.00519871;0.0381884;1.31554;0.034195;
48;16384;16384;measure;scatter;3.95286;1.00572;2.94711;0.0826793;0.904834;0.350744;0.0314608;0.00457932;0.0277512;1.49508;0.0499788;
48;16384;16384;measure;scatter;3.98857;0.976719;3.01183;0.08615;0.820852;0.585187;0.0336085;0.00717817;0.0280873;1.4053;0.0454622;
48;16384;16384;measure;scatter;4.29546;1.01314;3.28226;0.0951348;0.865178;0.559217;0.0454531;0.00551184;0.193642;1.43615;0.081971;
48;16384;16384;measure;scatter;3.98481;1.00427;2.98052;0.110499;0.885081;0.20577;0.159181;0.140477;0.856804;0.580958;0.0417467;
48;16384;16384;measure;scatter;4.26173;0.988217;3.27349;0.0993114;0.822694;0.685908;0.0308996;0.00571994;0.0268186;1.54174;0.0603956;
48;16384;16384;measure;scatter;4.08033;0.92118;3.15913;0.0777563;0.838591;0.748141;0.041731;0.00572309;0.00670729;1.39688;0.0435975;
48;16384;16384;measure;scatter;4.088;0.909445;3.17853;0.0628027;0.747893;0.82465;0.0353234;0.00603181;0.00799051;1.44717;0.0466658;
48;16384;16384;measure;scatter;3.90783;1.00583;2.90194;0.0947464;0.865543;0.310487;0.0357651;0.00526039;0.032181;1.50823;0.049726;
48;16384;16384;measure;scatter;3.9346;1.00245;2.93213;0.0870012;0.926943;0.395286;0.0411639;0.00495268;0.0467576;1.37098;0.0590472;
48;16384;16384;measure;scatter;3.98227;0.986713;2.99554;0.0917976;0.897736;0.539427;0.0303221;0.00562549;0.0300037;1.35103;0.0495979;
48;16384;16384;measure;scatter;3.87197;1.0063;2.86565;0.0974655;0.896589;0.385759;0.0331855;0.00493857;0.031471;1.35132;0.0649178;
48;16384;16384;measure;scatter;3.87642;0.914656;2.96169;0.100332;0.774077;0.591158;0.0348124;0.00601779;0.0112694;1.36967;0.0743587;
48;16384;16384;measure;scatter;3.86857;1.00017;2.86837;0.090223;0.908926;0.34831;0.0288944;0.00518192;0.0277819;1.41346;0.0455929;
48;16384;16384;measure;scatter;3.85763;0.914914;2.94268;0.0609067;0.673119;0.663791;0.0294864;0.00557138;0.00618072;1.43863;0.0649956;
48;16384;16384;measure;scatter;4.04042;1.00768;3.03268;0.106262;0.827233;0.43769;0.221964;0.170192;0.821291;0.368979;0.0790651;
48;16384;16384;measure;scatter;3.93249;1.00954;2.92293;0.0824151;0.915342;0.0956284;0.54627;0.901426;0.0236027;0.178211;0.180037;
48;16384;16384;measure;scatter;3.79275;1.00617;2.78656;0.0975768;0.908519;0.329529;0.0416203;0.00623259;0.0279724;1.3297;0.0454163;
48;16384;16384;measure;scatter;4.04112;1.00311;3.03798;0.0703016;0.898701;0.366003;0.0288482;0.00564192;0.0252261;1.58781;0.0554508;
48;16384;16384;measure;scatter;3.99789;0.994491;3.00338;0.077812;0.840037;0.385799;0.0787228;0.00584263;0.137309;1.43332;0.0445343;
48;16384;16384;measure;scatter;3.92485;1.02802;2.89679;0.0998952;0.848363;0.497823;0.0411029;0.00599063;0.00500516;1.36411;0.0344966;
48;16384;16384;measure;scatter;4.02877;1.00291;3.02584;0.0918173;0.791562;0.397698;0.0367558;0.00582622;0.144049;1.50442;0.0537119;
48;16384;16384;measure;scatter;4.13342;0.999745;3.13362;0.105035;0.88829;0.46337;0.0378601;0.00545393;0.0326826;1.55082;0.0501122;
48;16384;16384;measure;scatter;3.91127;1.01155;2.8997;0.105101;0.805674;0.356423;0.0342568;0.00539667;0.0326445;1.51211;0.048091;
48;16384;16384;measure;scatter;3.89356;1.00651;2.88704;0.0773774;0.92236;0.474027;0.0422776;0.00612806;0.030373;1.26493;0.0695664;
48;16384;16384;measure;scatter;4.1888;1.02517;3.16361;0.0728503;0.893126;0.528316;0.0324508;0.00485608;0.0322517;1.54878;0.0509781;
48;16384;16384;measure;scatter;4.02167;1.01098;3.01067;0.0987037;0.90675;0.329257;0.0319305;0.00558284;0.0257448;1.55919;0.0535158;
48;16384;16384;measure;scatter;4.02065;1.0048;3.01582;0.0907254;0.791833;0.527073;0.0321615;0.00482773;0.0251276;1.48242;0.0616508;
48;16384;16384;measure;scatter;3.90496;1.0014;2.90353;0.073259;0.882665;0.457602;0.0350452;0.00531049;0.155296;1.24705;0.0473005;
48;16384;16384;measure;scatter;3.93011;1.01098;2.9191;0.079701;0.801016;0.607908;0.0355029;0.00583216;0.0250816;1.30643;0.0576295;
48;16384;16384;measure;scatter;3.79736;1.01865;2.77868;0.0747924;0.899337;0.401439;0.0315297;0.00485859;0.045815;1.25945;0.061462;
48;16384;16384;measure;scatter;4.176;1.01973;3.15625;0.100312;0.878641;0.441165;0.0367709;0.00503746;0.0284997;1.61677;0.0490521;
48;16384;16384;measure;scatter;4.12521;1.00325;3.12194;0.119466;0.759598;0.573271;0.108415;0.13674;1.02274;0.341296;0.0604214;
48;16384;16384;measure;scatter;3.87805;0.987066;2.89096;0.0945499;0.749178;0.455052;0.0309863;0.00521439;0.0220492;1.49024;0.0436933;
48;16384;16384;measure;scatter;3.84161;0.96029;2.8813;0.105479;0.890333;0.491718;0.0318402;0.00604973;0.0309949;1.28299;0.0418915;
48;16384;16384;measure;scatter;4.50383;0.998337;3.50547;0.0917644;0.84406;0.667036;0.0332847;0.00568546;0.0282391;1.79705;0.0383466;
48;16384;16384;measure;scatter;4.00667;0.994071;3.01258;0.0920449;0.840759;0.437601;0.0344833;0.00535708;0.025835;1.52781;0.048684;
48;16384;16384;measure;scatter;3.80872;1.00241;2.80628;0.0835846;0.849979;0.351691;0.0317104;0.00572995;0.0297135;1.41637;0.037499;
48;16384;16384;measure;scatter;3.91341;1.0187;2.89469;0.0800719;0.857823;0.550608;0.0350527;0.00539053;0.0249256;1.29264;0.0481829; 