n_threads;n_x;n_y;plan;comm_flag;total;initialization;fft_2d_total;first_fftw;first_split;first_comm;first_trans;second_fftw;second_split;second_comm;second_trans;
48;16384;16384;measure;scatter;3.28065;2.78321;0.497413;0.0565017;0.0603465;0.000323448;0.0938442;0.0430444;0.0564502;0.134255;0.0526482;
48;16384;16384;measure;scatter;3.19926;2.73068;0.468555;0.0576459;0.0576649;0.000246183;0.0658605;0.0425742;0.0582073;0.133925;0.0524304;
48;16384;16384;measure;scatter;3.19262;2.69782;0.494781;0.0555195;0.0582608;0.000315082;0.0922279;0.0422726;0.0565774;0.134133;0.0554744;
48;16384;16384;measure;scatter;3.17219;2.69971;0.472458;0.053087;0.057683;0.000252414;0.064996;0.0502927;0.05842;0.133299;0.054428;
48;16384;16384;measure;scatter;3.18389;2.71077;0.473097;0.0526881;0.0592879;0.000288642;0.0639924;0.0523738;0.0578468;0.133675;0.0529453;
48;16384;16384;measure;scatter;3.16277;2.69857;0.464168;0.0564613;0.0588839;0.000269657;0.0651474;0.0417892;0.0574247;0.132875;0.0513169;
48;16384;16384;measure;scatter;3.17244;2.71044;0.461968;0.0541924;0.0588437;0.000286839;0.0646534;0.0420165;0.0565035;0.133474;0.0519969;
48;16384;16384;measure;scatter;3.16729;2.70498;0.46229;0.0533333;0.0586979;0.000251303;0.0640183;0.042448;0.0583067;0.132561;0.0526733;
48;16384;16384;measure;scatter;3.16541;2.70014;0.465247;0.0533048;0.0573466;0.000344647;0.0660151;0.0434924;0.0581151;0.132701;0.0539281;
48;16384;16384;measure;scatter;3.20276;2.70178;0.500955;0.0576144;0.0586443;0.00027688;0.0916687;0.050459;0.0574052;0.13317;0.0517166;
48;16384;16384;measure;scatter;3.16322;2.69877;0.464429;0.0479781;0.0590589;0.000270318;0.0650628;0.0477969;0.0578542;0.133642;0.0527658;
48;16384;16384;measure;scatter;3.1654;2.7009;0.464478;0.0564908;0.0572955;0.000254669;0.064594;0.0417139;0.0578699;0.133526;0.0527335;
48;16384;16384;measure;scatter;3.17541;2.71195;0.463434;0.0538811;0.0586488;0.000270729;0.0637944;0.0426053;0.0583063;0.133484;0.0524437;
48;16384;16384;measure;scatter;3.21824;2.70936;0.508855;0.0522842;0.059398;0.000262263;0.111507;0.0415348;0.05673;0.134668;0.0524706;
48;16384;16384;measure;scatter;3.15158;2.68625;0.465312;0.0545924;0.059138;0.000279365;0.0652862;0.0421378;0.0571412;0.133403;0.0533348;
48;16384;16384;measure;scatter;3.18508;2.69976;0.485299;0.0535903;0.058373;0.000278262;0.0881736;0.042395;0.0564419;0.133817;0.0522308;
48;16384;16384;measure;scatter;3.16807;2.70365;0.464394;0.0542591;0.056877;0.00019165;0.0657212;0.0415083;0.0582776;0.134282;0.0532775;
48;16384;16384;measure;scatter;3.15592;2.6942;0.461702;0.0544558;0.0586977;0.000249289;0.0653385;0.0413954;0.0574935;0.133001;0.0510706;
48;16384;16384;measure;scatter;3.18485;2.70028;0.484545;0.0533643;0.0573007;0.000281839;0.088096;0.0426432;0.0564679;0.135316;0.0510752;
48;16384;16384;measure;scatter;3.24424;2.70912;0.535093;0.0521623;0.0567196;0.00024441;0.140816;0.042048;0.0563099;0.134447;0.0523461;
48;16384;16384;measure;scatter;3.16728;2.70548;0.461771;0.0548574;0.0595339;0.000244629;0.0648098;0.0415028;0.0564638;0.13315;0.0512094;
48;16384;16384;measure;scatter;3.16371;2.69959;0.464094;0.0556935;0.0589242;0.000262833;0.0634375;0.042415;0.0582192;0.134622;0.0505193;
48;16384;16384;measure;scatter;3.15993;2.70016;0.459665;0.0535427;0.0569459;0.000265188;0.0633021;0.0420859;0.0565589;0.134291;0.0526734;
48;16384;16384;measure;scatter;3.19103;2.70341;0.487596;0.0529863;0.057309;0.000232497;0.0900803;0.042422;0.0576212;0.134372;0.0525733;
48;16384;16384;measure;scatter;3.15818;2.69905;0.459111;0.0533293;0.0560436;0.000277081;0.0649388;0.0423013;0.0560867;0.134064;0.0520695;
48;16384;16384;measure;scatter;3.16278;2.69989;0.462865;0.0546024;0.0572059;0.00027694;0.0626024;0.0428586;0.0579939;0.134712;0.0526127;
48;16384;16384;measure;scatter;3.16996;2.71208;0.457862;0.0530325;0.0566566;0.00026119;0.0652415;0.0415563;0.0564557;0.133076;0.0515816;
48;16384;16384;measure;scatter;3.1768;2.71498;0.461799;0.0547139;0.058727;0.000280266;0.0641529;0.0417116;0.0565783;0.133864;0.0517713;
48;16384;16384;measure;scatter;3.20294;2.703;0.499913;0.0534676;0.0575012;0.00026627;0.0901984;0.0549468;0.0570555;0.134012;0.0524661;
48;16384;16384;measure;scatter;3.183;2.72167;0.461304;0.0524296;0.0582681;0.000302989;0.0648368;0.0416869;0.0581502;0.133934;0.0516957;
48;16384;16384;measure;scatter;3.17771;2.71684;0.460839;0.0527397;0.0588243;0.00026069;0.0643965;0.0416809;0.0575725;0.133397;0.051968;
48;16384;16384;measure;scatter;3.1751;2.7069;0.468171;0.0534741;0.0582061;0.000296918;0.0660419;0.0460673;0.0577399;0.133402;0.0529435;
48;16384;16384;measure;scatter;3.25687;2.73995;0.516898;0.0517195;0.0581998;0.000277311;0.114041;0.0501702;0.0575973;0.134173;0.0507196;
48;16384;16384;measure;scatter;3.18148;2.7101;0.471358;0.0527551;0.0581466;0.000275387;0.0660083;0.0503819;0.0581491;0.133721;0.0519208;
48;16384;16384;measure;scatter;3.1886;2.73174;0.456841;0.0526101;0.0565923;0.000269096;0.0635983;0.0424779;0.0560501;0.133359;0.0518841;
48;16384;16384;measure;scatter;3.17358;2.71331;0.460242;0.0527426;0.0579656;0.000294814;0.065109;0.0412077;0.0582939;0.133713;0.0509159;
48;16384;16384;measure;scatter;3.21206;2.701;0.511027;0.0553324;0.0572834;0.000254808;0.114922;0.04227;0.0553966;0.133682;0.0518851;
48;16384;16384;measure;scatter;3.19398;2.72994;0.464016;0.0557444;0.0585111;0.000202691;0.0643936;0.0417458;0.0563644;0.134316;0.0527383;
48;16384;16384;measure;scatter;3.20616;2.69967;0.506465;0.0513897;0.0568532;0.000293401;0.0984475;0.0554762;0.0582713;0.133438;0.0522961;
48;16384;16384;measure;scatter;3.16326;2.70499;0.458244;0.052715;0.0566229;0.000313509;0.0658688;0.040896;0.056187;0.133923;0.0517177;
48;16384;16384;measure;scatter;3.1966;2.70742;0.489161;0.0524389;0.058691;0.000279816;0.063502;0.0508739;0.0582095;0.133724;0.0714411;
48;16384;16384;measure;scatter;3.21725;2.69453;0.522697;0.0590947;0.0567118;0.00026614;0.119504;0.0436835;0.0561564;0.134755;0.0525247;
48;16384;16384;measure;scatter;3.20409;2.71499;0.489072;0.0524099;0.0583564;0.000278554;0.0917608;0.0421514;0.0581542;0.133927;0.0520341;
48;16384;16384;measure;scatter;3.16091;2.70071;0.46018;0.0533606;0.0575732;0.000206278;0.0634387;0.041774;0.0563035;0.136577;0.0509466;
48;16384;16384;measure;scatter;3.18318;2.70842;0.474741;0.0523066;0.0581482;0.000298792;0.0645016;0.0544216;0.0566436;0.135489;0.0529313;
48;16384;16384;measure;scatter;3.15854;2.69845;0.460067;0.0518427;0.0585293;0.000272572;0.0643598;0.0421023;0.0580397;0.133336;0.0515839;
48;16384;16384;measure;scatter;3.14365;2.67807;0.465558;0.0530421;0.0584256;0.000290977;0.0646968;0.0453783;0.0575114;0.133733;0.0524802;
48;16384;16384;measure;scatter;3.15796;2.69836;0.459571;0.0531545;0.0580996;0.000283894;0.0637484;0.0418358;0.0566715;0.133447;0.0523306;
48;16384;16384;measure;scatter;3.15795;2.68768;0.470251;0.0554729;0.058487;0.00027093;0.0657692;0.0454889;0.0577756;0.13502;0.0519668;
48;16384;16384;measure;scatter;3.13766;2.67558;0.462051;0.0532564;0.0570105;0.000254338;0.0641523;0.0422442;0.0588452;0.134511;0.0517777;
48;16384;16384;measure;scatter;3.63558;1.58612;2.04944;0.0399818;0.0359411;0.710492;0.0482682;0.0315269;0.0842994;1.04341;0.0555205;
48;16384;16384;measure;scatter;3.63895;1.56132;2.0776;0.0306942;0.041477;0.675;0.0438119;0.0257693;0.069267;1.13624;0.0553431;
48;16384;16384;measure;scatter;3.47412;1.57752;1.89658;0.027513;0.0311737;0.646017;0.0564281;0.0256486;0.0756226;0.981954;0.052223;
48;16384;16384;measure;scatter;3.66019;1.59016;2.06999;0.0313799;0.0353916;0.683576;0.0512463;0.030228;0.0702577;1.1152;0.0527089;
48;16384;16384;measure;scatter;3.76372;1.57924;2.18446;0.0323012;0.0309313;0.860143;0.0461774;0.0270138;0.0748909;1.0125;0.100502;
48;16384;16384;measure;scatter;3.83543;1.59465;2.24076;0.028309;0.0313462;0.959307;0.0487845;0.0262112;0.0802371;0.954332;0.11223;
48;16384;16384;measure;scatter;3.43699;1.59709;1.83988;0.0311966;0.0306333;0.673744;0.0492595;0.0267613;0.0783461;0.89583;0.054109;
48;16384;16384;measure;scatter;3.56005;1.58098;1.97906;0.0280997;0.031657;0.688276;0.0504798;0.0313602;0.0804398;1.01732;0.0514294;
48;16384;16384;measure;scatter;3.46872;1.59109;1.87761;0.0352791;0.031209;0.620225;0.0460707;0.0260077;0.0664263;0.999301;0.0530891;
48;16384;16384;measure;scatter;3.72223;1.60767;2.11453;0.0378571;0.0360667;0.74855;0.0451381;0.0275341;0.0644025;1.04622;0.108758;
48;16384;16384;measure;scatter;3.53159;1.59398;1.93759;0.0298489;0.031332;0.590051;0.0453849;0.0277926;0.0708745;1.08023;0.0620748;
48;16384;16384;measure;scatter;3.52101;1.60218;1.9188;0.0274536;0.0308796;0.646902;0.0496258;0.0264281;0.0708887;1.01579;0.0508323;
48;16384;16384;measure;scatter;3.57049;1.5928;1.97767;0.0287861;0.0310745;0.630957;0.0450983;0.0314033;0.0661694;1.05595;0.0882346;
48;16384;16384;measure;scatter;3.53175;1.63402;1.8977;0.0411993;0.034105;0.598371;0.0473807;0.0268051;0.0813364;1.01434;0.0541708;
48;16384;16384;measure;scatter;3.77686;1.58683;2.19;0.0394674;0.0362601;0.827816;0.0498586;0.0345998;0.0757226;1.01396;0.112318;
48;16384;16384;measure;scatter;3.55192;1.60698;1.94492;0.0281055;0.0358874;0.638115;0.046278;0.0267281;0.0593844;1.05884;0.0515723;
48;16384;16384;measure;scatter;3.43507;1.59025;1.8448;0.0432416;0.0351323;0.588928;0.0507986;0.0261714;0.0674159;0.978983;0.0541321;
48;16384;16384;measure;scatter;3.58884;1.58599;2.00283;0.0285676;0.0356513;0.702039;0.0557982;0.0263276;0.0889899;1.01053;0.0549171;
48;16384;16384;measure;scatter;3.47906;1.57549;1.90355;0.034932;0.0310363;0.664992;0.047559;0.0312584;0.0651368;0.973363;0.0552679;
48;16384;16384;measure;scatter;3.18143;1.62882;1.55259;0.0353073;0.162431;0.295121;0.0453443;0.0334103;0.0791246;0.843951;0.0579033;
48;16384;16384;measure;scatter;3.50208;1.57894;1.92311;0.0320591;0.0313099;0.678399;0.0511522;0.0311306;0.0798933;0.967266;0.0519014;
48;16384;16384;measure;scatter;3.50671;1.58464;1.92204;0.0410521;0.0439413;0.586676;0.047971;0.0260736;0.0730263;1.049;0.0542968;
48;16384;16384;measure;scatter;3.44402;1.5968;1.84719;0.0312467;0.0357641;0.577417;0.0492449;0.0269871;0.0777318;0.996687;0.052112;
48;16384;16384;measure;scatter;3.4975;1.59755;1.89993;0.0292274;0.0313191;0.605507;0.0448981;0.0358358;0.0810237;1.01891;0.0532048;
48;16384;16384;measure;scatter;3.53766;1.5883;1.94933;0.0360547;0.0338022;0.599084;0.043819;0.0309277;0.0860299;1.05808;0.0615337;
48;16384;16384;measure;scatter;3.50196;1.57525;1.92668;0.0360551;0.0342649;0.610321;0.0444985;0.0258305;0.0626648;1.05762;0.0554304;
48;16384;16384;measure;scatter;3.47122;1.57907;1.89213;0.0279968;0.0314604;0.710252;0.0486331;0.0276774;0.0749539;0.919811;0.051345;
48;16384;16384;measure;scatter;3.52229;1.66928;1.85299;0.0269933;0.0291921;0.615377;0.0458961;0.0299187;0.0654762;0.997074;0.0430651;
48;16384;16384;measure;scatter;3.5335;1.57942;1.95405;0.0340726;0.0311813;0.630843;0.043997;0.0272278;0.0778362;1.05593;0.0529637;
48;16384;16384;measure;scatter;3.43311;1.5761;1.85698;0.0319597;0.0313772;0.621438;0.0452243;0.0255606;0.0715868;0.976479;0.053356;
48;16384;16384;measure;scatter;3.66489;1.57236;2.09251;0.0281287;0.0317752;0.805589;0.0482045;0.0269504;0.0652161;1.03276;0.0538879;
48;16384;16384;measure;scatter;3.76798;1.62085;2.14711;0.0278358;0.0312552;0.814363;0.0461317;0.02558;0.0734846;1.02954;0.0989224;
48;16384;16384;measure;scatter;3.71241;1.60006;2.11233;0.0339404;0.0314272;0.791523;0.0447388;0.0274441;0.0714011;1.01913;0.0927264;
48;16384;16384;measure;scatter;3.50786;1.58751;1.92032;0.040657;0.0437967;0.581675;0.0467737;0.0319363;0.0629808;1.05807;0.0544299;
48;16384;16384;measure;scatter;3.54588;1.57101;1.97486;0.0268998;0.0312424;0.620126;0.0446684;0.026207;0.0832924;1.08772;0.0546963;
48;16384;16384;measure;scatter;3.5617;1.57546;1.98621;0.0374573;0.0338991;0.672055;0.0498513;0.0294217;0.0839826;1.02612;0.0534292;
48;16384;16384;measure;scatter;3.58668;1.57339;2.01325;0.0287461;0.0315292;0.706434;0.0490086;0.0323921;0.0505727;1.06153;0.053043;
48;16384;16384;measure;scatter;3.65232;1.57994;2.07236;0.0347136;0.0357595;0.803464;0.0486992;0.0265587;0.0670301;0.951422;0.10471;
48;16384;16384;measure;scatter;3.63841;1.60582;2.03257;0.0273956;0.0312245;0.769085;0.0462234;0.026248;0.0834715;0.997223;0.0517015;
48;16384;16384;measure;scatter;3.5538;1.59824;1.95555;0.032637;0.0310928;0.659508;0.0484681;0.0267359;0.0804641;1.01988;0.05676;
48;16384;16384;measure;scatter;3.48349;1.58632;1.89715;0.0365781;0.0316433;0.60175;0.0439842;0.0308468;0.0771478;1.02227;0.0529262;
48;16384;16384;measure;scatter;3.43885;1.58812;1.85071;0.0438688;0.0354497;0.63014;0.0484174;0.0312622;0.0710833;0.935409;0.0550781;
48;16384;16384;measure;scatter;3.51125;1.61284;1.8984;0.0398479;0.0436862;0.613037;0.0505285;0.0364049;0.0819127;0.985577;0.0474014;
48;16384;16384;measure;scatter;3.48196;1.57086;1.91108;0.0415942;0.0394556;0.598548;0.0452586;0.0349388;0.0648531;1.03748;0.048948;
48;16384;16384;measure;scatter;3.48328;1.65857;1.82469;0.0292968;0.0314304;0.549031;0.0504132;0.0315202;0.0786225;1.00032;0.0540534;
48;16384;16384;measure;scatter;3.46351;1.57688;1.88661;0.0345666;0.0312663;0.628259;0.0484374;0.026619;0.0703531;0.992304;0.0548015;
48;16384;16384;measure;scatter;3.73107;1.60381;2.12724;0.0276155;0.0304434;0.807589;0.0509315;0.0258882;0.0747452;1.05763;0.0523976;
48;16384;16384;measure;scatter;3.2195;1.67814;1.54133;0.0271619;0.0347921;0.236028;0.047204;0.0311257;0.0670708;1.05338;0.0445698;
48;16384;16384;measure;scatter;3.54561;1.58871;1.95688;0.0342606;0.031059;0.68988;0.0491684;0.035753;0.0685645;0.994915;0.0532769;
48;16384;16384;measure;scatter;3.52631;1.60932;1.91697;0.0345717;0.0359352;0.577694;0.0498204;0.0310137;0.0701706;1.06698;0.0507783;
48;16384;16384;measure;scatter;2.81666;1.28165;1.53499;0.0140936;0.107896;0.114243;0.0728393;0.0179151;0.0199605;1.14201;0.0460331;
48;16384;16384;measure;scatter;2.6843;1.2824;1.40187;0.0664119;0.0683308;0.140411;0.0506163;0.0133394;0.0270318;0.991227;0.0445008;
48;16384;16384;measure;scatter;2.1969;1.27966;0.91722;0.0142156;0.0978724;0.202093;0.0640059;0.0131339;0.0376208;0.428472;0.0598064;
48;16384;16384;measure;scatter;2.8001;1.2788;1.52127;0.0138206;0.104454;0.123168;0.0759874;0.0155928;0.0221589;1.1103;0.0557891;
48;16384;16384;measure;scatter;2.30033;1.27947;1.02084;0.0142182;0.0887284;0.234476;0.0529547;0.0188948;0.0380474;0.530081;0.0434387;
48;16384;16384;measure;scatter;2.16129;1.28728;0.873973;0.0143991;0.0590078;0.187276;0.068623;0.0190351;0.0385319;0.44522;0.0418804;
48;16384;16384;measure;scatter;2.53127;1.26998;1.26126;0.0143938;0.0562591;0.15954;0.0663105;0.0203264;0.021774;0.87516;0.0474982;
48;16384;16384;measure;scatter;2.25781;1.28263;0.975151;0.0141537;0.0605798;0.248741;0.0516073;0.0136365;0.0409657;0.500837;0.044631;
48;16384;16384;measure;scatter;2.14988;1.29901;0.850844;0.0145577;0.0493052;0.140917;0.102133;0.0131317;0.0381812;0.449599;0.0430192;
48;16384;16384;measure;scatter;2.46588;1.27181;1.19404;0.0159688;0.0576638;0.182725;0.0656245;0.0191884;0.0198186;0.781741;0.0513072;
48;16384;16384;measure;scatter;3.61241;1.2846;2.32775;0.0606858;0.0675998;0.920353;0.0516452;0.0132541;0.0370715;1.12285;0.0542937;
48;16384;16384;measure;scatter;2.30377;1.27195;1.03178;0.0644376;0.0733045;0.235245;0.0606404;0.0142153;0.0380581;0.495972;0.0499109;
48;16384;16384;measure;scatter;3.91837;1.27734;2.641;0.0145916;0.0717912;0.945688;0.0556739;0.0157335;0.0397176;1.44331;0.0544855;
48;16384;16384;measure;scatter;2.36307;1.26576;1.09727;0.0614843;0.0262851;0.209307;0.0659359;0.0159538;0.0384873;0.622508;0.0573118;
48;16384;16384;measure;scatter;2.30314;1.27747;1.02565;0.0140352;0.055244;0.292107;0.0522934;0.0131894;0.0404872;0.513828;0.0444669;
48;16384;16384;measure;scatter;2.33081;1.27379;1.05699;0.0137762;0.0654356;0.214351;0.0591926;0.013948;0.0326456;0.606078;0.0515637;
48;16384;16384;measure;scatter;2.2994;1.28033;1.01904;0.0139654;0.0780661;0.263519;0.0577393;0.0200435;0.0397908;0.497599;0.0483172;
48;16384;16384;measure;scatter;2.46628;1.30011;1.16615;0.0138068;0.0810078;0.152554;0.0651253;0.0144179;0.038176;0.759081;0.0419802;
48;16384;16384;measure;scatter;2.55529;1.2766;1.27867;0.0588335;0.0242024;0.276519;0.0564013;0.0132175;0.0424356;0.762226;0.0448346;
48;16384;16384;measure;scatter;2.3389;1.26993;1.06894;0.0147386;0.0504507;0.251295;0.0590192;0.0186699;0.0387433;0.592888;0.0431375;
48;16384;16384;measure;scatter;2.13389;1.27693;0.856931;0.0141769;0.0422749;0.133586;0.0956724;0.0132903;0.0390727;0.472171;0.0466867;
48;16384;16384;measure;scatter;2.24137;1.2958;0.945535;0.0139623;0.0981356;0.156068;0.0594135;0.0133692;0.0383869;0.522944;0.0432556;
48;16384;16384;measure;scatter;2.16681;1.28899;0.877787;0.0145405;0.11907;0.176968;0.0644667;0.0132557;0.036397;0.410629;0.0424596;
48;16384;16384;measure;scatter;2.95293;1.2976;1.6553;0.015481;0.134898;0.158488;0.0589062;0.0129607;0.0210972;1.12875;0.124722;
48;16384;16384;measure;scatter;2.11224;1.28969;0.822519;0.0150232;0.0612406;0.16208;0.0732793;0.0133138;0.0394837;0.407427;0.0506723;
48;16384;16384;measure;scatter;2.23715;1.30466;0.932459;0.056267;0.0626247;0.195118;0.057588;0.0133162;0.0440828;0.459816;0.0436461;
48;16384;16384;measure;scatter;2.37387;1.30518;1.06867;0.0622245;0.0709889;0.245334;0.0526504;0.0131964;0.0371749;0.539656;0.0474446;
48;16384;16384;measure;scatter;2.70865;1.28176;1.42686;0.0138386;0.0537069;0.286073;0.119937;0.0137259;0.051379;0.840117;0.0480799;
48;16384;16384;measure;scatter;3.93545;1.2909;2.64453;0.0137844;0.068514;0.938663;0.0528355;0.0181518;0.0397924;1.46494;0.0478453;
48;16384;16384;measure;scatter;2.19241;1.28123;0.911132;0.013749;0.110541;0.185035;0.0583805;0.0130666;0.0210922;0.462452;0.0468147;
48;16384;16384;measure;scatter;2.15878;1.29315;0.865602;0.0136148;0.0468043;0.210866;0.0661583;0.013139;0.0407236;0.41777;0.0565268;
48;16384;16384;measure;scatter;2.1841;1.28706;0.897019;0.106662;0.0301671;0.165596;0.0536015;0.0135176;0.0375287;0.436708;0.0532373;
48;16384;16384;measure;scatter;2.26804;1.28848;0.979538;0.0138466;0.0598908;0.250387;0.0607003;0.013118;0.043716;0.48587;0.0520097;
48;16384;16384;measure;scatter;2.24826;1.29642;0.951778;0.0140257;0.0743652;0.173355;0.0661805;0.0133365;0.0377315;0.522736;0.050048;
48;16384;16384;measure;scatter;2.30564;1.28528;1.02034;0.0135259;0.150225;0.160833;0.0526967;0.0156178;0.0404204;0.538132;0.0488878;
48;16384;16384;measure;scatter;2.44448;1.28573;1.15872;0.0137006;0.0676758;0.165094;0.0595958;0.0129979;0.0209603;0.771898;0.0467939;
48;16384;16384;measure;scatter;2.47669;1.28258;1.19408;0.014284;0.0410252;0.266831;0.0730962;0.0130977;0.0216152;0.711928;0.0522001;
48;16384;16384;measure;scatter;2.38642;1.30636;1.08003;0.13112;0.0424567;0.23412;0.0608451;0.0131441;0.0380106;0.512686;0.0476519;
48;16384;16384;measure;scatter;2.3331;1.29307;1.04;0.0580686;0.0646724;0.285193;0.0635868;0.0132102;0.0438948;0.46371;0.0476644;
48;16384;16384;measure;scatter;2.58573;1.28137;1.30433;0.0143286;0.0576723;0.268095;0.0638959;0.0175108;0.0204078;0.812578;0.0498385;
48;16384;16384;measure;scatter;2.92201;1.28648;1.6355;0.0140387;0.0522372;0.246084;0.0629142;0.013189;0.0201147;1.17965;0.0472737;
48;16384;16384;measure;scatter;2.72359;1.2942;1.42936;0.145863;0.0250605;0.0413734;0.0603469;0.0132467;0.0195683;1.07793;0.0459785;
48;16384;16384;measure;scatter;2.41231;1.29092;1.12136;0.0141843;0.0601555;0.382519;0.0503367;0.0173888;0.0364826;0.513827;0.046465;
48;16384;16384;measure;scatter;2.46029;1.28897;1.17129;0.0138878;0.0487881;0.181947;0.069804;0.0129881;0.0220045;0.775293;0.0465757;
48;16384;16384;measure;scatter;2.12708;1.29618;0.830877;0.0155279;0.0558887;0.188155;0.063687;0.0130581;0.0352888;0.410273;0.0489989;
48;16384;16384;measure;scatter;2.25287;1.29389;0.958957;0.0141148;0.0242727;0.300132;0.0693533;0.0138648;0.0375908;0.453954;0.0456743;
48;16384;16384;measure;scatter;3.48856;1.29376;2.19477;0.0139423;0.0685632;0.184026;0.0726669;0.0178905;0.0212316;1.76922;0.0472329;
48;16384;16384;measure;scatter;2.32485;1.30028;1.02455;0.0154384;0.0648505;0.271462;0.0648514;0.0133837;0.0358059;0.514031;0.0447247;
48;16384;16384;measure;scatter;2.80658;1.29746;1.50909;0.0135371;0.0523579;0.199304;0.0671723;0.0130695;0.0214794;1.0956;0.0465756;
48;16384;16384;measure;scatter;2.23902;1.29161;0.947388;0.126605;0.0242952;0.138985;0.0628414;0.0176027;0.0392882;0.488996;0.0487734;
48;16384;16384;measure;scatter;1.93899;1.08704;0.851925;0.0740009;0.0676993;0.192833;0.0297267;0.0114327;0.0223466;0.4112;0.0426868;
48;16384;16384;measure;scatter;1.72242;0.976401;0.745995;0.0629846;0.0690149;0.229844;0.0344225;0.0093487;0.019818;0.289346;0.0312168;
48;16384;16384;measure;scatter;1.77579;0.983427;0.792345;0.0122035;0.047425;0.321331;0.0365988;0.0108968;0.0245004;0.307441;0.0319482;
48;16384;16384;measure;scatter;1.73444;0.995127;0.739287;0.0420557;0.0609736;0.150524;0.0340353;0.011463;0.0254061;0.383763;0.0310666;
48;16384;16384;measure;scatter;1.71307;1.01275;0.700281;0.00823758;0.0622201;0.201893;0.033728;0.0104484;0.0261108;0.326615;0.0310278;
48;16384;16384;measure;scatter;1.70977;0.987404;0.722338;0.0519635;0.0811336;0.1815;0.0335248;0.0101654;0.025925;0.307103;0.0310232;
48;16384;16384;measure;scatter;2.05858;0.973641;1.08492;0.0147151;0.0540686;0.331771;0.0277236;0.00939942;0.0214414;0.593068;0.032734;
48;16384;16384;measure;scatter;1.89172;0.974335;0.917366;0.0730156;0.0723464;0.266437;0.0366161;0.00891643;0.0211698;0.402126;0.0367387;
48;16384;16384;measure;scatter;1.93697;0.96825;0.968696;0.0140168;0.0579899;0.316847;0.0319726;0.00778138;0.0235576;0.483702;0.0328291;
48;16384;16384;measure;scatter;1.97397;0.973721;1.00024;0.107336;0.0617116;0.223116;0.0303387;0.00936705;0.0192417;0.508889;0.0402357;
48;16384;16384;measure;scatter;1.77019;1.02221;0.747946;0.0423389;0.0600886;0.166076;0.0317559;0.0109344;0.0271103;0.371007;0.038635;
48;16384;16384;measure;scatter;1.84929;1.02606;0.82321;0.008593;0.0572003;0.304149;0.0320033;0.007506;0.0235779;0.350206;0.0399746;
48;16384;16384;measure;scatter;1.77998;0.971686;0.808275;0.0503987;0.0663396;0.308519;0.0344559;0.00968486;0.0196483;0.285508;0.0337205;
48;16384;16384;measure;scatter;1.69885;0.97103;0.727794;0.0587843;0.0201818;0.286987;0.0381415;0.00901138;0.019862;0.262472;0.0323536;
48;16384;16384;measure;scatter;1.72902;1.02692;0.702062;0.0337072;0.0320042;0.270854;0.0350179;0.0100175;0.0231461;0.266434;0.0308816;
48;16384;16384;measure;scatter;1.81155;0.971409;0.840122;0.0597944;0.0587657;0.246256;0.0371713;0.00945632;0.0179453;0.37906;0.0316733;
48;16384;16384;measure;scatter;1.69874;1.02844;0.670281;0.0435872;0.0873812;0.110168;0.0325785;0.0102575;0.0217825;0.334699;0.0298275;
48;16384;16384;measure;scatter;1.94649;1.03042;0.916054;0.0512044;0.0612863;0.190692;0.0307023;0.00987836;0.0250706;0.503158;0.0440616;
48;16384;16384;measure;scatter;1.9884;1.01815;0.97023;0.0422458;0.054145;0.199229;0.029249;0.00998067;0.0375953;0.571686;0.0260986;
48;16384;16384;measure;scatter;1.76275;0.979306;0.783405;0.0486437;0.0597736;0.286823;0.0355515;0.00847604;0.024794;0.287253;0.0320899;
48;16384;16384;measure;scatter;1.75311;0.983703;0.769384;0.00874876;0.0607354;0.330226;0.0378889;0.00891036;0.0223575;0.269372;0.0311454;
48;16384;16384;measure;scatter;1.90463;1.01765;0.88696;0.0416413;0.0516191;0.332397;0.0303037;0.010657;0.0205958;0.369387;0.0303584;
48;16384;16384;measure;scatter;1.84715;1.02524;0.82189;0.00903051;0.05078;0.294091;0.0302816;0.0104931;0.0263313;0.353279;0.047604;
48;16384;16384;measure;scatter;2.00191;1.02546;0.976434;0.0437122;0.0543138;0.252585;0.0283264;0.0101498;0.0274965;0.529312;0.0305381;
48;16384;16384;measure;scatter;1.66575;0.987963;0.677767;0.0119918;0.086796;0.235082;0.0306924;0.00952506;0.0215332;0.249903;0.0322436;
48;16384;16384;measure;scatter;1.88694;1.04498;0.84193;0.0496141;0.0620865;0.130393;0.0308042;0.0104605;0.0290462;0.503059;0.0264666;
48;16384;16384;measure;scatter;1.90914;1.03159;0.877538;0.078602;0.0231363;0.162706;0.0354036;0.0090734;0.0261951;0.502212;0.04021;
48;16384;16384;measure;scatter;1.67924;0.975096;0.704122;0.053721;0.0315964;0.266434;0.0339996;0.00996777;0.0227859;0.254418;0.0311985;
48;16384;16384;measure;scatter;1.64634;0.975979;0.670336;0.012772;0.0637807;0.262845;0.0291586;0.0111047;0.0221018;0.234889;0.0336836;
48;16384;16384;measure;scatter;1.74588;0.968142;0.777717;0.0751253;0.0173949;0.247547;0.0332171;0.00891958;0.0178273;0.338611;0.0390752;
48;16384;16384;measure;scatter;1.719;0.979259;0.739723;0.0851293;0.0855783;0.172289;0.0302114;0.00915205;0.0276669;0.297537;0.0321598;
48;16384;16384;measure;scatter;1.95343;1.02465;0.928762;0.0587099;0.071418;0.179078;0.0259442;0.00988949;0.0224902;0.536511;0.0247211;
48;16384;16384;measure;scatter;1.75609;0.981475;0.774594;0.0142559;0.0547082;0.300098;0.0340204;0.00851716;0.0177651;0.311045;0.0341847;
48;16384;16384;measure;scatter;1.7018;0.970866;0.730908;0.0457847;0.0366262;0.268636;0.0315393;0.0113517;0.0211878;0.283715;0.0320682;
48;16384;16384;measure;scatter;1.66621;0.975298;0.690894;0.0931629;0.0374229;0.165321;0.031486;0.0120611;0.0237099;0.293475;0.0342553;
48;16384;16384;measure;scatter;1.6684;0.976201;0.692181;0.0562721;0.0456703;0.245319;0.0307979;0.0105858;0.0190423;0.248581;0.0359128;
48;16384;16384;measure;scatter;1.63942;0.987898;0.651482;0.00856775;0.0717669;0.217084;0.0322164;0.00910318;0.0240034;0.257832;0.0309086;
48;16384;16384;measure;scatter;2.11812;1.03169;1.08641;0.0388485;0.0505194;0.30922;0.0310408;0.0109003;0.0318049;0.586286;0.0277901;
48;16384;16384;measure;scatter;2.13346;1.01464;1.1188;0.0318456;0.049489;0.332406;0.0336359;0.00946458;0.0454956;0.588192;0.0282744;
48;16384;16384;measure;scatter;1.95534;1.03029;0.925022;0.0462422;0.0426275;0.181;0.0343778;0.0117785;0.0283536;0.545524;0.0351178;
48;16384;16384;measure;scatter;1.75988;1.03821;0.721642;0.00831848;0.0792099;0.139865;0.037227;0.0108273;0.0246888;0.39323;0.0282753;
48;16384;16384;measure;scatter;1.74784;0.988574;0.759241;0.100298;0.0259308;0.183974;0.0308583;0.0105445;0.0253823;0.352251;0.0300023;
48;16384;16384;measure;scatter;1.55155;0.949462;0.60207;0.0131686;0.037875;0.193707;0.0305327;0.0100701;0.0088336;0.270461;0.0374221;
48;16384;16384;measure;scatter;1.8183;1.02423;0.794039;0.0511808;0.0582399;0.132428;0.0321627;0.00869453;0.0286099;0.455842;0.0268813;
48;16384;16384;measure;scatter;1.6142;0.945914;0.668264;0.0475049;0.0135896;0.222617;0.0283792;0.00988943;0.0108306;0.302832;0.0326219;
48;16384;16384;measure;scatter;2.01361;0.993285;1.02031;0.0415677;0.0529221;0.285933;0.0334634;0.0114412;0.0313704;0.532514;0.0310934;
48;16384;16384;measure;scatter;1.579;0.951445;0.627531;0.0375878;0.0214361;0.193748;0.0259144;0.00929897;0.0124929;0.294501;0.0325523;
48;16384;16384;measure;scatter;1.91406;1.02571;0.888329;0.0488953;0.060014;0.119725;0.0367198;0.0116159;0.0277791;0.550603;0.0329774;
48;16384;16384;measure;scatter;1.61879;0.952809;0.665958;0.10003;0.0264272;0.207585;0.0342462;0.00917972;0.0153694;0.240873;0.0322475;
48;16384;16384;measure;scatter;1.67998;0.952736;0.727213;0.0429798;0.0264354;0.277963;0.033445;0.0103214;0.0143327;0.287888;0.0338472;
48;16384;16384;measure;scatter;1.66302;0.941322;0.721665;0.0904305;0.0177483;0.170832;0.0201562;0.00618439;0.00885502;0.391915;0.0155431;
48;16384;16384;measure;scatter;1.65784;0.918608;0.739208;0.0837604;0.0121307;0.101335;0.0227061;0.00575908;0.010436;0.485944;0.0171363;
48;16384;16384;measure;scatter;1.69389;0.947631;0.746241;0.0968065;0.0295649;0.217148;0.0209356;0.00720395;0.0177177;0.344298;0.0125664;
48;16384;16384;measure;scatter;1.37385;0.899121;0.474704;0.0264427;0.01997;0.122849;0.0203499;0.00575238;0.0102368;0.243345;0.0257584;
48;16384;16384;measure;scatter;1.38769;0.88786;0.499804;0.00558443;0.00620354;0.202002;0.0195637;0.00853117;0.0083725;0.233239;0.0163071;
48;16384;16384;measure;scatter;1.38356;0.891874;0.49163;0.00512766;0.0211482;0.161544;0.0218929;0.00624463;0.00784214;0.252966;0.0148643;
48;16384;16384;measure;scatter;1.37355;0.902022;0.471496;0.0274488;0.0202593;0.122864;0.0221926;0.00623635;0.00827997;0.249154;0.0150614;
48;16384;16384;measure;scatter;1.39362;0.904092;0.489477;0.0301561;0.0182961;0.125679;0.0194771;0.00605714;0.00699326;0.266792;0.0160263;
48;16384;16384;measure;scatter;1.41434;0.907186;0.507128;0.0363433;0.00971362;0.123207;0.0222418;0.00936163;0.0100921;0.280767;0.0154011;
48;16384;16384;measure;scatter;1.38486;0.909404;0.475409;0.0274922;0.0247292;0.126664;0.0199988;0.00598283;0.00794878;0.247051;0.0155422;
48;16384;16384;measure;scatter;1.3672;0.90403;0.463138;0.0290655;0.0309305;0.106315;0.0225103;0.00609422;0.00576533;0.246747;0.0157099;
48;16384;16384;measure;scatter;1.51664;0.911839;0.604774;0.0325232;0.0539739;0.143751;0.0197243;0.00511619;0.0132682;0.322149;0.0142687;
48;16384;16384;measure;scatter;1.39775;0.91328;0.484434;0.0400667;0.0162729;0.125185;0.0197182;0.00617746;0.00633459;0.254271;0.0164086;
48;16384;16384;measure;scatter;1.37224;0.907615;0.464588;0.0276211;0.0172978;0.127703;0.02388;0.00592698;0.00556106;0.241378;0.0152199;
48;16384;16384;measure;scatter;1.39224;0.912016;0.480154;0.0372428;0.0133743;0.136207;0.0194584;0.00582486;0.00854349;0.24344;0.016063;
48;16384;16384;measure;scatter;1.40652;0.912631;0.493812;0.0424648;0.0143512;0.13362;0.0209884;0.00530468;0.0084027;0.253909;0.0147716;
48;16384;16384;measure;scatter;1.41474;0.911076;0.503641;0.0353098;0.0121843;0.129291;0.0213628;0.00619815;0.00631985;0.272679;0.0202968;
48;16384;16384;measure;scatter;1.42329;0.907751;0.515489;0.0278783;0.019564;0.131019;0.0214059;0.00675451;0.00586223;0.287279;0.0157254;
48;16384;16384;measure;scatter;1.45412;0.908466;0.545625;0.0452777;0.0241885;0.128016;0.0210745;0.00597568;0.00931858;0.295941;0.0158328;
48;16384;16384;measure;scatter;1.40439;0.902212;0.502143;0.0391135;0.00649786;0.129146;0.0194122;0.00628241;0.0082169;0.276144;0.0173298;
48;16384;16384;measure;scatter;1.36704;0.912494;0.454508;0.034636;0.0100892;0.128692;0.0196614;0.00625596;0.00850801;0.23063;0.0160352;
48;16384;16384;measure;scatter;1.35226;0.907561;0.444644;0.0354061;0.0262426;0.0964876;0.0278927;0.00600306;0.00934856;0.227265;0.0159992;
48;16384;16384;measure;scatter;1.40747;0.915186;0.492239;0.031775;0.0108556;0.13159;0.0218351;0.00640293;0.00871535;0.264849;0.0162161;
48;16384;16384;measure;scatter;1.36865;0.91059;0.458023;0.0364243;0.0145443;0.115743;0.022012;0.00611484;0.00696855;0.239789;0.0164261;
48;16384;16384;measure;scatter;1.43164;0.908799;0.522807;0.0374285;0.0200941;0.121542;0.0204968;0.00590786;0.00531355;0.268457;0.0435672;
48;16384;16384;measure;scatter;1.63055;0.914745;0.715755;0.0693702;0.0218864;0.107791;0.0229476;0.0061212;0.0110641;0.459234;0.017341;
48;16384;16384;measure;scatter;1.4117;0.904881;0.506798;0.0372888;0.0190691;0.124166;0.0224501;0.00618159;0.0101237;0.274611;0.0129077;
48;16384;16384;measure;scatter;1.43347;0.914541;0.518912;0.0287742;0.0199296;0.119919;0.0219085;0.00664052;0.00778092;0.290978;0.022981;
48;16384;16384;measure;scatter;1.57287;0.933283;0.639571;0.0593046;0.0227587;0.148236;0.0175592;0.00548294;0.0187375;0.352619;0.0148726;
48;16384;16384;measure;scatter;1.40829;0.911387;0.496872;0.0287816;0.0138224;0.136445;0.0302593;0.00729507;0.00837649;0.25549;0.0164016;
48;16384;16384;measure;scatter;1.42234;0.916937;0.505376;0.0507196;0.00885074;0.133403;0.02105;0.00536193;0.015953;0.256077;0.0139605;
48;16384;16384;measure;scatter;1.51654;0.908352;0.608163;0.0697814;0.00853035;0.165832;0.0200633;0.00532564;0.0125326;0.311999;0.0140979;
48;16384;16384;measure;scatter;1.35877;0.913173;0.445576;0.0368917;0.00800448;0.144039;0.0224512;0.00623997;0.0118473;0.197609;0.0184935;
48;16384;16384;measure;scatter;1.36083;0.9009;0.45988;0.0287135;0.0150192;0.130561;0.0208289;0.00679679;0.00714147;0.235155;0.0156642;
48;16384;16384;measure;scatter;1.57026;0.911714;0.658523;0.0304972;0.0686704;0.125454;0.0273453;0.0061648;0.0134004;0.373487;0.0135035;
48;16384;16384;measure;scatter;1.43878;0.906577;0.532176;0.0375958;0.0338585;0.143289;0.0226024;0.00557243;0.0122357;0.258499;0.0185234;
48;16384;16384;measure;scatter;1.39229;0.90943;0.482808;0.0432168;0.00456692;0.144021;0.0203564;0.0054558;0.00743256;0.240307;0.0174518;
48;16384;16384;measure;scatter;1.37469;0.908492;0.466173;0.0356116;0.0112719;0.127391;0.0211408;0.00606262;0.0083731;0.241311;0.0150114;
48;16384;16384;measure;scatter;1.4267;0.911314;0.515307;0.0451193;0.0170065;0.116024;0.0237752;0.00653534;0.00856874;0.283986;0.0142929;
48;16384;16384;measure;scatter;1.39457;0.910692;0.483858;0.0284718;0.0245981;0.11135;0.0240205;0.00624166;0.00696883;0.260184;0.0220232;
48;16384;16384;measure;scatter;1.52396;0.920904;0.603028;0.0979686;0.00619559;0.123784;0.0266285;0.00858098;0.0132867;0.311178;0.0154055;
48;16384;16384;measure;scatter;1.6428;0.915897;0.726853;0.0986485;0.006587;0.160858;0.0221897;0.00597141;0.00728523;0.409943;0.0153694;
48;16384;16384;measure;scatter;1.68093;0.927102;0.753801;0.0985681;0.0292958;0.188626;0.017815;0.00605605;0.0153568;0.382319;0.0157636;
48;16384;16384;measure;scatter;1.62333;0.916038;0.707262;0.0675095;0.0453985;0.173564;0.018927;0.00603706;0.00957729;0.370705;0.0155433;
48;16384;16384;measure;scatter;1.47331;0.916802;0.556473;0.0677108;0.0331544;0.186346;0.0185279;0.00510416;0.00773484;0.220279;0.017617;
48;16384;16384;measure;scatter;1.62313;0.92084;0.702274;0.0861943;0.0205108;0.157696;0.0191044;0.00581025;0.00832103;0.388545;0.0160926;
48;16384;16384;measure;scatter;1.69567;0.938843;0.756801;0.0828673;0.0334426;0.211263;0.021497;0.00574788;0.0173601;0.370546;0.0140771;
48;16384;16384;measure;scatter;1.45034;0.929815;0.520469;0.0499316;0.0292755;0.116935;0.0222349;0.00566119;0.0094445;0.269321;0.0176653;
48;16384;16384;measure;scatter;1.60283;0.934938;0.667875;0.105654;0.0248266;0.222565;0.0184534;0.00554916;0.0172201;0.260346;0.0132616;
48;16384;16384;measure;scatter;1.47271;0.915656;0.557022;0.0922141;0.00493853;0.114169;0.0215123;0.00610883;0.0140363;0.287839;0.0162044;