n_threads;n_x;n_y;plan;run_flag;total;initialization;fft_2d_total;
48;16384;16384;measure;scatter;5.22786;2.64024;2.58762;
48;16384;16384;measure;scatter;5.20622;2.64647;2.55975;
48;16384;16384;measure;scatter;5.21928;2.65765;2.56163;
48;16384;16384;measure;scatter;5.22528;2.65095;2.57433;
48;16384;16384;measure;scatter;5.24156;2.65091;2.59065;
48;16384;16384;measure;scatter;5.21266;2.72978;2.48288;
48;16384;16384;measure;scatter;5.26977;2.79164;2.47813;
48;16384;16384;measure;scatter;5.23355;2.77996;2.45358;
48;16384;16384;measure;scatter;5.21101;2.64859;2.56242;
48;16384;16384;measure;scatter;5.20398;2.64405;2.55992;
48;16384;16384;measure;scatter;5.23442;2.66161;2.57281;
48;16384;16384;measure;scatter;5.18285;2.6303;2.55255;
48;16384;16384;measure;scatter;5.18695;2.64776;2.53919;
48;16384;16384;measure;scatter;5.2205;2.66274;2.55775;
48;16384;16384;measure;scatter;5.14337;2.70047;2.4429;
48;16384;16384;measure;scatter;5.16324;2.71999;2.44325;
48;16384;16384;measure;scatter;5.21219;2.65927;2.55292;
48;16384;16384;measure;scatter;5.23858;2.76801;2.47057;
48;16384;16384;measure;scatter;5.21329;2.6526;2.56069;
48;16384;16384;measure;scatter;5.23046;2.66028;2.57018;
48;16384;16384;measure;scatter;5.20906;2.64617;2.56289;
48;16384;16384;measure;scatter;5.21673;2.65264;2.56409;
48;16384;16384;measure;scatter;5.20832;2.67272;2.5356;
48;16384;16384;measure;scatter;5.2395;2.66565;2.57385;
48;16384;16384;measure;scatter;5.24432;2.79125;2.45307;
48;16384;16384;measure;scatter;5.24656;2.7855;2.46106;
48;16384;16384;measure;scatter;5.20892;2.72877;2.48016;
48;16384;16384;measure;scatter;5.22513;2.65458;2.57056;
48;16384;16384;measure;scatter;5.15901;2.71281;2.4462;
48;16384;16384;measure;scatter;5.20636;2.73002;2.47635;
48;16384;16384;measure;scatter;5.2352;2.66022;2.57498;
48;16384;16384;measure;scatter;5.24935;2.66179;2.58755;
48;16384;16384;measure;scatter;5.18495;2.72318;2.46177;
48;16384;16384;measure;scatter;5.27903;2.80878;2.47025;
48;16384;16384;measure;scatter;5.21808;2.65886;2.55922;
48;16384;16384;measure;scatter;5.22609;2.6567;2.56939;
48;16384;16384;measure;scatter;5.20022;2.6447;2.55552;
48;16384;16384;measure;scatter;5.13122;2.66033;2.47088;
48;16384;16384;measure;scatter;5.24375;2.66436;2.57939;
48;16384;16384;measure;scatter;5.22942;2.66226;2.56716;
48;16384;16384;measure;scatter;5.21799;2.7751;2.44289;
48;16384;16384;measure;scatter;5.18539;2.63674;2.54865;
48;16384;16384;measure;scatter;5.16272;2.63196;2.53076;
48;16384;16384;measure;scatter;5.22545;2.64361;2.58184;
48;16384;16384;measure;scatter;5.16722;2.4475;2.71972;
48;16384;16384;measure;scatter;5.17519;2.72191;2.45328;
48;16384;16384;measure;scatter;5.1868;2.6325;2.5543;
48;16384;16384;measure;scatter;5.20074;2.70961;2.49114;
48;16384;16384;measure;scatter;5.17706;2.63988;2.53718;
48;16384;16384;measure;scatter;5.14244;2.61475;2.52769;
48;16384;16384;measure;scatter;11.2505;1.56001;9.69049;
48;16384;16384;measure;scatter;11.2403;1.52376;9.71657;
48;16384;16384;measure;scatter;10.9583;1.67831;9.27998;
48;16384;16384;measure;scatter;10.3523;1.53323;8.81905;
48;16384;16384;measure;scatter;11.1341;1.52311;9.611;
48;16384;16384;measure;scatter;11.2025;1.51914;9.68332;
48;16384;16384;measure;scatter;9.55556;1.5261;8.02945;
48;16384;16384;measure;scatter;10.1523;1.52796;8.62438;
48;16384;16384;measure;scatter;10.8587;1.53213;9.32656;
48;16384;16384;measure;scatter;14.8539;1.52254;13.3314;
48;16384;16384;measure;scatter;12.7533;1.52229;11.231;
48;16384;16384;measure;scatter;9.82383;1.65855;8.16528;
48;16384;16384;measure;scatter;10.8153;1.52896;9.2863;
48;16384;16384;measure;scatter;11.5472;1.52083;10.0264;
48;16384;16384;measure;scatter;9.30423;1.5256;7.77862;
48;16384;16384;measure;scatter;10.3481;1.52713;8.82101;
48;16384;16384;measure;scatter;10.6095;1.53899;9.07052;
48;16384;16384;measure;scatter;10.622;1.52698;9.09503;
48;16384;16384;measure;scatter;12.3647;1.51525;10.8495;
48;16384;16384;measure;scatter;9.56918;1.53153;8.03765;
48;16384;16384;measure;scatter;10.4234;1.52572;8.89768;
48;16384;16384;measure;scatter;10.2033;1.54999;8.65328;
48;16384;16384;measure;scatter;10.6616;1.52329;9.13834;
48;16384;16384;measure;scatter;10.4045;1.52258;8.88192;
48;16384;16384;measure;scatter;10.5148;1.52853;8.98628;
48;16384;16384;measure;scatter;11.271;1.36966;9.90137;
48;16384;16384;measure;scatter;10.9527;1.53607;9.4166;
48;16384;16384;measure;scatter;13.4185;1.52086;11.8976;
48;16384;16384;measure;scatter;8.44399;1.5387;6.9053;
48;16384;16384;measure;scatter;8.6944;1.53145;7.16295;
48;16384;16384;measure;scatter;11.3442;1.51132;9.83289;
48;16384;16384;measure;scatter;11.4683;1.51307;9.95524;
48;16384;16384;measure;scatter;11.1558;1.51931;9.63649;
48;16384;16384;measure;scatter;10.7272;1.53397;9.19319;
48;16384;16384;measure;scatter;10.9648;1.53455;9.43025;
48;16384;16384;measure;scatter;10.4096;1.53518;8.87445;
48;16384;16384;measure;scatter;10.2538;1.52441;8.72939;
48;16384;16384;measure;scatter;10.1922;1.5253;8.66693;
48;16384;16384;measure;scatter;10.171;1.52685;8.64412;
48;16384;16384;measure;scatter;11.5978;1.52702;10.0708;
48;16384;16384;measure;scatter;13.3451;1.53499;11.8101;
48;16384;16384;measure;scatter;10.7125;1.66406;9.04846;
48;16384;16384;measure;scatter;9.86933;1.66712;8.20221;
48;16384;16384;measure;scatter;8.67365;1.51361;7.16004;
48;16384;16384;measure;scatter;12.6208;1.51305;11.1078;
48;16384;16384;measure;scatter;13.0457;1.5198;11.5259;
48;16384;16384;measure;scatter;9.11835;1.52123;7.59712;
48;16384;16384;measure;scatter;11.4618;1.5225;9.93927;
48;16384;16384;measure;scatter;11.1164;1.51436;9.60207;
48;16384;16384;measure;scatter;12.3993;1.51566;10.8836;
48;16384;16384;measure;scatter;6.29821;1.29807;5.00014;
48;16384;16384;measure;scatter;6.25965;1.31075;4.94891;
48;16384;16384;measure;scatter;5.77927;1.32356;4.4557;
48;16384;16384;measure;scatter;5.00779;1.28651;3.72128;
48;16384;16384;measure;scatter;4.52761;1.29984;3.22776;
48;16384;16384;measure;scatter;6.46517;1.30345;5.16172;
48;16384;16384;measure;scatter;6.15968;1.29951;4.86017;
48;16384;16384;measure;scatter;5.65479;1.33714;4.31765;
48;16384;16384;measure;scatter;5.33433;1.33102;4.00331;
48;16384;16384;measure;scatter;6.37168;1.31706;5.05462;
48;16384;16384;measure;scatter;5.48376;1.28412;4.19964;
48;16384;16384;measure;scatter;4.68036;1.29297;3.38739;
48;16384;16384;measure;scatter;5.82044;1.34188;4.47856;
48;16384;16384;measure;scatter;5.90624;1.30529;4.60095;
48;16384;16384;measure;scatter;6.24228;1.36386;4.87842;
48;16384;16384;measure;scatter;6.90913;1.33909;5.57004;
48;16384;16384;measure;scatter;6.0323;1.3283;4.704;
48;16384;16384;measure;scatter;6.15239;1.32527;4.82712;
48;16384;16384;measure;scatter;6.04391;1.32008;4.72383;
48;16384;16384;measure;scatter;6.41857;1.38619;5.03238;
48;16384;16384;measure;scatter;5.76058;1.29783;4.46275;
48;16384;16384;measure;scatter;5.77503;1.29957;4.47545;
48;16384;16384;measure;scatter;5.9648;1.28752;4.67728;
48;16384;16384;measure;scatter;5.09262;1.33841;3.7542;
48;16384;16384;measure;scatter;5.56571;1.31904;4.24668;
48;16384;16384;measure;scatter;5.81133;1.30875;4.50258;
48;16384;16384;measure;scatter;6.20152;1.30882;4.8927;
48;16384;16384;measure;scatter;5.59927;1.30646;4.29281;
48;16384;16384;measure;scatter;6.14991;1.29389;4.85602;
48;16384;16384;measure;scatter;5.63572;1.2954;4.34032;
48;16384;16384;measure;scatter;4.26823;1.31891;2.94932;
48;16384;16384;measure;scatter;6.86146;1.30049;5.56097;
48;16384;16384;measure;scatter;6.23804;1.29948;4.93856;
48;16384;16384;measure;scatter;4.86779;1.29304;3.57475;
48;16384;16384;measure;scatter;9.14717;1.29917;7.84799;
48;16384;16384;measure;scatter;5.59155;1.34488;4.24667;
48;16384;16384;measure;scatter;5.95197;1.29491;4.65705;
48;16384;16384;measure;scatter;5.76247;1.32967;4.43279;
48;16384;16384;measure;scatter;6.58271;1.29018;5.29253;
48;16384;16384;measure;scatter;5.95385;1.32353;4.63032;
48;16384;16384;measure;scatter;6.28089;1.32229;4.95859;
48;16384;16384;measure;scatter;6.10135;1.34748;4.75387;
48;16384;16384;measure;scatter;6.36416;1.47398;4.89019;
48;16384;16384;measure;scatter;5.63147;1.29742;4.33404;
48;16384;16384;measure;scatter;5.43036;1.30971;4.12064;
48;16384;16384;measure;scatter;6.10212;1.33776;4.76436;
48;16384;16384;measure;scatter;6.10978;1.29312;4.81666;
48;16384;16384;measure;scatter;8.72896;1.33336;7.39561;
48;16384;16384;measure;scatter;6.28299;1.29288;4.99011;
48;16384;16384;measure;scatter;6.38633;1.29561;5.09072;
48;16384;16384;measure;scatter;4.65897;1.19343;3.46554;
48;16384;16384;measure;scatter;3.86364;1.29151;2.57213;
48;16384;16384;measure;scatter;4.58617;1.15609;3.43008;
48;16384;16384;measure;scatter;4.40669;1.25118;3.15551;
48;16384;16384;measure;scatter;3.91729;1.17898;2.73831;
48;16384;16384;measure;scatter;3.54622;1.58371;1.96251;
48;16384;16384;measure;scatter;4.66492;1.21831;3.44662;
48;16384;16384;measure;scatter;4.36171;1.40353;2.95818;
48;16384;16384;measure;scatter;4.36177;1.67798;2.6838;
48;16384;16384;measure;scatter;4.65077;1.20501;3.44576;
48;16384;16384;measure;scatter;3.76344;1.35327;2.41016;
48;16384;16384;measure;scatter;4.65735;1.17871;3.47865;
48;16384;16384;measure;scatter;4.54584;1.25797;3.28787;
48;16384;16384;measure;scatter;4.23543;0.938614;3.29682;
48;16384;16384;measure;scatter;4.5192;1.22105;3.29815;
48;16384;16384;measure;scatter;4.70573;1.12305;3.58268;
48;16384;16384;measure;scatter;4.23924;1.18774;3.05149;
48;16384;16384;measure;scatter;4.96961;1.13955;3.83006;
48;16384;16384;measure;scatter;4.29448;1.27455;3.01994;
48;16384;16384;measure;scatter;4.08133;1.15908;2.92225;
48;16384;16384;measure;scatter;5.09458;1.25432;3.84026;
48;16384;16384;measure;scatter;4.28373;1.28017;3.00356;
48;16384;16384;measure;scatter;4.52727;1.2927;3.23457;
48;16384;16384;measure;scatter;4.26197;1.25294;3.00904;
48;16384;16384;measure;scatter;3.4625;0.920276;2.54223;
48;16384;16384;measure;scatter;4.48294;1.13206;3.35087;
48;16384;16384;measure;scatter;4.68867;1.17802;3.51065;
48;16384;16384;measure;scatter;4.41323;1.16032;3.25291;
48;16384;16384;measure;scatter;5.11803;1.21617;3.90187;
48;16384;16384;measure;scatter;4.16392;1.26103;2.9029;
48;16384;16384;measure;scatter;5.10759;1.17488;3.93271;
48;16384;16384;measure;scatter;4.91082;1.25666;3.65416;
48;16384;16384;measure;scatter;4.08411;1.16694;2.91717;
48;16384;16384;measure;scatter;4.033;1.14423;2.88876;
48;16384;16384;measure;scatter;4.43529;1.24423;3.19107;
48;16384;16384;measure;scatter;4.09233;1.6712;2.42113;
48;16384;16384;measure;scatter;4.20032;1.30375;2.89657;
48;16384;16384;measure;scatter;5.2542;1.73701;3.51719;
48;16384;16384;measure;scatter;3.93043;1.26942;2.66101;
48;16384;16384;measure;scatter;3.95706;1.23709;2.71997;
48;16384;16384;measure;scatter;4.86551;1.27453;3.59098;
48;16384;16384;measure;scatter;4.52712;1.27168;3.25544;
48;16384;16384;measure;scatter;4.34997;1.22373;3.12624;
48;16384;16384;measure;scatter;4.55252;1.25305;3.29948;
48;16384;16384;measure;scatter;4.17361;1.13905;3.03456;
48;16384;16384;measure;scatter;4.49693;1.17065;3.32628;
48;16384;16384;measure;scatter;4.01129;1.15763;2.85366;
48;16384;16384;measure;scatter;3.9894;1.21191;2.77749;
48;16384;16384;measure;scatter;4.37054;1.16596;3.20457;
48;16384;16384;measure;scatter;4.86777;1.22283;3.64494;
48;16384;16384;measure;scatter;4.02491;1.06603;2.95888;
48;16384;16384;measure;scatter;4.30676;1.00563;3.30113;
48;16384;16384;measure;scatter;3.916;1.15552;2.76048;
48;16384;16384;measure;scatter;3.99028;1.06122;2.92906;
48;16384;16384;measure;scatter;4.31727;1.06577;3.2515;
48;16384;16384;measure;scatter;3.9978;1.04641;2.95139;
48;16384;16384;measure;scatter;3.82485;1.00531;2.81953;
48;16384;16384;measure;scatter;4.18855;1.16391;3.02465;
48;16384;16384;measure;scatter;3.99704;1.04758;2.94947;
48;16384;16384;measure;scatter;3.84041;1.07437;2.76603;
48;16384;16384;measure;scatter;4.65106;1.19008;3.46098;
48;16384;16384;measure;scatter;3.95069;1.09311;2.85758;
48;16384;16384;measure;scatter;4.05369;1.01084;3.04285;
48;16384;16384;measure;scatter;3.96424;1.1047;2.85954;
48;16384;16384;measure;scatter;4.11745;1.02101;3.09643;
48;16384;16384;measure;scatter;4.22916;1.70079;2.52836;
48;16384;16384;measure;scatter;4.12467;1.39558;2.7291;
48;16384;16384;measure;scatter;4.16046;1.0022;3.15826;
48;16384;16384;measure;scatter;4.15404;1.09589;3.05814;
48;16384;16384;measure;scatter;4.20008;1.78264;2.41744;
48;16384;16384;measure;scatter;4.03613;1.57901;2.45712;
48;16384;16384;measure;scatter;4.17811;2.00732;2.17079;
48;16384;16384;measure;scatter;4.17194;1.08059;3.09134;
48;16384;16384;measure;scatter;3.94034;1.02078;2.91956;
48;16384;16384;measure;scatter;3.9445;1.73761;2.20689;
48;16384;16384;measure;scatter;4.28841;1.07936;3.20905;
48;16384;16384;measure;scatter;4.04543;1.20853;2.8369;
48;16384;16384;measure;scatter;4.05538;1.08683;2.96855;
48;16384;16384;measure;scatter;4.12182;1.07364;3.04818;
48;16384;16384;measure;scatter;3.92194;1.08315;2.83879;
48;16384;16384;measure;scatter;4.23686;1.01116;3.2257;
48;16384;16384;measure;scatter;3.94164;1.0909;2.85074;
48;16384;16384;measure;scatter;4.16012;1.05443;3.1057;
48;16384;16384;measure;scatter;4.20523;1.03531;3.16993;
48;16384;16384;measure;scatter;4.31236;1.96851;2.34385;
48;16384;16384;measure;scatter;4.14211;1.06776;3.07435;
48;16384;16384;measure;scatter;3.9669;1.67894;2.28795;
48;16384;16384;measure;scatter;3.94061;0.948752;2.99186;
48;16384;16384;measure;scatter;4.01804;1.63338;2.38465;
48;16384;16384;measure;scatter;3.97125;1.73059;2.24066;
48;16384;16384;measure;scatter;4.05313;1.13018;2.92295;
48;16384;16384;measure;scatter;3.82986;1.05842;2.77144;
48;16384;16384;measure;scatter;4.15043;1.0693;3.08113;
48;16384;16384;measure;scatter;4.09202;1.53353;2.55849;
48;16384;16384;measure;scatter;3.99494;1.5116;2.48334;
48;16384;16384;measure;scatter;3.9798;1.28189;2.69791;
48;16384;16384;measure;scatter;3.95062;1.10434;2.84628;
48;16384;16384;measure;scatter;3.86799;1.12245;2.74554;
48;16384;16384;measure;scatter;4.01016;1.06382;2.94634;
48;16384;16384;measure;scatter;4.12914;1.058;3.07114;