n_threads;n_x;n_y;plan;comm_flag;total;initialization;fft_2d_total;first_fftw;first_split;first_comm;first_trans;second_fftw;second_split;second_comm;second_trans;
48;16384;16384;measure;all_to_all;3.18757;2.70022;0.48733;0.121149;0.0560854;0.000959062;0.0654364;0.136787;0.0555473;0.000109225;0.0512566;
48;16384;16384;measure;all_to_all;3.17672;2.69176;0.484944;0.113657;0.0556573;7.6944e-05;0.060026;0.147737;0.0562767;0.000103785;0.0514093;
48;16384;16384;measure;all_to_all;3.1114;2.65609;0.455289;0.117272;0.0560989;9.21332e-05;0.0597046;0.115622;0.0554439;6.50829e-05;0.0509915;
48;16384;16384;measure;all_to_all;3.1441;2.66295;0.481137;0.114698;0.0558123;9.4428e-05;0.0595382;0.143926;0.0554794;9.32158e-05;0.0514953;
48;16384;16384;measure;all_to_all;3.14701;2.67258;0.474415;0.115088;0.055539;8.6152e-05;0.0595178;0.136362;0.0553653;0.000101631;0.0523544;
48;16384;16384;measure;all_to_all;3.14815;2.66855;0.479586;0.121449;0.0555951;8.3437e-05;0.0587106;0.137104;0.0554807;9.9347e-05;0.0510639;
48;16384;16384;measure;all_to_all;3.12537;2.66113;0.464227;0.121873;0.0560905;0.000147186;0.0596161;0.11919;0.0555158;6.9611e-05;0.0517255;
48;16384;16384;measure;all_to_all;3.16921;2.68434;0.484855;0.1218;0.055956;8.74239e-05;0.0594479;0.139164;0.056429;0.00123079;0.0507397;
48;16384;16384;measure;all_to_all;3.14354;2.67384;0.469679;0.12176;0.0567607;7.88681e-05;0.0604846;0.121344;0.0562588;6.8608e-05;0.0529231;
48;16384;16384;measure;all_to_all;3.16358;2.66348;0.500073;0.121319;0.0565745;8.524e-05;0.0602239;0.152197;0.055456;0.00122345;0.0529934;
48;16384;16384;measure;all_to_all;3.1432;2.68305;0.460129;0.115668;0.0556524;8.75338e-05;0.0594585;0.122046;0.0554053;8.1273e-05;0.0517291;
48;16384;16384;measure;all_to_all;3.13303;2.67487;0.458153;0.114631;0.055913;7.7676e-05;0.0595744;0.121166;0.0560971;7.26162e-05;0.0506211;
48;16384;16384;measure;all_to_all;3.14362;2.66886;0.474738;0.113961;0.0559145;8.65632e-05;0.0596597;0.13686;0.0553561;8.6162e-05;0.0528143;
48;16384;16384;measure;all_to_all;3.1445;2.67712;0.467363;0.121821;0.0561032;8.53711e-05;0.0598147;0.121044;0.0565889;9.08901e-05;0.0518151;
48;16384;16384;measure;all_to_all;3.15153;2.68474;0.466766;0.122561;0.0563751;8.39771e-05;0.0594811;0.121017;0.0554819;8.76652e-05;0.0516785;
48;16384;16384;measure;all_to_all;3.17492;2.67022;0.504689;0.124563;0.0557265;8.5922e-05;0.0608758;0.154835;0.0555619;0.000102162;0.052939;
48;16384;16384;measure;all_to_all;3.14008;2.68507;0.454987;0.114764;0.0557253;8.6843e-05;0.0594949;0.11748;0.0560319;6.73558e-05;0.0513372;
48;16384;16384;measure;all_to_all;3.16897;2.69097;0.477982;0.116779;0.0562006;7.84171e-05;0.0593932;0.137067;0.0558111;9.94671e-05;0.0525534;
48;16384;16384;measure;all_to_all;3.1437;2.66485;0.478831;0.121365;0.0560478;7.73359e-05;0.0589635;0.135852;0.0553685;8.6803e-05;0.0510702;
48;16384;16384;measure;all_to_all;3.16761;2.69187;0.47572;0.113738;0.0561726;8.1002e-05;0.0593843;0.137095;0.0555769;0.000108684;0.0535643;
48;16384;16384;measure;all_to_all;3.16232;2.68819;0.47411;0.113828;0.0555987;6.69758e-05;0.0604427;0.136764;0.0556459;8.89469e-05;0.0516745;
48;16384;16384;measure;all_to_all;3.15685;2.69099;0.465847;0.122274;0.0558236;8.9017e-05;0.0599133;0.120694;0.0561863;7.81468e-05;0.0507876;
48;16384;16384;measure;all_to_all;3.1515;2.68569;0.46579;0.12121;0.0559822;8.29562e-05;0.0601114;0.120453;0.0558757;7.5832e-05;0.0519987;
48;16384;16384;measure;all_to_all;3.18831;2.67478;0.513511;0.123759;0.0579687;7.69151e-05;0.0659317;0.155725;0.0561962;0.00120355;0.0526489;
48;16384;16384;measure;all_to_all;3.18724;2.68772;0.499508;0.120382;0.056864;8.31059e-05;0.0604602;0.154225;0.0555623;8.7905e-05;0.0518433;
48;16384;16384;measure;all_to_all;3.15519;2.67394;0.481234;0.121185;0.0566322;8.508e-05;0.0595922;0.136106;0.0556128;0.000114946;0.0519063;
48;16384;16384;measure;all_to_all;3.15322;2.66951;0.483696;0.11533;0.0554291;8.28959e-05;0.0595208;0.146923;0.0553928;0.0001118;0.0509059;
48;16384;16384;measure;all_to_all;3.16349;2.68013;0.483339;0.121385;0.0563495;8.0131e-05;0.0601302;0.13744;0.0552274;0.000102042;0.0526243;
48;16384;16384;measure;all_to_all;3.12966;2.67017;0.459476;0.114447;0.0558712;8.3386e-05;0.059823;0.121629;0.0563604;8.24039e-05;0.0511803;
48;16384;16384;measure;all_to_all;3.13915;2.66534;0.473792;0.114306;0.0560959;9.51791e-05;0.0591834;0.136981;0.0555061;8.5792e-05;0.0515387;
48;16384;16384;measure;all_to_all;3.17015;2.68533;0.484802;0.123554;0.0562256;8.6823e-05;0.0606743;0.137486;0.0554984;0.000104156;0.051173;
48;16384;16384;measure;all_to_all;3.1501;2.67132;0.478762;0.116262;0.0561056;9.0129e-05;0.0592521;0.139597;0.0558412;9.32859e-05;0.0515206;
48;16384;16384;measure;all_to_all;3.15155;2.66929;0.482237;0.121205;0.0559036;8.04511e-05;0.0613564;0.136875;0.0554271;8.1704e-05;0.0513079;
48;16384;16384;measure;all_to_all;3.15704;2.67224;0.484782;0.121594;0.0563961;8.83059e-05;0.0594324;0.13891;0.0561468;0.000105639;0.052109;
48;16384;16384;measure;all_to_all;3.15563;2.68899;0.466625;0.121181;0.0571189;8.4399e-05;0.0604726;0.120209;0.0562522;7.0072e-05;0.0512371;
48;16384;16384;measure;all_to_all;3.15245;2.66963;0.4828;0.121604;0.0566865;7.5822e-05;0.0585503;0.139136;0.0552987;9.3797e-05;0.0513541;
48;16384;16384;measure;all_to_all;3.368;2.91155;0.456435;0.12339;0.0490956;9.51791e-05;0.0583333;0.126381;0.0574003;0.000380956;0.0413591;
48;16384;16384;measure;all_to_all;3.08403;2.62354;0.46047;0.121234;0.0559449;8.5782e-05;0.0598197;0.115482;0.0558947;8.08109e-05;0.051927;
48;16384;16384;measure;all_to_all;3.1639;2.68906;0.474825;0.113898;0.0568833;8.93171e-05;0.0579902;0.138848;0.0552987;0.000114795;0.051703;
48;16384;16384;measure;all_to_all;3.15029;2.68514;0.465126;0.121351;0.0560856;8.14728e-05;0.0596009;0.119749;0.0564626;6.87891e-05;0.0517264;
48;16384;16384;measure;all_to_all;3.13451;2.67299;0.461503;0.116419;0.0561371;8.1853e-05;0.0595882;0.121232;0.0558444;6.98511e-05;0.0521302;
48;16384;16384;measure;all_to_all;3.16325;2.6894;0.473831;0.113557;0.056236;9.3736e-05;0.0592696;0.137048;0.055471;0.000116839;0.0520391;
48;16384;16384;measure;all_to_all;3.15527;2.68397;0.47128;0.121692;0.05635;7.88989e-05;0.0604979;0.124765;0.0562293;7.75149e-05;0.0515893;
48;16384;16384;measure;all_to_all;3.16273;2.6731;0.489623;0.122756;0.0559547;0.00013268;0.0594787;0.143901;0.0557221;8.6653e-05;0.0515914;
48;16384;16384;measure;all_to_all;3.15421;2.67851;0.475682;0.122792;0.0563768;9.18119e-05;0.0595062;0.129849;0.0559317;8.30661e-05;0.0510512;
48;16384;16384;measure;all_to_all;3.13652;2.67695;0.459556;0.114699;0.0555674;8.2585e-05;0.0600147;0.12122;0.0565357;8.1484e-05;0.0513557;
48;16384;16384;measure;all_to_all;3.17052;2.6874;0.483094;0.121338;0.0561705;9.54589e-05;0.0598565;0.137766;0.055931;9.34249e-05;0.0518438;
48;16384;16384;measure;all_to_all;3.15163;2.6864;0.465216;0.121557;0.0557685;8.02111e-05;0.0595617;0.121098;0.0563736;7.3228e-05;0.050704;
48;16384;16384;measure;all_to_all;3.1668;2.66876;0.498021;0.121337;0.0562247;7.88979e-05;0.0600434;0.153775;0.0553163;0.000102553;0.0511432;
48;16384;16384;measure;all_to_all;3.1813;2.68122;0.500058;0.122789;0.0561051;9.1783e-05;0.0595942;0.153319;0.0558391;0.000100569;0.0522193;
48;16384;16384;measure;all_to_all;7.01469;2.32476;4.68992;0.0651573;0.0229606;1.69597;0.0493203;0.074965;0.0282885;2.71335;0.039906;
48;16384;16384;measure;all_to_all;6.70062;2.3183;4.38231;0.0638762;0.0228991;1.71391;0.0490968;0.0723948;0.028047;2.39577;0.0363188;
48;16384;16384;measure;all_to_all;6.41377;2.34072;4.07303;0.0637226;0.0231309;1.59672;0.0500247;0.0755076;0.03104;2.19621;0.036684;
48;16384;16384;measure;all_to_all;6.57318;2.33044;4.24272;0.0636371;0.0230701;1.67383;0.0481174;0.0656267;0.0289899;2.29933;0.0401266;
48;16384;16384;measure;all_to_all;6.6536;2.33024;4.32334;0.0607832;0.0274943;1.68962;0.0463368;0.0815827;0.0285598;2.34576;0.0432053;
48;16384;16384;measure;all_to_all;5.90835;2.32056;3.58776;0.0739757;0.0233994;1.82622;0.0477691;0.0694296;0.0301059;1.46815;0.0487128;
48;16384;16384;measure;all_to_all;6.56613;2.34925;4.21687;0.0629701;0.0229017;1.68403;0.0494282;0.0825233;0.0292612;2.25037;0.0353769;
48;16384;16384;measure;all_to_all;6.54264;2.32983;4.21279;0.0632763;0.0238622;1.69851;0.0492554;0.0786137;0.0298504;2.23195;0.0374727;
48;16384;16384;measure;all_to_all;6.71967;2.33374;4.38592;0.0648531;0.0231503;1.67158;0.0434852;0.0830171;0.0283358;2.43361;0.0378856;
48;16384;16384;measure;all_to_all;7.19951;2.33977;4.85972;0.0712312;0.0230953;1.54958;0.0475335;0.0776895;0.0285701;3.01997;0.0420502;
48;16384;16384;measure;all_to_all;6.74487;2.33272;4.41214;0.0747975;0.0237137;1.73226;0.0430767;0.0745553;0.0297716;2.39189;0.0420778;
48;16384;16384;measure;all_to_all;6.32769;2.34112;3.98655;0.0625085;0.0239963;1.85405;0.0492983;0.0809617;0.0301971;1.84871;0.0368334;
48;16384;16384;measure;all_to_all;6.71841;2.3337;4.38469;0.0666613;0.0223324;1.68691;0.0489899;0.0684382;0.0283938;2.42098;0.0419824;
48;16384;16384;measure;all_to_all;6.29731;2.3297;3.96759;0.0696023;0.0228996;1.66175;0.0436575;0.0649563;0.0289279;2.04075;0.0350444;
48;16384;16384;measure;all_to_all;6.42149;2.35776;4.06371;0.0754817;0.0223952;1.67193;0.0493318;0.0739477;0.0284227;2.10063;0.0415797;
48;16384;16384;measure;all_to_all;6.13272;2.33013;3.80257;0.0698765;0.0224019;1.80799;0.0446783;0.0742188;0.0265509;1.72077;0.0360778;
48;16384;16384;measure;all_to_all;6.57507;2.35077;4.22427;0.0734109;0.02297;1.436;0.050828;0.0651743;0.0288332;2.5076;0.0394533;
48;16384;16384;measure;all_to_all;6.42074;2.32593;4.09479;0.0749627;0.0228508;1.68881;0.0471475;0.0749515;0.0289252;2.1181;0.039035;
48;16384;16384;measure;all_to_all;7.02527;2.34392;4.68133;0.0666811;0.0225969;1.73272;0.0476472;0.0744485;0.0293184;2.66872;0.0392055;
48;16384;16384;measure;all_to_all;6.32479;2.34587;3.97891;0.0646596;0.0226941;1.69076;0.0463587;0.0757369;0.0280091;2.00801;0.0426732;
48;16384;16384;measure;all_to_all;6.33096;2.34328;3.98765;0.0788544;0.0226283;1.68135;0.0490422;0.0811639;0.0292445;1.99837;0.0469944;
48;16384;16384;measure;all_to_all;6.92515;2.33917;4.58596;0.0762921;0.023206;1.76443;0.0482898;0.0707737;0.028598;2.53642;0.0379534;
48;16384;16384;measure;all_to_all;6.62616;2.32501;4.30114;0.0746558;0.0225518;1.75157;0.042563;0.0815675;0.0281922;2.24999;0.0500435;
48;16384;16384;measure;all_to_all;6.49874;2.33969;4.15904;0.064038;0.0228359;1.67021;0.0473105;0.0741223;0.0278066;2.21561;0.0371055;
48;16384;16384;measure;all_to_all;7.11494;2.34347;4.77145;0.0748757;0.0223075;1.60749;0.0460325;0.0738396;0.028736;2.88017;0.0380039;
48;16384;16384;measure;all_to_all;6.89644;2.33925;4.55718;0.0676154;0.0232944;1.68447;0.0487032;0.0735306;0.0290009;2.59219;0.0383709;
48;16384;16384;measure;all_to_all;7.07221;2.33707;4.73512;0.0651015;0.0237838;2.12006;0.0455236;0.0612339;0.0250676;2.35401;0.0403398;
48;16384;16384;measure;all_to_all;6.82197;2.3441;4.47786;0.064746;0.0236442;1.70075;0.0494885;0.0653607;0.0283808;2.50519;0.0402939;
48;16384;16384;measure;all_to_all;6.05118;2.32938;3.72178;0.0658741;0.0230426;1.75876;0.0453042;0.0807394;0.0291445;1.67996;0.0389522;
48;16384;16384;measure;all_to_all;6.30538;2.341;3.96436;0.0683978;0.0226147;1.53065;0.0466175;0.0774033;0.029197;2.14674;0.0427415;
48;16384;16384;measure;all_to_all;7.33419;2.33794;4.99623;0.0684712;0.0233462;1.59902;0.0464266;0.081433;0.0286502;3.10937;0.0395054;
48;16384;16384;measure;all_to_all;6.86373;2.34134;4.52238;0.0657583;0.0229485;1.61315;0.04467;0.0823413;0.0284291;2.62881;0.0362729;
48;16384;16384;measure;all_to_all;6.98051;2.33152;4.64898;0.0663483;0.022652;1.6468;0.0496985;0.0828574;0.0285648;2.71265;0.0394027;
48;16384;16384;measure;all_to_all;6.27073;2.34161;3.9291;0.0739097;0.0230509;1.59804;0.0491766;0.065423;0.0287241;2.05193;0.0388442;
48;16384;16384;measure;all_to_all;6.71416;2.32965;4.38449;0.0649305;0.0231045;1.62905;0.0469167;0.0743702;0.0289725;2.48101;0.0361332;
48;16384;16384;measure;all_to_all;6.12353;2.34134;3.78217;0.0671168;0.0227053;1.54252;0.0499398;0.0676093;0.0291731;1.96146;0.0416459;
48;16384;16384;measure;all_to_all;6.60728;2.32372;4.28355;0.0657883;0.0225575;1.83126;0.04853;0.0702253;0.0292479;2.17733;0.0386076;
48;16384;16384;measure;all_to_all;6.67702;2.34779;4.32921;0.0666477;0.0225502;1.67827;0.0473879;0.0652118;0.0282724;2.38137;0.0394984;
48;16384;16384;measure;all_to_all;6.94992;2.34177;4.60813;0.0636003;0.0229469;1.73659;0.0435083;0.0789411;0.0266632;2.59035;0.0455369;
48;16384;16384;measure;all_to_all;6.13228;2.35128;3.78099;0.0732508;0.0230761;1.4805;0.0521169;0.0736465;0.0295632;2.00726;0.0415704;
48;16384;16384;measure;all_to_all;6.64312;2.32583;4.31727;0.0661986;0.0227067;1.67887;0.0493838;0.0828393;0.0296436;2.35288;0.0347466;
48;16384;16384;measure;all_to_all;6.70306;2.32999;4.37305;0.0746217;0.0228224;1.62339;0.048568;0.0742967;0.0287901;2.46312;0.037437;
48;16384;16384;measure;all_to_all;6.59576;2.33977;4.25597;0.0671367;0.0229345;1.65828;0.0482783;0.0733786;0.0289709;2.31657;0.0404111;
48;16384;16384;measure;all_to_all;6.46459;2.33869;4.12587;0.0638684;0.0235562;1.59716;0.0488461;0.0808689;0.028898;2.24679;0.0358889;
48;16384;16384;measure;all_to_all;6.65985;2.34019;4.31964;0.0630895;0.022591;1.66936;0.047637;0.0747842;0.0295811;2.37457;0.0380281;
48;16384;16384;measure;all_to_all;6.0558;2.34459;3.71119;0.0643162;0.0232598;1.77094;0.0482717;0.0699191;0.0340545;1.65951;0.0409217;
48;16384;16384;measure;all_to_all;7.04247;2.34288;4.69957;0.0641197;0.0227725;1.48375;0.0503628;0.0702317;0.0285302;2.94348;0.0363178;
48;16384;16384;measure;all_to_all;6.98398;2.32825;4.65572;0.0678771;0.0229228;1.66313;0.0486537;0.0736298;0.0284768;2.70324;0.0477872;
48;16384;16384;measure;all_to_all;6.7295;2.32901;4.40048;0.0681066;0.0233985;1.55102;0.0502155;0.0743663;0.0296377;2.56811;0.0356264;
48;16384;16384;measure;all_to_all;6.50813;2.33181;4.17631;0.0642081;0.0229504;1.67015;0.0409689;0.0721337;0.030316;2.23569;0.0398943;
48;16384;16384;measure;all_to_all;5.63244;2.17949;3.45292;0.0389784;0.0126536;1.27981;0.052501;0.0634792;0.0222848;1.92642;0.0567968;
48;16384;16384;measure;all_to_all;5.20039;2.18324;3.01713;0.0429867;0.0113521;1.16137;0.0492259;0.0544001;0.0123125;1.64717;0.0383006;
48;16384;16384;measure;all_to_all;5.29576;2.19816;3.09758;0.0389089;0.0116646;1.30543;0.0526222;0.0392343;0.0163097;1.58697;0.0464399;
48;16384;16384;measure;all_to_all;5.62967;2.18423;3.44542;0.0390699;0.0118045;1.44928;0.0528973;0.0437984;0.0244966;1.78314;0.0409258;
48;16384;16384;measure;all_to_all;5.37653;2.18137;3.19512;0.0401152;0.0114189;1.22717;0.0551689;0.0385991;0.0212196;1.76526;0.0361589;
48;16384;16384;measure;all_to_all;5.87465;2.18303;3.6916;0.0392873;0.0121633;1.49922;0.05532;0.0407592;0.0118261;1.99697;0.0360507;
48;16384;16384;measure;all_to_all;5.75645;2.19266;3.56375;0.0322315;0.0242415;1.42976;0.0520865;0.0447889;0.0305408;1.9104;0.0396977;
48;16384;16384;measure;all_to_all;5.20709;2.19624;3.01083;0.040852;0.0403106;1.05101;0.0492721;0.0443863;0.0130948;1.73577;0.0361259;
48;16384;16384;measure;all_to_all;5.41384;2.18616;3.22767;0.036805;0.0114322;1.24534;0.0513929;0.0384675;0.0185829;1.78561;0.0400364;
48;16384;16384;measure;all_to_all;5.37803;2.20161;3.1764;0.039679;0.0503103;1.16481;0.0505168;0.0521172;0.0128124;1.76646;0.039695;
48;16384;16384;measure;all_to_all;5.51455;2.1877;3.32683;0.0392826;0.0120541;1.23321;0.0491107;0.0695242;0.0252237;1.8628;0.0356304;
48;16384;16384;measure;all_to_all;5.49486;2.18327;3.31158;0.0401488;0.0242514;1.22935;0.0886269;0.0705474;0.0186228;1.80214;0.037891;
48;16384;16384;measure;all_to_all;5.32557;2.20381;3.12174;0.0396585;0.0220125;1.13915;0.0560116;0.0446412;0.0121843;1.77245;0.0356355;
48;16384;16384;measure;all_to_all;5.36481;2.18301;3.18178;0.0422192;0.0118823;1.2118;0.0553382;0.0390262;0.0122716;1.76915;0.0400859;
48;16384;16384;measure;all_to_all;5.54751;2.18547;3.36202;0.0387455;0.0115447;1.49447;0.0495838;0.0463798;0.0174695;1.66146;0.0423625;
48;16384;16384;measure;all_to_all;5.89351;2.18754;3.70595;0.0390267;0.0115554;1.56821;0.06339;0.0390039;0.0199561;1.92565;0.0391536;
48;16384;16384;measure;all_to_all;5.65744;2.19524;3.46218;0.0335542;0.0127243;1.41697;0.0508578;0.0536873;0.0285096;1.82909;0.0367856;
48;16384;16384;measure;all_to_all;5.28227;2.19281;3.08943;0.0360867;0.0115899;1.1752;0.0518109;0.052572;0.0137011;1.70865;0.0398121;
48;16384;16384;measure;all_to_all;5.08437;2.18966;2.89468;0.034823;0.0306484;1.1609;0.0539143;0.0516035;0.022349;1.50134;0.0391;
48;16384;16384;measure;all_to_all;5.54854;2.20535;3.34316;0.0406163;0.0123257;1.39282;0.0534953;0.0388058;0.0136794;1.74699;0.0444336;
48;16384;16384;measure;all_to_all;6.03277;2.24504;3.78772;0.046561;0.0511234;1.39311;0.053885;0.0396853;0.0120846;2.15227;0.0390034;
48;16384;16384;measure;all_to_all;5.73585;2.192;3.54383;0.0405685;0.0120312;1.44818;0.0548723;0.0440111;0.0150514;1.89037;0.0387482;
48;16384;16384;measure;all_to_all;5.18511;2.19525;2.98984;0.0391393;0.0115599;1.15587;0.0509003;0.04525;0.0142942;1.62624;0.0465855;
48;16384;16384;measure;all_to_all;5.31703;2.19103;3.12599;0.0425351;0.0122132;1.12221;0.0502012;0.0509224;0.0276195;1.7867;0.0335866;
48;16384;16384;measure;all_to_all;5.61624;2.17789;3.43832;0.0400001;0.011441;1.30498;0.0562349;0.0469758;0.0181151;1.92375;0.0368244;
48;16384;16384;measure;all_to_all;5.87644;2.1815;3.69491;0.0402359;0.0121867;1.53227;0.0499314;0.0492858;0.0316111;1.93848;0.0409164;
48;16384;16384;measure;all_to_all;5.63482;2.18668;3.4481;0.0357785;0.0121139;1.17259;0.0527155;0.0440523;0.0186209;2.07226;0.0399703;
48;16384;16384;measure;all_to_all;5.0045;2.19519;2.80929;0.0374195;0.0115449;1.10588;0.0493931;0.0448629;0.0158113;1.50598;0.0384008;
48;16384;16384;measure;all_to_all;5.30627;2.19336;3.11289;0.038695;0.0118503;1.14445;0.0523905;0.04297;0.0121275;1.76836;0.0420506;
48;16384;16384;measure;all_to_all;5.20116;2.19679;3.00435;0.0326465;0.0363503;1.1678;0.04949;0.0438175;0.0145568;1.61971;0.0399804;
48;16384;16384;measure;all_to_all;5.67613;2.193;3.4831;0.0359731;0.011626;1.3248;0.0530864;0.0390976;0.0127019;1.96949;0.0363259;
48;16384;16384;measure;all_to_all;5.4625;2.18721;3.27525;0.0382243;0.0117965;1.19278;0.0509587;0.039877;0.0136319;1.88611;0.041869;
48;16384;16384;measure;all_to_all;5.35221;2.19786;3.15432;0.0342347;0.0116521;1.19067;0.0523732;0.0437805;0.0286711;1.74707;0.0458762;
48;16384;16384;measure;all_to_all;5.67302;2.19533;3.47767;0.0327788;0.01187;1.21248;0.0518406;0.03907;0.0126748;2.08061;0.0363438;
48;16384;16384;measure;all_to_all;4.9754;2.19781;2.77756;0.0340048;0.0115032;1.14099;0.0531478;0.0454983;0.0128874;1.44156;0.0379653;
48;16384;16384;measure;all_to_all;5.50628;2.19993;3.30634;0.0392664;0.0115704;1.17063;0.0547098;0.0410711;0.0123317;1.94032;0.0364487;
48;16384;16384;measure;all_to_all;5.26426;2.19815;3.06609;0.039289;0.0116243;1.26812;0.0542218;0.0394309;0.0115828;1.60124;0.0405894;
48;16384;16384;measure;all_to_all;5.82205;2.19213;3.62988;0.0414705;0.011671;1.23591;0.0572563;0.0391483;0.0167401;2.18626;0.0414352;
48;16384;16384;measure;all_to_all;5.79924;2.19253;3.6067;0.0391335;0.0116381;1.51045;0.050806;0.0421098;0.0125916;1.9016;0.0383713;
48;16384;16384;measure;all_to_all;5.33493;2.20024;3.13467;0.0402814;0.0117134;1.06185;0.0503736;0.0452412;0.0190416;1.86592;0.0402545;
48;16384;16384;measure;all_to_all;5.23682;2.18559;3.05122;0.041929;0.0119335;1.16979;0.0521239;0.0485772;0.0146523;1.66994;0.0422764;
48;16384;16384;measure;all_to_all;5.91744;2.18522;3.7322;0.0412701;0.012335;1.53594;0.0825175;0.0459817;0.0371884;1.94121;0.0357627;
48;16384;16384;measure;all_to_all;5.25744;2.19248;3.06494;0.0411559;0.0114941;1.15839;0.0546106;0.0386618;0.0123897;1.7085;0.0397457;
48;16384;16384;measure;all_to_all;5.32958;2.18757;3.14199;0.039161;0.0113938;1.1973;0.0511244;0.0425087;0.0168464;1.7443;0.0393538;
48;16384;16384;measure;all_to_all;5.10774;2.18886;2.91885;0.0418259;0.0117742;1.13406;0.0522497;0.0434241;0.0125768;1.58027;0.0426735;
48;16384;16384;measure;all_to_all;5.27011;2.19016;3.07993;0.0407183;0.0115037;1.14142;0.0492037;0.0477528;0.012612;1.73372;0.0429994;
48;16384;16384;measure;all_to_all;5.27336;2.23922;3.03413;0.0376116;0.0114657;1.08352;0.053457;0.060743;0.013231;1.73678;0.0373226;
48;16384;16384;measure;all_to_all;5.23764;2.20488;3.03274;0.0401402;0.0132328;1.21742;0.0534533;0.0436119;0.0118095;1.60982;0.0432568;
48;16384;16384;measure;all_to_all;5.23315;2.19504;3.0381;0.0337815;0.0219905;1.16206;0.0525649;0.05309;0.0114969;1.66238;0.0407319;
48;16384;16384;measure;all_to_all;5.66807;2.18402;3.48403;0.0412348;0.0113326;1.46303;0.0504206;0.0419582;0.0254836;1.81208;0.0384827;
48;16384;16384;measure;all_to_all;5.51349;2.11866;3.39481;0.0231517;0.00583811;1.34744;0.045789;0.044814;0.036265;1.87259;0.0189152;
48;16384;16384;measure;all_to_all;5.45183;2.12091;3.33089;0.0236654;0.0180363;1.30297;0.0357799;0.0336672;0.0547654;1.83863;0.0233704;
48;16384;16384;measure;all_to_all;5.57151;2.12766;3.44383;0.026914;0.0227324;1.38104;0.0489418;0.0335207;0.0500262;1.85772;0.0229435;
48;16384;16384;measure;all_to_all;5.41106;2.12123;3.28981;0.034288;0.0209337;1.33155;0.0425714;0.0385307;0.0474272;1.75064;0.0238666;
48;16384;16384;measure;all_to_all;5.58201;2.11418;3.46779;0.0578401;0.0106329;1.40379;0.0662752;0.0579485;0.0192014;1.829;0.0231087;
48;16384;16384;measure;all_to_all;5.47586;2.11764;3.35818;0.0227;0.0160366;1.25895;0.0512583;0.0260099;0.050049;1.90983;0.0233476;
48;16384;16384;measure;all_to_all;5.40128;2.10583;3.29542;0.0233847;0.00631884;1.45442;0.0564802;0.0300266;0.0346397;1.66459;0.0255578;
48;16384;16384;measure;all_to_all;5.62499;2.11799;3.50699;0.0243759;0.00623389;1.45992;0.0365128;0.031109;0.0230083;1.89891;0.0269223;
48;16384;16384;measure;all_to_all;5.14055;2.11892;3.0216;0.0300836;0.00619595;1.25449;0.0360513;0.0360457;0.0365579;1.59577;0.0264071;
48;16384;16384;measure;all_to_all;5.24368;2.10809;3.13553;0.0231034;0.00543059;1.4821;0.0518809;0.0298496;0.0120343;1.50604;0.025092;
48;16384;16384;measure;all_to_all;6.02647;2.10827;3.91817;0.0260861;0.00585045;1.4945;0.0450001;0.031436;0.0247752;2.26662;0.0239068;
48;16384;16384;measure;all_to_all;5.26671;2.10596;3.16073;0.0228781;0.00676432;1.39357;0.0438112;0.0293016;0.0142177;1.63071;0.0194804;
48;16384;16384;measure;all_to_all;5.14597;2.12632;3.0196;0.0292407;0.005869;1.29998;0.0514883;0.0366631;0.0550818;1.51987;0.0214069;
48;16384;16384;measure;all_to_all;5.71599;2.11094;3.60502;0.0245421;0.0065443;1.36471;0.0688535;0.0293384;0.0281829;2.05976;0.0230863;
48;16384;16384;measure;all_to_all;5.52234;2.10908;3.41321;0.020497;0.00810288;1.44153;0.0556684;0.0288607;0.0261485;1.80786;0.0245478;
48;16384;16384;measure;all_to_all;5.90918;2.11782;3.79135;0.0262309;0.00564506;1.54927;0.0475255;0.0282465;0.0271153;2.08429;0.0230235;
48;16384;16384;measure;all_to_all;5.17787;2.1136;3.06426;0.0320371;0.0231684;1.22396;0.0413371;0.0295727;0.0154257;1.67688;0.021877;
48;16384;16384;measure;all_to_all;5.64817;2.10737;3.54078;0.0235079;0.00564989;1.4125;0.0364996;0.0291079;0.0257842;1.98252;0.0252129;
48;16384;16384;measure;all_to_all;5.2894;2.11213;3.17725;0.0199368;0.0154238;1.3127;0.0917294;0.0351892;0.0110364;1.66213;0.0291014;
48;16384;16384;measure;all_to_all;5.83874;2.1231;3.7156;0.022409;0.00671614;1.50152;0.0703859;0.0345977;0.0218998;2.02885;0.0292288;
48;16384;16384;measure;all_to_all;5.05423;2.10854;2.94566;0.0231518;0.00594442;1.18995;0.0382664;0.0260338;0.0246311;1.61523;0.022451;
48;16384;16384;measure;all_to_all;5.52324;2.12088;3.40234;0.0391719;0.026372;1.32667;0.0639285;0.0626857;0.0231588;1.83829;0.0220596;
48;16384;16384;measure;all_to_all;5.43976;2.10805;3.33169;0.0253879;0.0300993;1.43599;0.0465444;0.0304327;0.0108467;1.72729;0.0250914;
48;16384;16384;measure;all_to_all;5.28977;2.1187;3.17104;0.04455;0.0509938;1.22352;0.0478472;0.0265222;0.0354917;1.71823;0.0238811;
48;16384;16384;measure;all_to_all;5.26159;2.11754;3.14402;0.0277291;0.00609716;1.37898;0.0732208;0.0303604;0.0427599;1.5567;0.0281661;
48;16384;16384;measure;all_to_all;5.40693;2.11209;3.29482;0.0245464;0.00638194;1.29583;0.048721;0.0303809;0.0216766;1.8406;0.0266821;
48;16384;16384;measure;all_to_all;5.5861;2.11815;3.46792;0.0404427;0.0318439;1.34493;0.0581619;0.0301897;0.0622779;1.87858;0.0214961;
48;16384;16384;measure;all_to_all;5.44316;2.11075;3.33237;0.0209845;0.0237472;1.3903;0.0504095;0.0330537;0.0382145;1.75013;0.0255243;
48;16384;16384;measure;all_to_all;5.42734;2.11995;3.30736;0.040525;0.00616889;1.42149;0.0504301;0.0253874;0.0150373;1.7247;0.0236176;
48;16384;16384;measure;all_to_all;5.75125;2.12399;3.62724;0.0336508;0.0247502;1.48707;0.0859277;0.0285859;0.0198064;1.91507;0.0323896;
48;16384;16384;measure;all_to_all;5.8496;2.11433;3.73524;0.0648947;0.0058219;1.37002;0.107289;0.0351371;0.0319546;2.09363;0.0264912;
48;16384;16384;measure;all_to_all;5.19123;2.12256;3.06865;0.0238398;0.00581575;1.21275;0.0560669;0.0399397;0.0289763;1.67497;0.026297;
48;16384;16384;measure;all_to_all;5.51089;2.13344;3.3774;0.0553961;0.0112914;1.50386;0.0632286;0.0285954;0.0564604;1.63188;0.0266894;
48;16384;16384;measure;all_to_all;5.19221;2.11986;3.07234;0.0230706;0.00620337;1.19564;0.0421948;0.0487343;0.0324335;1.69768;0.0263934;
48;16384;16384;measure;all_to_all;5.43762;2.12048;3.31712;0.0202609;0.00588704;1.37057;0.075594;0.023212;0.0647096;1.7316;0.0252844;
48;16384;16384;measure;all_to_all;5.44674;2.12451;3.32222;0.0202767;0.00865694;1.27793;0.0437967;0.0250871;0.0590379;1.86637;0.0210722;
48;16384;16384;measure;all_to_all;5.11395;2.1357;2.97822;0.0441655;0.02153;1.29883;0.119168;0.0224804;0.0547476;1.38957;0.0277379;
48;16384;16384;measure;all_to_all;5.10305;2.10868;2.99434;0.021869;0.00548515;1.37312;0.0627746;0.024646;0.0323083;1.45286;0.0212766;
48;16384;16384;measure;all_to_all;5.20764;2.11329;3.09433;0.0383947;0.0283217;1.34883;0.0556321;0.0423649;0.0474368;1.50787;0.0254741;
48;16384;16384;measure;all_to_all;5.6236;2.11;3.51358;0.0203021;0.00831485;1.37289;0.0614525;0.0406163;0.0377062;1.95013;0.0221656;
48;16384;16384;measure;all_to_all;5.5518;2.11428;3.4375;0.0342961;0.0280958;1.46232;0.051856;0.0319877;0.0297557;1.77527;0.0239137;
48;16384;16384;measure;all_to_all;5.44117;2.12506;3.31608;0.0218301;0.00583717;1.39308;0.0818259;0.0552715;0.0461006;1.68909;0.0230492;
48;16384;16384;measure;all_to_all;5.17538;2.11434;3.06102;0.045752;0.0238354;1.30984;0.0552634;0.0370487;0.0514778;1.5134;0.0244008;
48;16384;16384;measure;all_to_all;5.68152;2.10984;3.57166;0.0237948;0.00583083;1.43218;0.050753;0.0297731;0.0229359;1.98542;0.0209705;
48;16384;16384;measure;all_to_all;5.15198;2.10714;3.04481;0.0207789;0.00561482;1.18716;0.0444304;0.0310537;0.0221422;1.70897;0.0246561;
48;16384;16384;measure;all_to_all;5.77568;2.12172;3.65394;0.0221717;0.0274985;1.60256;0.0778379;0.0379796;0.0559913;1.80767;0.0222397;
48;16384;16384;measure;all_to_all;5.03359;2.10827;2.92525;0.0268959;0.00585349;1.12837;0.0409993;0.0459919;0.025475;1.62959;0.0220748;
48;16384;16384;measure;all_to_all;5.59807;2.10824;3.48979;0.0212764;0.005689;1.39758;0.0579356;0.0302879;0.0267769;1.92777;0.0224768;
48;16384;16384;measure;all_to_all;5.70638;2.13022;3.57614;0.0316022;0.0294561;1.51245;0.0454521;0.028596;0.0323642;1.8687;0.0275129;
48;16384;16384;measure;all_to_all;5.11741;2.11265;3.00473;0.0320148;0.0180085;1.25017;0.0460057;0.0318858;0.037211;1.56444;0.0249886;
48;16384;16384;measure;all_to_all;5.5747;2.14662;3.4277;0.0152106;0.0208327;1.44243;0.0167751;0.0173023;0.016478;1.87406;0.0246207;
48;16384;16384;measure;all_to_all;6.22377;2.07593;4.14782;0.0276457;0.0647127;1.61867;0.116672;0.0189698;0.0295287;2.25793;0.0136906;
48;16384;16384;measure;all_to_all;5.3403;2.08807;3.2522;0.0303973;0.0244228;1.50338;0.0192461;0.0135851;0.030473;1.60907;0.0216357;
48;16384;16384;measure;all_to_all;5.8693;2.08313;3.78615;0.031254;0.0300417;1.55437;0.0226819;0.0186203;0.0383244;2.08041;0.0104501;
48;16384;16384;measure;all_to_all;5.62059;2.09978;3.52079;0.0099753;0.0138086;1.50303;0.0146337;0.0377371;0.0136382;1.86205;0.0659141;
48;16384;16384;measure;all_to_all;5.56631;2.0986;3.45734;0.0194434;0.00473507;1.46574;0.0153141;0.0166634;0.0138347;1.84329;0.0783214;
48;16384;16384;measure;all_to_all;5.26575;2.08253;3.1832;0.0111611;0.00409937;1.54958;0.0153024;0.0198228;0.015287;1.54581;0.0221431;
48;16384;16384;measure;all_to_all;5.35913;2.08571;3.2734;0.0113811;0.0040938;1.54586;0.0118062;0.0143565;0.00449928;1.66362;0.0177798;
48;16384;16384;measure;all_to_all;5.71128;2.09119;3.62007;0.0102666;0.0101433;1.49543;0.0407358;0.0194833;0.0159962;1.98134;0.0466722;
48;16384;16384;measure;all_to_all;5.49695;2.10746;3.38945;0.0333728;0.00483225;1.54212;0.0181294;0.0381914;0.0116246;1.72339;0.0177955;
48;16384;16384;measure;all_to_all;5.24991;2.09845;3.13858;0.0257538;0.00379466;1.47562;0.0405902;0.0134161;0.00722797;1.54755;0.0246298;
48;16384;16384;measure;all_to_all;5.58122;2.06639;3.51473;0.0113804;0.00703215;1.42518;0.0118836;0.0331405;0.0527431;1.9612;0.0121672;
48;16384;16384;measure;all_to_all;5.56708;2.12394;3.44313;0.0349488;0.00377159;1.47904;0.0189419;0.0140639;0.0135225;1.85885;0.0199928;
48;16384;16384;measure;all_to_all;5.43634;2.10783;3.3285;0.014709;0.0209789;1.4079;0.0136369;0.0282199;0.021328;1.75534;0.0663771;
48;16384;16384;measure;all_to_all;5.38532;2.11151;3.27376;0.0947869;0.113364;1.30979;0.0135097;0.0124391;0.0675923;1.647;0.0152664;
48;16384;16384;measure;all_to_all;5.34436;2.11983;3.22452;0.0131476;0.00408138;1.31836;0.0161555;0.0161251;0.020616;1.77829;0.0577418;
48;16384;16384;measure;all_to_all;5.50835;2.05764;3.45068;0.0102771;0.00500485;1.51938;0.0146623;0.0169263;0.00609492;1.85569;0.0226504;
48;16384;16384;measure;all_to_all;5.51184;2.09048;3.42112;0.0107036;0.0193913;1.4514;0.0812188;0.0359742;0.0105879;1.74174;0.0701072;
48;16384;16384;measure;all_to_all;5.41351;2.10053;3.3128;0.0623275;0.034593;1.36085;0.0116952;0.0123511;0.0241654;1.79444;0.0123834;
48;16384;16384;measure;all_to_all;5.98749;2.07984;3.90764;0.078667;0.0369747;1.53083;0.0989731;0.0262419;0.0294526;2.08779;0.0187173;
48;16384;16384;measure;all_to_all;5.40183;2.09377;3.30792;0.0146754;0.0186808;1.39539;0.016395;0.0160883;0.0137181;1.80093;0.032038;
48;16384;16384;measure;all_to_all;5.54775;2.1209;3.41884;0.0385624;0.00483188;1.72895;0.0271312;0.0271938;0.0113704;1.53754;0.0432585;
48;16384;16384;measure;all_to_all;5.83106;2.14948;3.68157;0.0250788;0.00451782;1.7437;0.0197459;0.0277502;0.0119818;1.75907;0.089716;
48;16384;16384;measure;all_to_all;5.86195;2.05982;3.80201;0.0130483;0.00665219;1.67644;0.0128763;0.016611;0.0488234;2.01481;0.0127484;
48;16384;16384;measure;all_to_all;5.39135;2.10347;3.28786;0.0711706;0.0037033;1.38265;0.0217649;0.0281096;0.013475;1.74885;0.0181369;
48;16384;16384;measure;all_to_all;5.79768;2.14112;3.6526;0.0367875;0.0171346;1.49717;0.0166089;0.0150484;0.00471518;1.99763;0.0675097;
48;16384;16384;measure;all_to_all;5.73087;2.10196;3.62879;0.0145378;0.0723466;1.57355;0.0145211;0.0146014;0.0580059;1.8186;0.0626127;
48;16384;16384;measure;all_to_all;5.67131;2.07315;3.59815;0.00851404;0.00434366;1.68897;0.0194138;0.0154176;0.0130443;1.8163;0.0321385;
48;16384;16384;measure;all_to_all;5.40198;2.08961;3.31234;0.0616868;0.00384254;1.47184;0.0155367;0.0281554;0.0146172;1.69087;0.0257885;
48;16384;16384;measure;all_to_all;5.53482;2.10434;3.41978;0.0108518;0.0120389;1.58439;0.0149447;0.0183684;0.0218963;1.73333;0.0239586;
48;16384;16384;measure;all_to_all;5.58914;2.08059;3.50852;0.00900482;0.00412629;1.55563;0.0186568;0.0170496;0.0144585;1.86744;0.0221478;
48;16384;16384;measure;all_to_all;5.44823;2.09389;3.3543;0.00898177;0.00946555;1.49287;0.0165107;0.0354065;0.00463098;1.76302;0.0234148;
48;16384;16384;measure;all_to_all;5.75087;2.14122;3.60963;0.0609562;0.0667201;1.3773;0.0504025;0.0167656;0.0343571;1.99044;0.0126923;
48;16384;16384;measure;all_to_all;5.64043;2.08348;3.55692;0.0505884;0.080694;1.5471;0.0519803;0.02643;0.0356161;1.75204;0.0124688;
48;16384;16384;measure;all_to_all;5.62998;2.08145;3.54851;0.00839705;0.00443315;1.64958;0.0278899;0.0176117;0.0253494;1.80152;0.0137279;
48;16384;16384;measure;all_to_all;5.46353;2.15471;3.30859;0.115008;0.0585108;1.35565;0.0122518;0.0149458;0.0638522;1.67475;0.0136256;
48;16384;16384;measure;all_to_all;5.69254;2.08183;3.61068;0.0179439;0.0747353;1.60393;0.0735953;0.036344;0.0471453;1.74594;0.0110535;
48;16384;16384;measure;all_to_all;5.94208;2.09753;3.84449;0.0811501;0.00399163;1.75666;0.058615;0.0267414;0.0241991;1.85527;0.0378675;
48;16384;16384;measure;all_to_all;5.28922;2.07728;3.2118;0.0103977;0.00394596;1.32648;0.020881;0.0157334;0.0114262;1.79454;0.0284024;
48;16384;16384;measure;all_to_all;5.2937;2.07612;3.20516;0.00916984;0.005344;1.39606;0.0160443;0.0311624;0.0238561;1.70831;0.0152144;
48;16384;16384;measure;all_to_all;5.54967;2.13445;3.41519;0.00893799;0.025146;1.53459;0.0125735;0.0132507;0.00550071;1.77004;0.0451545;
48;16384;16384;measure;all_to_all;5.27612;2.07606;3.20003;0.0335775;0.0037161;1.32126;0.0493578;0.0500046;0.0230449;1.70165;0.0174231;
48;16384;16384;measure;all_to_all;5.58292;2.10651;3.47488;0.0484005;0.00386824;1.41711;0.0580619;0.0283142;0.00496061;1.88041;0.0337565;
48;16384;16384;measure;all_to_all;5.89286;2.10723;3.78559;0.0246346;0.0167486;1.43727;0.0517426;0.0140052;0.00538114;2.18003;0.0557805;
48;16384;16384;measure;all_to_all;5.48082;2.08268;3.39813;0.0107887;0.0122551;1.69248;0.019102;0.0193666;0.0127595;1.60914;0.022245;
48;16384;16384;measure;all_to_all;5.01684;2.09176;2.92507;0.0302785;0.0209032;1.32538;0.0162251;0.0155382;0.014811;1.48798;0.013954;
48;16384;16384;measure;all_to_all;5.31964;2.13675;3.18287;0.00909465;0.0146965;1.34233;0.0280146;0.0236835;0.00420962;1.72406;0.0367728;
48;16384;16384;measure;all_to_all;5.43349;2.07603;3.35739;0.0111899;0.0045159;1.74066;0.0221471;0.0154933;0.0357068;1.48788;0.0397957;
48;16384;16384;measure;all_to_all;5.42902;2.09957;3.32923;0.0212508;0.0230597;1.52462;0.0126792;0.0176889;0.0661356;1.65232;0.011485;
48;16384;16384;measure;all_to_all;5.4507;2.12069;3.32987;0.031304;0.0940681;1.4735;0.0136918;0.0271394;0.0642001;1.61471;0.0112515;