n_threads;n_x;n_y;plan;comm_flag;total;initialization;fft_2d_total;first_fftw;first_split;first_comm;first_trans;second_fftw;second_split;second_comm;second_trans;
48;16384;16384;measure;scatter;3.13664;2.65254;0.484077;0.120051;0.0562312;0.000120216;0.062121;0.138507;0.0553135;8.8065e-05;0.0516455;
48;16384;16384;measure;scatter;3.17801;2.70884;0.469157;0.12041;0.0565401;8.3447e-05;0.0584431;0.125211;0.0556738;0.000375676;0.0524195;
48;16384;16384;measure;scatter;3.20317;2.70434;0.498811;0.120473;0.0562365;8.4389e-05;0.0594704;0.152124;0.0566252;9.9847e-05;0.053697;
48;16384;16384;measure;scatter;3.16349;2.69563;0.467836;0.120471;0.0564727;8.4509e-05;0.061251;0.120625;0.0560163;9.012e-05;0.0528256;
48;16384;16384;measure;scatter;3.15484;2.69501;0.459806;0.111785;0.0558531;8.5751e-05;0.0618374;0.120887;0.0562579;8.4669e-05;0.0530162;
48;16384;16384;measure;scatter;3.16184;2.70638;0.455443;0.112657;0.0556092;5.5985e-05;0.0610692;0.117052;0.056445;8.0771e-05;0.0524737;
48;16384;16384;measure;scatter;3.18203;2.69137;0.490639;0.111329;0.0562561;6.4161e-05;0.0610142;0.152328;0.0560323;0.00115942;0.0524551;
48;16384;16384;measure;scatter;3.16823;2.68553;0.482685;0.119003;0.0560889;8.05921e-05;0.0581945;0.141064;0.0558485;7.5442e-05;0.0523296;
48;16384;16384;measure;scatter;3.16234;2.69844;0.463884;0.120903;0.0557343;8.1092e-05;0.0585908;0.12016;0.0561214;8.9137e-05;0.0522041;
48;16384;16384;measure;scatter;3.1792;2.69218;0.487006;0.119848;0.0559742;7.3769e-05;0.0588235;0.142382;0.0585339;9.2744e-05;0.0512772;
48;16384;16384;measure;scatter;5.88781;2.33919;3.5486;0.0597753;0.0263226;1.38907;0.0388146;0.0682971;0.0240139;1.90255;0.0397542;
48;16384;16384;measure;scatter;6.02145;2.33248;3.68896;0.063836;0.0226338;1.52646;0.0436911;0.0670835;0.0265505;1.89838;0.0403133;
48;16384;16384;measure;scatter;5.68783;2.33809;3.34972;0.07715;0.0232069;1.36585;0.0483214;0.082624;0.0284522;1.68211;0.0419978;
48;16384;16384;measure;scatter;5.9883;2.36801;3.62028;0.0663544;0.0231609;1.39873;0.0503476;0.0777039;0.0292962;1.93576;0.0389286;
48;16384;16384;measure;scatter;5.55202;2.35403;3.19797;0.0660254;0.022897;1.30197;0.0444834;0.0697891;0.0269904;1.62309;0.0427271;
48;16384;16384;measure;scatter;6.02795;2.34542;3.68251;0.0635561;0.0238033;1.45118;0.0485273;0.0807205;0.0288261;1.94506;0.0408363;
48;16384;16384;measure;scatter;5.72042;2.34122;3.37918;0.0640824;0.022638;1.33721;0.0442082;0.0675517;0.0268058;1.77849;0.0381937;
48;16384;16384;measure;scatter;5.5301;2.3746;3.15549;0.0642476;0.0229177;1.28787;0.0494192;0.0742463;0.0290536;1.59056;0.0371732;
48;16384;16384;measure;scatter;6.05616;2.34556;3.71059;0.0648663;0.0229159;1.20867;0.0457178;0.0680212;0.0270455;2.23046;0.0428883;
48;16384;16384;measure;scatter;5.37693;2.35762;3.0193;0.0599802;0.0259825;1.25827;0.0440983;0.074923;0.0288078;1.48164;0.0455975;
48;16384;16384;measure;scatter;5.02627;2.20413;2.82212;0.0574579;0.0245722;1.18126;0.0573972;0.0422252;0.0147148;1.3975;0.046989;
48;16384;16384;measure;scatter;5.23195;2.34156;2.89038;0.0641265;0.0400359;1.15489;0.059184;0.0450335;0.0153338;1.46732;0.0444572;
48;16384;16384;measure;scatter;5.59813;2.4079;3.19021;0.0453059;0.0335583;1.23921;0.0717958;0.0606742;0.0515384;1.65033;0.0377947;
48;16384;16384;measure;scatter;5.46025;2.21683;3.2434;0.050554;0.0514641;1.43363;0.0673181;0.0520155;0.020583;1.53036;0.0374677;
48;16384;16384;measure;scatter;5.46654;2.51539;2.95114;0.0383084;0.0146497;1.07584;0.0600358;0.0481588;0.0140852;1.66186;0.0382003;
48;16384;16384;measure;scatter;5.42427;2.3141;3.11016;0.0344476;0.0255397;1.4441;0.0537489;0.0523716;0.0507703;1.40453;0.0446488;
48;16384;16384;measure;scatter;5.26786;2.21772;3.05012;0.044156;0.0688112;1.09165;0.0664436;0.0523635;0.0178469;1.65997;0.0488796;
48;16384;16384;measure;scatter;5.37754;2.40748;2.97005;0.0553181;0.0225628;1.02668;0.0783036;0.0544566;0.017507;1.6732;0.042028;
48;16384;16384;measure;scatter;5.44022;2.2249;3.2153;0.0641702;0.0347876;1.3482;0.056044;0.0476046;0.0242924;1.59521;0.0449933;
48;16384;16384;measure;scatter;5.82475;2.32472;3.50001;0.0369926;0.0273556;1.39338;0.104646;0.0578477;0.0385446;1.79526;0.0459868;
48;16384;16384;measure;scatter;137.058;2.27581;134.782;0.0267856;0.0120268;133.035;0.0503285;0.0365764;0.0260937;1.55532;0.0390997;
48;16384;16384;measure;scatter;5.6955;2.36078;3.33471;0.0450548;0.00945836;1.40126;0.114261;0.0367727;0.0322821;1.65969;0.0359372;
48;16384;16384;measure;scatter;136.234;2.20641;134.027;0.0575256;0.00759505;132.504;0.0792502;0.0239529;0.0315193;1.29478;0.0288073;
48;16384;16384;measure;scatter;5.87742;2.3148;3.5626;0.0629793;0.0187103;1.31407;0.0577086;0.0417466;0.0523112;1.98481;0.0302617;
48;16384;16384;measure;scatter;134.716;2.38049;132.335;0.0222044;0.0380684;130.474;0.0797088;0.0363178;0.0252343;1.62667;0.0326482;
48;16384;16384;measure;scatter;134.917;2.67545;132.242;0.0184232;0.0342567;130.449;0.0558334;0.038889;0.0157515;1.58959;0.0398814;
48;16384;16384;measure;scatter;5.536;2.5765;2.95945;0.0328043;0.0126209;1.25132;0.069828;0.0355185;0.0530145;1.4653;0.0390418;
48;16384;16384;measure;scatter;5.49319;2.49146;3.00172;0.0291047;0.00944968;1.35216;0.103384;0.0225238;0.0187817;1.42951;0.0367991;
48;16384;16384;measure;scatter;5.56565;2.49135;3.07428;0.0400674;0.00752611;1.25746;0.109628;0.0577922;0.0351375;1.52916;0.0375066;
48;16384;16384;measure;scatter;5.81184;2.49862;3.31321;0.0195624;0.0103277;1.38469;0.0361765;0.0250295;0.0777889;1.71249;0.0471377;
48;16384;16384;measure;scatter;142.431;2.59365;139.837;0.02685;0.0138633;133.837;0.0539974;0.0138535;0.0171307;5.85999;0.0148341;
48;16384;16384;measure;scatter;140.612;2.64054;137.972;0.0135019;0.015864;135.817;0.0467653;0.0120574;0.00572713;2.03877;0.0216843;
48;16384;16384;measure;scatter;141.779;2.66522;139.113;0.0081451;0.00443943;135.748;0.0410894;0.0154725;0.0132149;3.26373;0.0192399;
48;16384;16384;measure;scatter;142.848;2.62003;140.228;0.020832;0.00746633;135.449;0.0693436;0.0159667;0.0292972;4.61884;0.016888;
48;16384;16384;measure;scatter;141.182;2.44926;138.733;0.0249898;0.00919524;137.21;0.0276426;0.0137825;0.0142026;1.41474;0.0179421;
48;16384;16384;measure;scatter;140.753;2.44785;138.305;0.0221408;0.00829537;135.223;0.0537499;0.0147493;0.0113136;2.95477;0.0175815;
48;16384;16384;measure;scatter;143.058;2.55239;140.506;0.0724281;0.00353884;136.691;0.0543471;0.0290787;0.0216916;3.60985;0.0244246;
48;16384;16384;measure;scatter;10.3457;2.97012;7.37545;0.0154928;0.0120736;1.0702;0.0177199;0.0137078;0.0113374;6.2062;0.0287115;
48;16384;16384;measure;scatter;143.231;2.48191;140.749;0.00887683;0.0057534;134.367;0.0405907;0.0141955;0.0148747;6.26914;0.0287931;
48;16384;16384;measure;scatter;140.482;2.49793;137.984;0.0221237;0.0145284;136.442;0.0594611;0.01177;0.0057272;1.41459;0.0132598;