n_threads;n_x;n_y;plan;comm_flag;total;initialization;fft_2d_total;first_fftw;first_split;first_comm;first_trans;second_fftw;second_split;second_comm;second_trans;
40;16384;16384;measure;all_to_all;8.71958;4.5894;4.13017;0.198184;0.182399;1.58574;0.170159;0.110578;0.114532;1.56234;0.206238;
40;16384;16384;measure;all_to_all;8.21255;4.5069;3.70564;0.200681;0.154012;1.23217;0.097492;0.111754;0.118088;1.59355;0.19789;
40;16384;16384;measure;all_to_all;8.54783;4.44392;4.10389;0.20086;0.107248;1.60162;0.169298;0.11057;0.112997;1.58652;0.214781;
40;16384;16384;measure;all_to_all;8.23387;4.52064;3.71321;0.202887;0.109983;1.58459;0.166796;0.111799;0.11078;1.22733;0.199049;
40;16384;16384;measure;all_to_all;8.47628;4.52353;3.95273;0.203016;0.110549;1.23966;0.0960991;0.321346;0.113824;1.66581;0.202431;
40;16384;16384;measure;all_to_all;8.6881;4.55263;4.13546;0.204074;0.168123;1.59329;0.167191;0.112039;0.114218;1.57095;0.205581;
40;16384;16384;measure;all_to_all;8.85534;4.53579;4.31953;0.201755;0.131497;1.59095;0.166335;0.320219;0.118405;1.58569;0.204677;
40;16384;16384;measure;all_to_all;8.81381;4.5052;4.30859;0.195901;0.124789;1.58431;0.166361;0.320514;0.113866;1.59625;0.206612;
40;16384;16384;measure;all_to_all;8.24663;4.50785;3.73876;0.204323;0.158164;1.57713;0.166982;0.112104;0.11084;1.21704;0.192185;
40;16384;16384;measure;all_to_all;8.47886;4.52207;3.95678;0.203101;0.140145;1.61685;0.169095;0.291663;0.111204;1.23277;0.191947;
40;16384;16384;measure;all_to_all;8.63077;4.52963;4.10112;0.202548;0.113816;1.59225;0.167073;0.11215;0.114411;1.58603;0.212846;
40;16384;16384;measure;all_to_all;8.42168;4.5014;3.92027;0.195282;0.106877;1.21488;0.0985338;0.326712;0.113661;1.64844;0.215883;
40;16384;16384;measure;all_to_all;8.81108;4.48516;4.32591;0.19609;0.121946;1.59027;0.176323;0.321716;0.119168;1.59538;0.205009;
40;16384;16384;measure;all_to_all;8.8118;4.49741;4.31438;0.193935;0.163846;1.58161;0.167272;0.289919;0.113815;1.60099;0.202995;
40;16384;16384;measure;all_to_all;8.19725;4.52828;3.66896;0.202809;0.137575;1.22004;0.0961972;0.112068;0.11093;1.58187;0.207468;
40;16384;16384;measure;all_to_all;8.16227;4.47069;3.69157;0.203914;0.11633;1.24252;0.0986312;0.115203;0.110593;1.59608;0.208298;
40;16384;16384;measure;all_to_all;8.19022;4.47761;3.71259;0.195;0.12491;1.24443;0.100904;0.110655;0.117541;1.59727;0.221887;
40;16384;16384;measure;all_to_all;8.85266;4.50866;4.34399;0.203403;0.115293;1.61582;0.169106;0.324325;0.114651;1.58954;0.211848;
40;16384;16384;measure;all_to_all;8.5887;4.50569;4.083;0.202891;0.111581;1.5831;0.169112;0.111961;0.111266;1.56638;0.226717;
40;16384;16384;measure;all_to_all;8.58587;4.52783;4.05803;0.197209;0.112347;1.56695;0.169329;0.111038;0.110849;1.58029;0.210024;
40;16384;16384;measure;all_to_all;8.52428;4.4649;4.05936;0.19726;0.111061;1.57039;0.1669;0.110575;0.110854;1.58187;0.210454;
40;16384;16384;measure;all_to_all;8.24778;4.49165;3.75612;0.196092;0.170107;1.58269;0.168571;0.112232;0.110787;1.21078;0.204867;
40;16384;16384;measure;all_to_all;8.3032;4.54122;3.76197;0.195881;0.112641;1.62121;0.169191;0.11256;0.110892;1.23969;0.199904;
40;16384;16384;measure;all_to_all;8.69659;4.52454;4.17203;0.202769;0.183134;1.61821;0.169366;0.111977;0.114523;1.57034;0.201713;
40;16384;16384;measure;all_to_all;8.61811;4.53756;4.08053;0.194227;0.140421;1.57923;0.169076;0.111173;0.11077;1.57076;0.204872;
40;16384;16384;measure;all_to_all;8.55775;4.48838;4.06936;0.196095;0.111176;1.58198;0.169373;0.111774;0.114515;1.57583;0.208618;
40;16384;16384;measure;all_to_all;8.88041;4.51744;4.36296;0.20332;0.139401;1.59754;0.166696;0.326572;0.117726;1.60962;0.202083;
40;16384;16384;measure;all_to_all;8.6223;4.5176;4.10469;0.202236;0.161333;1.5859;0.16734;0.111143;0.114289;1.56305;0.199397;
40;16384;16384;measure;all_to_all;8.13849;4.48729;3.65118;0.194736;0.11094;1.23073;0.0983651;0.111965;0.114505;1.58368;0.206268;
40;16384;16384;measure;all_to_all;8.09495;4.44318;3.65176;0.197061;0.107116;1.23812;0.0983797;0.11182;0.111116;1.57728;0.210878;
40;16384;16384;measure;all_to_all;8.62844;4.50779;4.12064;0.204058;0.154072;1.5793;0.168429;0.111702;0.114293;1.58089;0.207899;
40;16384;16384;measure;all_to_all;8.28347;4.49487;3.78858;0.198555;0.152911;1.2434;0.0978578;0.112279;0.110856;1.67706;0.195654;
40;16384;16384;measure;all_to_all;8.57034;4.53162;4.03871;0.194882;0.110943;1.56677;0.16949;0.111482;0.110897;1.5625;0.211743;
40;16384;16384;measure;all_to_all;8.26756;4.53907;3.72848;0.195795;0.108279;1.58856;0.169384;0.11322;0.110731;1.23694;0.20557;
40;16384;16384;measure;all_to_all;8.26232;4.52032;3.74199;0.196144;0.109681;1.23868;0.0978036;0.111877;0.111102;1.67484;0.201865;
40;16384;16384;measure;all_to_all;8.35193;4.56284;3.78907;0.199832;0.166118;1.59912;0.169797;0.112411;0.117795;1.23346;0.190539;
40;16384;16384;measure;all_to_all;8.24709;4.5191;3.72798;0.194457;0.177814;1.2263;0.0980868;0.112561;0.11412;1.60386;0.200769;
40;16384;16384;measure;all_to_all;8.59233;4.51362;4.07869;0.195369;0.110192;1.59605;0.166122;0.111979;0.114122;1.57399;0.210865;
40;16384;16384;measure;all_to_all;8.57444;4.4894;4.08503;0.197071;0.114588;1.59443;0.169409;0.111437;0.114119;1.57378;0.210196;
40;16384;16384;measure;all_to_all;8.57372;4.49944;4.07427;0.197733;0.114777;1.59531;0.169406;0.111609;0.114564;1.56318;0.207685;
40;16384;16384;measure;all_to_all;8.64145;4.49828;4.14316;0.204097;0.179736;1.57048;0.169476;0.11068;0.114332;1.58257;0.211791;
40;16384;16384;measure;all_to_all;8.60629;4.51251;4.09377;0.197517;0.141216;1.5891;0.16942;0.111308;0.111388;1.57142;0.202396;
40;16384;16384;measure;all_to_all;8.53777;4.48211;4.05565;0.202685;0.109565;1.56617;0.16935;0.111163;0.114601;1.57323;0.208886;
40;16384;16384;measure;all_to_all;8.8023;4.50424;4.29805;0.196657;0.111073;1.58117;0.16988;0.324453;0.113756;1.59234;0.208723;
40;16384;16384;measure;all_to_all;8.58765;4.48964;4.098;0.203715;0.147995;1.5703;0.167008;0.110781;0.114482;1.57517;0.208545;
40;16384;16384;measure;all_to_all;8.58374;4.52063;4.06309;0.204131;0.13194;1.57419;0.170316;0.112017;0.114356;1.55317;0.202974;
40;16384;16384;measure;all_to_all;8.2682;4.53068;3.7375;0.201656;0.118155;1.58274;0.169033;0.112053;0.114323;1.23541;0.204133;
40;16384;16384;measure;all_to_all;8.84677;4.54183;4.30492;0.197586;0.108506;1.59321;0.169798;0.321275;0.113846;1.58822;0.212482;
40;16384;16384;measure;all_to_all;8.22311;4.50791;3.71519;0.195277;0.108504;1.5927;0.169028;0.112911;0.111023;1.23114;0.194597;
40;16384;16384;measure;all_to_all;8.61385;4.50652;4.10732;0.202989;0.156341;1.59201;0.168976;0.111746;0.117416;1.55695;0.200889;
40;16384;16384;measure;all_to_all;12.423;2.9751;9.44784;0.0625402;0.0614135;2.90077;0.130702;0.141367;0.0541631;5.87317;0.223718;
40;16384;16384;measure;all_to_all;14.8973;2.93037;11.9669;0.131572;0.0529011;3.70086;0.269508;0.0522678;0.136321;7.37656;0.246926;
40;16384;16384;measure;all_to_all;13.7009;2.96554;10.7354;0.159095;0.0508895;2.16945;0.114235;0.129817;0.0574688;7.78965;0.264787;
40;16384;16384;measure;all_to_all;10.242;2.7947;7.44724;0.131221;0.0527895;2.02573;0.117133;0.0579824;0.0561254;4.91437;0.0918801;
40;16384;16384;measure;all_to_all;14.8298;2.93462;11.8952;0.133809;0.0525869;3.58142;0.192738;0.0698673;0.0525456;7.54588;0.26631;
40;16384;16384;measure;all_to_all;13.8731;2.97136;10.9018;0.0566723;0.0566849;3.78205;0.295944;0.0421945;0.138352;6.30022;0.229635;
40;16384;16384;measure;all_to_all;16.327;2.95049;13.3765;0.15407;0.0644003;4.3562;0.151292;0.156342;0.0567735;8.23712;0.200336;
40;16384;16384;measure;all_to_all;13.8064;2.94733;10.859;0.0591132;0.0539783;4.20727;0.304837;0.205946;0.0548536;5.76314;0.209896;
40;16384;16384;measure;all_to_all;16.2005;2.94598;13.2545;0.12816;0.0493785;3.95972;0.284843;0.113107;0.0534943;8.40205;0.263712;
40;16384;16384;measure;all_to_all;10.9781;2.96072;8.0174;0.0681624;0.0565396;3.02721;0.252516;0.100743;0.0909109;4.2115;0.209815;
40;16384;16384;measure;all_to_all;9.20271;2.77525;6.42744;0.105688;0.103291;2.16716;0.116013;0.0950255;0.0906645;3.65599;0.0936054;
40;16384;16384;measure;all_to_all;12.2042;2.97388;9.2303;0.0550215;0.0544186;4.07287;0.113363;0.176644;0.056781;4.58132;0.119883;
40;16384;16384;measure;all_to_all;13.4942;2.97397;10.5202;0.0536813;0.0576496;2.79372;0.2499;0.0476094;0.153298;7.07481;0.0895389;
40;16384;16384;measure;all_to_all;13.6932;2.98146;10.7118;0.129649;0.0510997;2.3705;0.254582;0.124441;0.139064;7.36759;0.274851;
40;16384;16384;measure;all_to_all;12.6614;2.94015;9.72128;0.0652635;0.0571608;3.25569;0.288494;0.0948093;0.179573;5.55827;0.222012;
40;16384;16384;measure;all_to_all;15.721;2.91803;12.803;0.142668;0.0523808;4.13445;0.269178;0.0527685;0.126142;7.78033;0.245057;
40;16384;16384;measure;all_to_all;13.1389;2.95911;10.1798;0.131379;0.0521069;2.44215;0.250233;0.210427;0.0706255;6.86399;0.158868;
40;16384;16384;measure;all_to_all;14.4291;2.95868;11.4704;0.0562039;0.0666241;4.32661;0.242293;0.092402;0.121526;6.2829;0.281828;
40;16384;16384;measure;all_to_all;12.3616;2.9231;9.43849;0.142219;0.0514285;2.41585;0.196489;0.0570776;0.0573918;6.24214;0.275891;
40;16384;16384;measure;all_to_all;14.378;2.94769;11.4303;0.0528236;0.0657582;4.10514;0.288355;0.0847394;0.0979558;6.46277;0.272796;
40;16384;16384;measure;all_to_all;14.3348;2.98174;11.3531;0.133951;0.0521595;2.0928;0.145616;0.150629;0.0605566;8.53414;0.183242;
40;16384;16384;measure;all_to_all;11.9758;2.94288;9.03294;0.0546041;0.0550837;4.23463;0.268834;0.0461657;0.153444;4.0105;0.209683;
40;16384;16384;measure;all_to_all;12.3731;2.97412;9.39899;0.056681;0.0575636;4.16111;0.261513;0.0925697;0.107803;4.41184;0.249901;
40;16384;16384;measure;all_to_all;13.1305;2.98086;10.1496;0.166985;0.0517166;2.49222;0.139116;0.10923;0.146382;6.95323;0.0907321;
40;16384;16384;measure;all_to_all;11.7352;2.7571;8.97806;0.102247;0.0799436;2.21139;0.143233;0.113945;0.0560614;6.15415;0.117093;
40;16384;16384;measure;all_to_all;15.2007;2.95429;12.2464;0.0567899;0.0580041;4.41227;0.284442;0.0536062;0.156724;6.91209;0.312444;
40;16384;16384;measure;all_to_all;12.5327;2.97461;9.55808;0.0511649;0.0569145;3.93024;0.276547;0.0425196;0.148859;4.7778;0.274037;
40;16384;16384;measure;all_to_all;10.0953;2.98333;7.11199;0.0572073;0.0571519;2.3917;0.266055;0.226818;0.0552506;3.96658;0.0912246;
40;16384;16384;measure;all_to_all;12.0096;2.94053;9.06902;0.0518811;0.0617177;3.05824;0.293256;0.082884;0.116173;5.15243;0.252433;
40;16384;16384;measure;all_to_all;14.6269;2.92488;11.702;0.131632;0.0514802;3.98536;0.22645;0.0450871;0.149297;6.82914;0.283575;
40;16384;16384;measure;all_to_all;11.6693;2.94759;8.72175;0.139536;0.0514911;3.25638;0.280825;0.0527257;0.125507;4.56628;0.249;
40;16384;16384;measure;all_to_all;10.758;2.93953;7.81847;0.0623756;0.0566599;2.9385;0.250162;0.049482;0.160184;4.20764;0.0934615;
40;16384;16384;measure;all_to_all;15.7756;2.9959;12.7797;0.131653;0.0536018;3.6861;0.312375;0.0457682;0.0546924;8.4094;0.0860699;
40;16384;16384;measure;all_to_all;13.5467;2.98004;10.5667;0.128106;0.0522263;3.89649;0.30073;0.0441904;0.148949;5.73373;0.262239;
40;16384;16384;measure;all_to_all;10.7278;2.9559;7.77184;0.0555951;0.0580361;2.85077;0.115718;0.150096;0.0542596;4.41128;0.076092;
40;16384;16384;measure;all_to_all;12.0878;2.95923;9.12854;0.140744;0.0505909;3.85307;0.141567;0.146791;0.0537376;4.65521;0.0868278;
40;16384;16384;measure;all_to_all;14.3973;2.98597;11.4113;0.0557135;0.0599987;5.18436;0.264406;0.201465;0.184942;5.21501;0.245428;
40;16384;16384;measure;all_to_all;13.1101;2.66497;10.4451;0.0638244;0.0595975;3.99107;0.105608;0.131739;0.0570072;5.75624;0.280043;
40;16384;16384;measure;all_to_all;12.623;2.67374;9.94924;0.0694401;0.0547533;3.10792;0.119999;0.134705;0.0583393;6.1687;0.235374;
40;16384;16384;measure;all_to_all;12.5942;2.92572;9.66843;0.132717;0.0500584;3.4633;0.120694;0.111655;0.0887519;5.48438;0.216879;
40;16384;16384;measure;all_to_all;17.6145;3.0269;14.5876;0.132142;0.051671;4.11089;0.33354;0.0436274;0.0524972;9.67599;0.187239;
40;16384;16384;measure;all_to_all;13.7703;2.9651;10.8051;0.147768;0.0522196;3.83661;0.125955;0.142864;0.0566871;6.21809;0.224952;
40;16384;16384;measure;all_to_all;15.7053;2.93313;12.7721;0.130366;0.0520471;3.49137;0.271324;0.196678;0.0540886;8.2873;0.288966;
40;16384;16384;measure;all_to_all;10.1453;2.76884;7.37649;0.140762;0.0903516;1.92476;0.11252;0.0669692;0.0593426;4.8771;0.104681;
40;16384;16384;measure;all_to_all;12.4955;2.65824;9.83727;0.0533769;0.0543933;3.25035;0.291684;0.0953488;0.145465;5.83621;0.11044;
40;16384;16384;measure;all_to_all;13.0894;2.99795;10.0914;0.131614;0.0521324;2.40113;0.215149;0.107522;0.10036;6.81226;0.271268;
40;16384;16384;measure;all_to_all;14.9834;2.99821;11.9852;0.152631;0.0526776;2.88256;0.20398;0.040167;0.0628348;8.36525;0.225059;
40;16384;16384;measure;all_to_all;14.7475;2.96963;11.7779;0.132586;0.0507718;4.55856;0.27971;0.0535018;0.163253;6.34701;0.192485;
40;16384;16384;measure;all_to_all;12.5703;2.66844;9.9019;0.0550262;0.0569675;3.2567;0.290082;0.0955989;0.134516;5.72999;0.283019;
40;16384;16384;measure;all_to_all;12.0687;2.55528;9.51338;0.0542883;0.0562113;2.99894;0.0979069;0.14782;0.0604816;5.87008;0.227649;
40;16384;16384;measure;all_to_all;9.92384;1.30242;8.6214;0.0318298;0.036875;3.66853;0.259964;0.0319868;0.165235;4.16546;0.261519;
40;16384;16384;measure;all_to_all;10.2315;1.28286;8.94866;0.037794;0.0296895;3.55655;0.261425;0.0296316;0.0292885;4.89421;0.110078;
40;16384;16384;measure;all_to_all;9.96908;1.30039;8.66868;0.0390221;0.0355721;3.58032;0.296614;0.030966;0.158948;4.39323;0.134011;
40;16384;16384;measure;all_to_all;10.4754;1.30092;9.17442;0.0295215;0.0294188;3.28971;0.279786;0.0308818;0.0321026;5.24813;0.234877;
40;16384;16384;measure;all_to_all;9.86546;1.30835;8.5571;0.0276954;0.0282032;3.76064;0.21327;0.0314672;0.154448;4.08278;0.258592;
40;16384;16384;measure;all_to_all;10.2622;1.32511;8.93705;0.0279376;0.0278281;3.86757;0.271602;0.0302554;0.180012;4.24833;0.283506;
40;16384;16384;measure;all_to_all;10.3097;1.31249;8.99712;0.0346768;0.0281587;3.86418;0.0883543;0.194989;0.0310636;4.66365;0.0920488;
40;16384;16384;measure;all_to_all;11.3579;1.28914;10.0687;0.0402739;0.0273546;4.84809;0.29197;0.0302557;0.179298;4.42218;0.22933;
40;16384;16384;measure;all_to_all;11.9362;1.30761;10.6286;0.0293609;0.0286719;4.29919;0.293468;0.0304523;0.218188;5.44938;0.279868;
40;16384;16384;measure;all_to_all;10.8923;1.29524;9.59708;0.0286571;0.02857;3.87206;0.295978;0.0297922;0.165327;4.97957;0.197126;
40;16384;16384;measure;all_to_all;10.621;1.29242;9.32858;0.0286281;0.028423;3.82043;0.281831;0.0298189;0.174938;4.71658;0.247935;
40;16384;16384;measure;all_to_all;10.2111;1.30026;8.91081;0.0282057;0.0405238;3.60453;0.285572;0.0320181;0.171125;4.54565;0.203182;
40;16384;16384;measure;all_to_all;9.87178;1.31604;8.55574;0.0289705;0.0295184;4.09327;0.231206;0.0330089;0.161525;3.85441;0.123827;
40;16384;16384;measure;all_to_all;9.58272;1.29584;8.28687;0.0266988;0.028464;3.3511;0.163858;0.118565;0.0286508;4.33574;0.233796;
40;16384;16384;measure;all_to_all;10.7038;1.29376;9.41008;0.0374067;0.0352576;3.63448;0.294527;0.035504;0.197433;4.92547;0.250001;
40;16384;16384;measure;all_to_all;9.24968;1.31657;7.93301;0.042469;0.0419122;3.24486;0.278139;0.0309932;0.147033;3.90824;0.239365;
40;16384;16384;measure;all_to_all;10.2731;1.29667;8.9764;0.0279041;0.0287524;3.28359;0.30098;0.0282222;0.0302945;5.04284;0.233815;
40;16384;16384;measure;all_to_all;10.4986;1.29025;9.20833;0.0280116;0.03363;3.40916;0.257213;0.0313766;0.171944;4.99679;0.2802;
40;16384;16384;measure;all_to_all;9.95074;1.31942;8.63131;0.0289082;0.0302587;3.45288;0.226679;0.0307621;0.155586;4.4145;0.291732;
40;16384;16384;measure;all_to_all;10.0183;1.29904;8.71929;0.0278786;0.0280156;3.5978;0.262118;0.0307735;0.162109;4.36582;0.244772;
40;16384;16384;measure;all_to_all;9.94618;1.97242;7.97375;0.0723153;0.0270286;3.06702;0.291311;0.0214652;0.188349;4.05626;0.249996;
40;16384;16384;measure;all_to_all;10.8289;1.30358;9.52528;0.0283495;0.046456;3.87467;0.261546;0.0313369;0.167531;4.83183;0.283562;
40;16384;16384;measure;all_to_all;11.2112;1.30376;9.9074;0.0261069;0.0327116;4.08474;0.257586;0.0344903;0.178357;5.04593;0.247482;
40;16384;16384;measure;all_to_all;10.2982;1.29797;9.00017;0.0270438;0.0312802;3.5542;0.271562;0.0316072;0.15542;4.67962;0.249439;
40;16384;16384;measure;all_to_all;11.1262;1.29526;9.83091;0.0273834;0.0297994;3.90062;0.138489;0.124073;0.0342513;5.306;0.270302;
40;16384;16384;measure;all_to_all;8.80577;1.31201;7.49375;0.0279173;0.0297374;3.05003;0.0837721;0.151306;0.186886;3.81906;0.145039;
40;16384;16384;measure;all_to_all;9.78431;1.29108;8.49323;0.0276731;0.0279133;3.32715;0.15395;0.0297054;0.151774;4.54081;0.234246;
40;16384;16384;measure;all_to_all;10.0949;1.28476;8.81012;0.0285246;0.0292263;3.63338;0.171627;0.0317504;0.167785;4.48575;0.262081;
40;16384;16384;measure;all_to_all;11.1496;1.28172;9.86784;0.0277699;0.0274671;4.63525;0.291229;0.0309813;0.178328;4.40074;0.276074;
40;16384;16384;measure;all_to_all;10.4318;1.29002;9.1418;0.0274034;0.0298194;3.97287;0.271791;0.0303999;0.17242;4.39242;0.244669;
40;16384;16384;measure;all_to_all;11.3525;1.28663;10.0658;0.0272378;0.0283727;4.68477;0.296821;0.0290368;0.187839;4.54653;0.265212;
40;16384;16384;measure;all_to_all;9.44473;1.28154;8.16318;0.0278344;0.0286261;3.45637;0.270714;0.0291223;0.174275;3.93488;0.241356;
40;16384;16384;measure;all_to_all;11.6145;1.30964;10.3048;0.0377613;0.0297109;4.61123;0.124776;0.124096;0.0741637;5.04489;0.258202;
40;16384;16384;measure;all_to_all;11.0263;1.28106;9.74525;0.0272186;0.0295536;3.98853;0.251503;0.0317539;0.162902;4.99483;0.258958;
40;16384;16384;measure;all_to_all;10.7714;1.95889;8.81247;0.0641716;0.0436381;2.87169;0.284484;0.0225733;0.180853;5.09581;0.249262;
40;16384;16384;measure;all_to_all;9.58868;1.28788;8.3008;0.0377102;0.0285254;3.13297;0.146057;0.110745;0.030259;4.53487;0.279663;
40;16384;16384;measure;all_to_all;9.82843;1.28672;8.5417;0.0238953;0.0245811;3.42546;0.200647;0.0310589;0.166832;4.43691;0.232308;
40;16384;16384;measure;all_to_all;11.2171;1.28764;9.92944;0.0378157;0.0436766;3.55333;0.285501;0.195018;0.0381471;5.49358;0.282367;
40;16384;16384;measure;all_to_all;10.5057;1.27341;9.23224;0.0252662;0.0269807;3.22455;0.269861;0.0312574;0.170705;5.22893;0.254684;
40;16384;16384;measure;all_to_all;11.3495;1.27419;10.0753;0.0245857;0.0261207;4.48291;0.277225;0.0302638;0.0284382;4.97543;0.23031;
40;16384;16384;measure;all_to_all;11.0056;1.97158;9.03401;0.0897838;0.0472908;2.92006;0.10295;0.151538;0.0378263;5.43875;0.245823;
40;16384;16384;measure;all_to_all;11.1497;1.27499;9.87466;0.0324535;0.0278547;4.03051;0.246486;0.0337962;0.156751;5.14684;0.199974;
40;16384;16384;measure;all_to_all;9.22654;1.26477;7.96176;0.0258669;0.0254932;3.51243;0.29658;0.0304042;0.132788;3.81072;0.127479;
40;16384;16384;measure;all_to_all;9.99828;1.27236;8.72592;0.0239774;0.0282175;3.39321;0.282644;0.0299856;0.168684;4.57277;0.226436;
40;16384;16384;measure;all_to_all;9.38979;1.27635;8.11343;0.022848;0.0256822;3.15856;0.271367;0.206736;0.0292399;4.2866;0.112402;
40;16384;16384;measure;all_to_all;9.96551;1.26887;8.69663;0.0251477;0.0256385;3.64904;0.257784;0.0306355;0.158103;4.4265;0.12377;
40;16384;16384;measure;all_to_all;10.6809;1.26505;9.41588;0.0373985;0.0257039;3.34017;0.450336;0.0300634;0.0288472;5.27531;0.228052;
40;16384;16384;measure;all_to_all;9.70323;1.26886;8.43436;0.0225714;0.0248689;2.70043;0.25824;0.0290711;0.108024;5.18214;0.109006;
40;16384;16384;measure;all_to_all;9.59833;1.25607;8.34225;0.0250939;0.0242903;3.27514;0.129912;0.126491;0.0301237;4.63547;0.0957265;
40;16384;16384;measure;all_to_all;8.97643;1.26174;7.71468;0.0239863;0.0260566;3.28491;0.294884;0.0295813;0.17618;3.78123;0.0978502;
40;16384;16384;measure;all_to_all;10.0706;1.09807;8.97247;0.0162822;0.0242662;3.75236;0.141596;0.0134309;0.159171;4.77422;0.0911449;
40;16384;16384;measure;all_to_all;9.68377;1.10194;8.58182;0.0372939;0.0145296;3.84146;0.153425;0.0168412;0.126989;4.17314;0.218144;
40;16384;16384;measure;all_to_all;9.40414;1.09734;8.30678;0.0220427;0.023206;3.60644;0.146395;0.126121;0.0459231;4.25017;0.0864763;
40;16384;16384;measure;all_to_all;10.2573;1.1003;9.15701;0.0250758;0.0213376;4.0498;0.218447;0.0421255;0.0135798;4.70284;0.0838071;
40;16384;16384;measure;all_to_all;9.56749;1.11024;8.45722;0.0640783;0.0285681;3.16768;0.144542;0.0677772;0.123478;4.62083;0.240267;
40;16384;16384;measure;all_to_all;9.72609;1.10468;8.6214;0.0221302;0.0147718;3.42945;0.169455;0.0519746;0.088623;4.67614;0.168858;
40;16384;16384;measure;all_to_all;10.2809;1.09045;9.19045;0.0177777;0.0138217;4.22135;0.191761;0.0649997;0.0286439;4.59746;0.0546399;
40;16384;16384;measure;all_to_all;9.41318;1.09272;8.32044;0.0140686;0.0260435;3.2947;0.149942;0.0158131;0.126352;4.59885;0.0946774;
40;16384;16384;measure;all_to_all;10.3788;1.09068;9.28811;0.0139259;0.0140623;3.73529;0.234704;0.0191687;0.181531;5.00173;0.0876973;
40;16384;16384;measure;all_to_all;9.88309;1.09086;8.79222;0.0352975;0.0143672;3.64269;0.166782;0.133348;0.020553;4.66484;0.114348;
40;16384;16384;measure;all_to_all;9.77171;1.08592;8.68577;0.035103;0.0149947;3.7745;0.151462;0.13315;0.0361731;4.472;0.0683789;
40;16384;16384;measure;all_to_all;10.1823;1.09454;9.08773;0.015892;0.0150496;3.86666;0.16601;0.0723732;0.0142866;4.8776;0.0598474;
40;16384;16384;measure;all_to_all;9.29113;1.09557;8.19554;0.016169;0.0244267;3.45271;0.144272;0.0128982;0.124222;4.35723;0.0636065;
40;16384;16384;measure;all_to_all;9.86749;1.12441;8.74306;0.0486016;0.0237939;3.64068;0.161914;0.0480613;0.0125778;4.72896;0.0784759;
40;16384;16384;measure;all_to_all;9.78726;1.08917;8.69807;0.0152204;0.0247972;3.90746;0.154436;0.109864;0.0150951;4.40396;0.0672415;
40;16384;16384;measure;all_to_all;9.52998;1.07879;8.45118;0.0141388;0.0143599;3.68597;0.155261;0.0159356;0.123929;4.38228;0.0593015;
40;16384;16384;measure;all_to_all;9.37058;1.10051;8.27005;0.0142619;0.0146045;3.58831;0.137504;0.0126986;0.133455;4.21356;0.155666;
40;16384;16384;measure;all_to_all;9.99841;1.10579;8.89261;0.0136611;0.0145254;3.83355;0.170072;0.135622;0.0170577;4.62715;0.0809679;
40;16384;16384;measure;all_to_all;9.69656;1.10437;8.59218;0.0227333;0.0223434;3.96768;0.160948;0.0357868;0.0234782;4.29618;0.0630375;
40;16384;16384;measure;all_to_all;9.74782;1.10139;8.64641;0.0362723;0.0136428;3.52704;0.162318;0.015697;0.126436;4.54632;0.218689;
40;16384;16384;measure;all_to_all;9.76244;1.10454;8.65788;0.0230779;0.0143412;3.66493;0.144007;0.0155907;0.138095;4.57692;0.0809263;
40;16384;16384;measure;all_to_all;9.48648;1.09425;8.39221;0.0342515;0.026074;3.14995;0.142382;0.0137719;0.153825;4.78805;0.0839127;
40;16384;16384;measure;all_to_all;9.29491;1.10055;8.19435;0.0159705;0.0238413;3.44034;0.233663;0.0150552;0.0672044;4.32448;0.0737962;
40;16384;16384;measure;all_to_all;10.2577;1.10206;9.15561;0.024838;0.0247416;3.80658;0.149575;0.170568;0.0247481;4.87179;0.0827763;
40;16384;16384;measure;all_to_all;9.39144;1.0978;8.29363;0.0247144;0.0142825;3.80449;0.235725;0.0146745;0.157222;3.95934;0.0831849;
40;16384;16384;measure;all_to_all;8.94579;1.11346;7.8323;0.0245021;0.0200097;3.28027;0.230846;0.0167482;0.0186058;4.16489;0.0764315;
40;16384;16384;measure;all_to_all;9.3012;1.10844;8.19275;0.0153287;0.0243345;3.45183;0.134771;0.0592203;0.0174641;4.42527;0.0645429;
40;16384;16384;measure;all_to_all;9.66554;1.09474;8.57079;0.0805657;0.0143608;3.28601;0.150494;0.107782;0.0334452;4.79787;0.100264;
40;16384;16384;measure;all_to_all;9.33563;1.09515;8.24047;0.0275557;0.0152475;3.40037;0.155643;0.0579132;0.0227151;4.49944;0.0615923;
40;16384;16384;measure;all_to_all;8.95241;1.10273;7.84965;0.0152108;0.0255283;3.38925;0.147715;0.0130546;0.123092;4.06939;0.0664119;
40;16384;16384;measure;all_to_all;8.94138;1.08865;7.85271;0.01636;0.0181382;3.22965;0.15406;0.0154441;0.170182;4.16131;0.0875683;
40;16384;16384;measure;all_to_all;10.1016;1.10301;8.99859;0.0154788;0.0199329;4.12096;0.211116;0.0108796;0.172473;4.29402;0.153729;
40;16384;16384;measure;all_to_all;10.0545;1.08371;8.97078;0.0579575;0.0203838;3.69685;0.146557;0.123576;0.0128625;4.85475;0.0578446;
40;16384;16384;measure;all_to_all;9.69469;1.09399;8.60068;0.0245545;0.024019;3.41303;0.151059;0.0102271;0.199727;4.68959;0.0884747;
40;16384;16384;measure;all_to_all;9.31155;1.09401;8.21752;0.0381061;0.0288452;3.10358;0.154124;0.0146619;0.127889;4.54227;0.208042;
40;16384;16384;measure;all_to_all;9.9429;1.09574;8.84715;0.0129245;0.0201805;4.17555;0.192803;0.0297905;0.0189174;4.26213;0.134849;
40;16384;16384;measure;all_to_all;9.2565;1.09869;8.1578;0.0594802;0.0230581;3.30997;0.171117;0.0144136;0.183211;4.33415;0.0623994;
40;16384;16384;measure;all_to_all;9.99785;1.09664;8.90119;0.0353978;0.0284007;4.02735;0.137791;0.0793793;0.0463377;4.45876;0.0877745;
40;16384;16384;measure;all_to_all;10.316;1.10171;9.21429;0.0226048;0.032933;4.15944;0.248237;0.0128001;0.103548;4.58685;0.0478809;
40;16384;16384;measure;all_to_all;9.67442;1.1015;8.5729;0.0358453;0.0230348;3.6598;0.149078;0.0122609;0.123191;4.42291;0.146777;
40;16384;16384;measure;all_to_all;9.6625;1.07829;8.58412;0.0210928;0.0154586;3.60743;0.157767;0.126419;0.0606244;4.53239;0.0629431;
40;16384;16384;measure;all_to_all;9.98319;1.07547;8.90771;0.015457;0.0245854;4.39377;0.16271;0.144429;0.0389371;3.91289;0.214928;
40;16384;16384;measure;all_to_all;9.38212;1.09771;8.28439;0.0130804;0.0144062;3.56278;0.0392341;0.103231;0.0125308;4.36136;0.177772;
40;16384;16384;measure;all_to_all;10.1576;1.10142;9.0562;0.0234929;0.0229932;3.54549;0.202716;0.0124083;0.201649;4.81508;0.232375;
40;16384;16384;measure;all_to_all;9.35772;1.08081;8.27689;0.0229041;0.0144836;3.468;0.170559;0.0130819;0.168134;4.30104;0.118696;
40;16384;16384;measure;all_to_all;9.40946;1.08927;8.32017;0.0414009;0.0416033;3.6386;0.142957;0.0486475;0.0273859;4.29777;0.0818114;
40;16384;16384;measure;all_to_all;9.66701;1.11479;8.5522;0.0219892;0.0216038;3.5617;0.201884;0.0110253;0.209988;4.4339;0.0901035;
40;16384;16384;measure;all_to_all;9.71962;1.09616;8.62344;0.0150786;0.0157322;3.74084;0.141443;0.0121802;0.118752;4.49491;0.084505;
40;16384;16384;measure;all_to_all;9.40092;1.08935;8.31156;0.0308933;0.0154938;3.91382;0.141084;0.0536057;0.083859;3.86416;0.208636;
40;16384;16384;measure;all_to_all;9.49728;1.09187;8.40539;0.0142458;0.0144375;3.46682;0.153483;0.129066;0.0138503;4.49458;0.118909;