n_threads;n_x;n_y;plan;comm_flag;total;initialization;fft_2d_total;first_fftw;first_split;first_comm;first_trans;second_fftw;second_split;second_comm;second_trans;
40;16384;16384;measure;all_to_all;6.53985;2.58891;3.95093;0.110932;0.11585;1.57481;0.173854;0.120542;0.131273;1.57761;0.146059;
40;16384;16384;measure;all_to_all;5.77176;2.61989;3.15186;0.110756;0.119248;1.54491;0.170207;0.113885;0.113112;0.85681;0.122933;
40;16384;16384;measure;all_to_all;5.74466;2.59689;3.14776;0.108466;0.114092;0.852747;0.10561;0.118213;0.112895;1.58979;0.145944;
40;16384;16384;measure;all_to_all;6.53742;2.61256;3.92484;0.110751;0.115092;1.57141;0.169455;0.11599;0.116189;1.57844;0.14752;
40;16384;16384;measure;all_to_all;6.54492;2.61853;3.92639;0.110937;0.114315;1.56264;0.173214;0.138257;0.11615;1.57146;0.13941;
40;16384;16384;measure;all_to_all;5.05475;2.6282;2.42654;0.110363;0.112283;0.850238;0.105161;0.159715;0.11308;0.838209;0.137486;
40;16384;16384;measure;all_to_all;6.58754;2.6144;3.97312;0.109771;0.115171;1.55877;0.171488;0.119575;0.114417;1.58336;0.200574;
40;16384;16384;measure;all_to_all;5.73834;2.60283;3.13551;0.110017;0.114976;0.848877;0.105142;0.117749;0.113112;1.5671;0.158531;
40;16384;16384;measure;all_to_all;6.50046;2.62733;3.87312;0.110258;0.115276;1.53623;0.169541;0.115094;0.11694;1.55975;0.150027;
40;16384;16384;measure;all_to_all;5.01522;2.60858;2.40663;0.108628;0.116515;0.848897;0.103443;0.15239;0.11543;0.818721;0.142602;
40;16384;16384;measure;all_to_all;6.52532;2.59642;3.92889;0.109654;0.117478;1.56934;0.172172;0.123255;0.117672;1.57454;0.144777;
40;16384;16384;measure;all_to_all;6.54056;2.61077;3.92977;0.110553;0.112982;1.57251;0.168844;0.124408;0.11712;1.57737;0.145983;
40;16384;16384;measure;all_to_all;5.80239;2.60751;3.19487;0.110865;0.114208;1.56601;0.17475;0.123383;0.119237;0.864676;0.12174;
40;16384;16384;measure;all_to_all;5.81133;2.60075;3.21056;0.111706;0.112732;1.60212;0.171946;0.118152;0.113187;0.860396;0.120322;
40;16384;16384;measure;all_to_all;6.55576;2.59783;3.95791;0.108374;0.113317;1.60616;0.172414;0.120375;0.113538;1.5814;0.142339;
40;16384;16384;measure;all_to_all;6.1049;2.64912;3.45577;0.203604;0.283527;1.54436;0.169525;0.153048;0.119689;0.862059;0.119959;
40;16384;16384;measure;all_to_all;5.75772;2.61826;3.13945;0.109094;0.114632;0.848162;0.107264;0.123765;0.120052;1.57911;0.137369;
40;16384;16384;measure;all_to_all;5.76981;2.61973;3.15006;0.110349;0.1169;1.53303;0.173015;0.116789;0.112503;0.861458;0.126017;
40;16384;16384;measure;all_to_all;6.55793;2.61854;3.93938;0.110498;0.113388;1.58566;0.172395;0.119108;0.12017;1.57596;0.142196;
40;16384;16384;measure;all_to_all;5.74707;2.59141;3.15565;0.109162;0.112889;1.56061;0.170406;0.156633;0.115737;0.787617;0.1426;
40;16384;16384;measure;all_to_all;5.64545;2.56521;3.08023;0.109843;0.112637;0.853522;0.108093;0.119334;0.117602;1.52472;0.134476;
40;16384;16384;measure;all_to_all;5.689;2.56835;3.12064;0.106521;0.112479;0.855134;0.106981;0.121563;0.119479;1.55862;0.139861;
40;16384;16384;measure;all_to_all;6.49246;2.59414;3.8983;0.107819;0.1115;1.55626;0.170571;0.116223;0.118775;1.57685;0.140295;
40;16384;16384;measure;all_to_all;5.69797;2.58596;3.112;0.108977;0.11739;0.844102;0.107269;0.119231;0.111838;1.56153;0.14167;
40;16384;16384;measure;all_to_all;6.53444;2.56365;3.97078;0.107874;0.117185;1.59397;0.175712;0.125532;0.116957;1.58402;0.149519;
40;16384;16384;measure;all_to_all;5.58793;2.4682;3.11973;0.110201;0.116455;0.849626;0.109317;0.119525;0.114681;1.55275;0.147174;
40;16384;16384;measure;all_to_all;4.91025;2.48974;2.4205;0.111671;0.113256;0.851055;0.107189;0.15744;0.116634;0.815615;0.147637;
40;16384;16384;measure;all_to_all;5.65545;2.45291;3.20253;0.109061;0.116783;1.58292;0.175058;0.118907;0.1136;0.860269;0.125937;
40;16384;16384;measure;all_to_all;6.43227;2.47019;3.96206;0.10939;0.119758;1.58617;0.172164;0.123491;0.117197;1.5855;0.148388;
40;16384;16384;measure;all_to_all;5.61901;2.51071;3.10829;0.108487;0.115811;0.845824;0.104494;0.119994;0.114264;1.56237;0.137046;
40;16384;16384;measure;all_to_all;5.67378;2.54752;3.12625;0.107658;0.111257;1.54156;0.17029;0.156535;0.113549;0.783522;0.141875;
40;16384;16384;measure;all_to_all;5.65656;2.52451;3.13204;0.108482;0.115272;0.840604;0.106916;0.118641;0.11308;1.56781;0.161228;
40;16384;16384;measure;all_to_all;6.4354;2.52089;3.9145;0.110578;0.118872;1.56291;0.17192;0.119896;0.117461;1.56886;0.143998;
40;16384;16384;measure;all_to_all;5.7135;2.54342;3.17006;0.115405;0.115095;1.56621;0.170789;0.154377;0.116347;0.790742;0.141097;
40;16384;16384;measure;all_to_all;6.42421;2.50655;3.91764;0.109322;0.11421;1.56605;0.170402;0.117909;0.112781;1.58342;0.143552;
40;16384;16384;measure;all_to_all;5.72513;2.52751;3.19761;0.109146;0.113345;1.58552;0.174137;0.156708;0.117029;0.791277;0.150448;
40;16384;16384;measure;all_to_all;5.69352;2.51211;3.18139;0.111559;0.113907;1.57904;0.173985;0.156405;0.115968;0.784847;0.14568;
40;16384;16384;measure;all_to_all;6.45166;2.5294;3.92225;0.106083;0.116548;1.57263;0.171803;0.122888;0.121399;1.56475;0.146144;
40;16384;16384;measure;all_to_all;6.42609;2.52466;3.90141;0.109433;0.112655;1.56493;0.173006;0.117072;0.117262;1.5631;0.143951;
40;16384;16384;measure;all_to_all;5.72141;2.52868;3.19271;0.109757;0.117424;1.58051;0.17484;0.158506;0.115718;0.784881;0.151071;
40;16384;16384;measure;all_to_all;5.63012;2.51466;3.11545;0.111183;0.112565;0.850922;0.10768;0.116497;0.116793;1.55768;0.142126;
40;16384;16384;measure;all_to_all;4.93757;2.51625;2.42131;0.108638;0.116613;0.846562;0.111441;0.156989;0.115891;0.820629;0.14455;
40;16384;16384;measure;all_to_all;6.40738;2.49242;3.91494;0.111079;0.115706;1.56601;0.170054;0.118494;0.113057;1.57691;0.14363;
40;16384;16384;measure;all_to_all;5.68872;2.49885;3.18985;0.111006;0.116244;1.57614;0.170821;0.154794;0.117618;0.797259;0.145968;
40;16384;16384;measure;all_to_all;5.63115;2.51104;3.12009;0.105741;0.114098;0.851209;0.104996;0.121842;0.116188;1.56252;0.143497;
40;16384;16384;measure;all_to_all;6.46103;2.54113;3.91988;0.104524;0.113258;1.58178;0.173632;0.115486;0.116501;1.56698;0.147718;
40;16384;16384;measure;all_to_all;5.66866;2.52284;3.14581;0.104213;0.115636;0.850781;0.10626;0.120589;0.113628;1.56256;0.172146;
40;16384;16384;measure;all_to_all;5.72633;2.51647;3.20985;0.109568;0.112514;1.55965;0.171345;0.158141;0.113205;0.863035;0.122388;
40;16384;16384;measure;all_to_all;6.41818;2.50302;3.91514;0.109359;0.116295;1.58147;0.169141;0.114094;0.116429;1.56648;0.141879;
40;16384;16384;measure;all_to_all;5.62439;2.5199;3.10448;0.110568;0.116325;0.847541;0.105266;0.118184;0.113749;1.55565;0.137202;
40;16384;16384;measure;all_to_all;6.43263;2.24507;4.18756;0.0454631;0.0555442;1.41596;0.124744;0.0585266;0.0805716;2.30253;0.104212;
40;16384;16384;measure;all_to_all;6.97114;2.25593;4.71521;0.0444414;0.0539873;1.92253;0.162117;0.0625631;0.056418;2.32669;0.0864571;
40;16384;16384;measure;all_to_all;6.46872;2.24368;4.22503;0.044726;0.0546293;1.40281;0.132747;0.0624738;0.0608162;2.37152;0.0953018;
40;16384;16384;measure;all_to_all;7.69287;2.23584;5.45701;0.0464923;0.0514276;1.50702;0.137277;0.0694463;0.0819707;3.4716;0.0917773;
40;16384;16384;measure;all_to_all;6.43103;2.22412;4.2069;0.0485692;0.0557932;1.44979;0.143799;0.0628667;0.05902;2.2729;0.11416;
40;16384;16384;measure;all_to_all;6.47548;2.23971;4.23576;0.0510695;0.0536087;1.48111;0.152729;0.0625573;0.092448;2.23043;0.11182;
40;16384;16384;measure;all_to_all;7.99682;2.24055;5.75626;0.0439334;0.0545076;1.90062;0.110834;0.0997381;0.0597543;3.37651;0.110358;
40;16384;16384;measure;all_to_all;7.68874;2.25889;5.42983;0.0434261;0.0548512;1.95676;0.122808;0.0615616;0.0599489;3.01575;0.114731;
40;16384;16384;measure;all_to_all;6.45985;2.25146;4.20838;0.0459189;0.0549031;1.38345;0.142919;0.0614922;0.0572618;2.37166;0.0907755;
40;16384;16384;measure;all_to_all;6.6459;2.20982;4.43608;0.0446812;0.0562339;1.94905;0.15002;0.0623155;0.0596186;2.0137;0.100459;
40;16384;16384;measure;all_to_all;6.74207;2.27279;4.46927;0.045291;0.0540254;1.90025;0.150749;0.0623319;0.0577353;2.07926;0.119621;
40;16384;16384;measure;all_to_all;6.47366;2.2397;4.23395;0.0466334;0.0530994;1.5099;0.142501;0.0627163;0.0599526;2.24311;0.116036;
40;16384;16384;measure;all_to_all;6.64002;2.23712;4.40289;0.0475352;0.054081;1.48548;0.130404;0.0620607;0.0586894;2.48835;0.0762882;
40;16384;16384;measure;all_to_all;6.5329;2.23316;4.29972;0.046709;0.0562645;1.50728;0.132185;0.0603461;0.0570359;2.33381;0.106089;
40;16384;16384;measure;all_to_all;6.72087;2.24019;4.48067;0.0444057;0.0531935;1.48649;0.141778;0.0616226;0.0589935;2.51565;0.118531;
40;16384;16384;measure;all_to_all;7.03779;2.29974;4.73804;0.0472683;0.0548132;1.9319;0.140504;0.0598358;0.0868625;2.32305;0.0938077;
40;16384;16384;measure;all_to_all;6.64947;2.2695;4.37996;0.0446478;0.0534329;1.43366;0.106479;0.0596769;0.0810404;2.48599;0.115039;
40;16384;16384;measure;all_to_all;6.58311;2.264;4.31909;0.0466505;0.0538217;1.43852;0.14221;0.0686123;0.0903606;2.37868;0.100236;
40;16384;16384;measure;all_to_all;6.76786;1.47719;5.29066;0.0526722;0.0563025;2.03021;0.134729;0.0670035;0.059111;2.77267;0.117961;
40;16384;16384;measure;all_to_all;6.37655;1.46931;4.90723;0.0511513;0.0593895;1.97924;0.130733;0.0692085;0.0624613;2.43832;0.116729;
40;16384;16384;measure;all_to_all;5.59771;1.47921;4.11849;0.0512238;0.0581947;1.9495;0.134447;0.0667159;0.0600871;1.72769;0.0706317;
40;16384;16384;measure;all_to_all;5.58517;1.48038;4.10477;0.0523996;0.0561452;1.95692;0.14411;0.0698724;0.0654376;1.67779;0.0821019;
40;16384;16384;measure;all_to_all;5.8224;1.47663;4.34576;0.0529677;0.0596828;1.94615;0.132715;0.0892479;0.0629024;1.90337;0.0987233;
40;16384;16384;measure;all_to_all;5.94763;1.46607;4.48155;0.0520416;0.0586378;1.95115;0.114948;0.072832;0.0612392;2.07893;0.0917728;
40;16384;16384;measure;all_to_all;6.81924;1.46599;5.35323;0.0470537;0.0602461;1.96459;0.116202;0.0692632;0.0651231;2.90582;0.124934;
40;16384;16384;measure;all_to_all;5.57136;1.46869;4.10265;0.0500967;0.0614384;1.97512;0.10891;0.0735428;0.0641093;1.67952;0.0899128;
40;16384;16384;measure;all_to_all;5.50929;1.47501;4.03427;0.0527421;0.0591337;1.92407;0.12317;0.0598146;0.0849893;1.62866;0.101692;
40;16384;16384;measure;all_to_all;6.6498;1.47784;5.17195;0.0538033;0.0573891;2.02041;0.146244;0.0577436;0.0610957;2.69543;0.0798363;
40;16384;16384;measure;all_to_all;5.57983;1.48823;4.09159;0.0499129;0.061236;1.93592;0.130787;0.0669746;0.0613896;1.69323;0.0921365;
40;16384;16384;measure;all_to_all;5.52476;1.47746;4.04729;0.0523824;0.0594524;1.93527;0.139165;0.0650124;0.0871321;1.6301;0.0787804;
40;16384;16384;measure;all_to_all;5.86474;1.47486;4.38983;0.0517921;0.0604323;1.96454;0.108892;0.06873;0.0664852;1.9364;0.13256;
40;16384;16384;measure;all_to_all;6.75049;1.4637;5.28677;0.0520659;0.0598936;1.97435;0.12968;0.0750116;0.0865775;2.78784;0.121358;
40;16384;16384;measure;all_to_all;5.66572;1.48444;4.18127;0.049609;0.0586751;1.95209;0.139103;0.0616723;0.0624516;1.7706;0.0870581;
40;16384;16384;measure;all_to_all;5.84245;1.4641;4.37834;0.0510832;0.0621243;1.95345;0.129712;0.070648;0.0616728;1.94584;0.103823;
40;16384;16384;measure;all_to_all;5.70136;1.47083;4.23052;0.0506202;0.0578383;1.97714;0.135681;0.0890332;0.105205;1.70407;0.110935;
40;16384;16384;measure;all_to_all;6.09939;1.46359;4.63578;0.0525548;0.059345;2.01049;0.147538;0.110424;0.0664281;2.07428;0.114723;
40;16384;16384;measure;all_to_all;5.80465;1.47111;4.33353;0.052465;0.0608399;1.94112;0.13495;0.0718143;0.060605;1.89274;0.118991;
40;16384;16384;measure;all_to_all;5.56669;1.49077;4.07591;0.0505881;0.0568988;1.94506;0.135503;0.0891005;0.0649803;1.63187;0.101919;
40;16384;16384;measure;all_to_all;6.75969;1.46828;5.2914;0.0499825;0.056625;2.0172;0.138726;0.0827195;0.0651854;2.80261;0.0783547;
40;16384;16384;measure;all_to_all;6.97431;1.47877;5.49553;0.0487355;0.0565796;1.98679;0.141622;0.0713353;0.0627995;3.04139;0.0862805;
40;16384;16384;measure;all_to_all;6.74882;1.46935;5.27946;0.0531205;0.0590404;1.98803;0.134107;0.0693745;0.0609219;2.81159;0.103272;
40;16384;16384;measure;all_to_all;6.74587;1.47374;5.27212;0.0521854;0.0564748;2.00413;0.130258;0.0960751;0.0647613;2.76196;0.106274;
40;16384;16384;measure;all_to_all;6.08287;1.47351;4.60934;0.0526109;0.0574341;1.93814;0.114407;0.0736295;0.0630642;2.18384;0.126218;
40;16384;16384;measure;all_to_all;5.92856;1.47256;4.45598;0.0509012;0.0560784;1.9685;0.130191;0.0691534;0.0875486;1.99331;0.100302;
40;16384;16384;measure;all_to_all;6.25344;1.4728;4.78064;0.0509127;0.0580298;1.96182;0.139053;0.0735203;0.0618657;2.31604;0.11939;
40;16384;16384;measure;all_to_all;5.90733;1.47538;4.43194;0.0526094;0.0600147;1.95575;0.107832;0.0666422;0.0628796;2.01016;0.116054;
40;16384;16384;measure;all_to_all;6.045;1.45999;4.585;0.0534489;0.0597331;1.96416;0.132145;0.0982032;0.0652273;2.10145;0.110629;
40;16384;16384;measure;all_to_all;5.66325;1.4886;4.17464;0.051366;0.0590922;1.93544;0.144138;0.0626695;0.0885606;1.7334;0.0999679;
40;16384;16384;measure;all_to_all;5.55728;1.46974;4.08753;0.0524115;0.061721;1.95396;0.135543;0.106465;0.0645743;1.6169;0.0959538;
40;16384;16384;measure;all_to_all;6.31773;1.47542;4.84229;0.0493172;0.0558887;2.02093;0.140955;0.0667672;0.0975162;2.33091;0.0800074;
40;16384;16384;measure;all_to_all;3.77257;1.18647;2.58608;0.0301939;0.0296379;1.1152;0.125835;0.037628;0.0289279;1.12887;0.0897921;
40;16384;16384;measure;all_to_all;3.91655;1.17471;2.74183;0.0302613;0.0293112;1.12925;0.122643;0.0368367;0.0291399;1.24796;0.116429;
40;16384;16384;measure;all_to_all;4.10287;1.18457;2.91829;0.0248651;0.0264386;1.13503;0.12062;0.0779648;0.0666043;1.35127;0.11549;
40;16384;16384;measure;all_to_all;3.96574;1.18392;2.78181;0.0263128;0.029751;1.12772;0.129938;0.0613528;0.0296118;1.28594;0.0911924;
40;16384;16384;measure;all_to_all;3.90588;1.18315;2.72273;0.0290375;0.0308587;1.12654;0.128953;0.0351299;0.0577696;1.21567;0.0987772;
40;16384;16384;measure;all_to_all;3.86241;1.1728;2.6896;0.0280979;0.0283629;1.12533;0.120256;0.0356528;0.0291784;1.21549;0.107231;
40;16384;16384;measure;all_to_all;3.83225;1.18758;2.64466;0.0278544;0.0304558;1.11415;0.140206;0.0317343;0.0301114;1.17055;0.0995948;
40;16384;16384;measure;all_to_all;3.91072;1.19362;2.71709;0.0298276;0.0288178;1.11551;0.106565;0.0592358;0.0547037;1.20955;0.112883;
40;16384;16384;measure;all_to_all;3.96427;1.18912;2.77514;0.027098;0.0266355;1.12927;0.134509;0.0367083;0.0315989;1.27772;0.111601;
40;16384;16384;measure;all_to_all;3.90572;1.1932;2.71251;0.0254565;0.0267109;1.12128;0.132878;0.0631926;0.0618921;1.16114;0.119957;
40;16384;16384;measure;all_to_all;3.90794;1.18673;2.7212;0.026846;0.0283614;1.12948;0.105474;0.0330287;0.0563046;1.21941;0.122296;
40;16384;16384;measure;all_to_all;3.81525;1.18323;2.63201;0.0295689;0.0296699;1.10092;0.101238;0.0365642;0.0293893;1.18691;0.117748;
40;16384;16384;measure;all_to_all;3.90291;1.18948;2.71342;0.0256994;0.0271093;1.14483;0.142373;0.0362092;0.0312561;1.21266;0.0932876;
40;16384;16384;measure;all_to_all;3.83176;1.18571;2.64604;0.0294653;0.0298945;1.1321;0.127387;0.0383947;0.0294143;1.14547;0.113913;
40;16384;16384;measure;all_to_all;3.7861;1.17909;2.60701;0.0296167;0.0289922;1.14268;0.12191;0.0395597;0.0274864;1.13905;0.0777101;
40;16384;16384;measure;all_to_all;3.93123;1.19077;2.74044;0.0281799;0.0286069;1.11648;0.127969;0.0378915;0.0298661;1.25467;0.116778;
40;16384;16384;measure;all_to_all;3.912;1.17838;2.73361;0.025455;0.0299571;1.12184;0.118273;0.0319871;0.0620404;1.23089;0.11317;
40;16384;16384;measure;all_to_all;3.87578;1.18863;2.68713;0.0273066;0.0275792;1.10857;0.136822;0.0315562;0.0320846;1.23189;0.0913254;
40;16384;16384;measure;all_to_all;3.98067;1.18728;2.79338;0.0231806;0.0271412;1.15292;0.125031;0.0355491;0.0311829;1.29414;0.10423;
40;16384;16384;measure;all_to_all;3.89314;1.18716;2.70597;0.0265138;0.0310444;1.15779;0.110677;0.032058;0.0540669;1.18741;0.106404;
40;16384;16384;measure;all_to_all;4.0152;1.17972;2.83547;0.0286394;0.0310567;1.1305;0.128746;0.030256;0.0293924;1.33732;0.119554;
40;16384;16384;measure;all_to_all;4.01702;1.18743;2.82958;0.0248433;0.026681;1.12629;0.149454;0.0684883;0.0316479;1.27096;0.131217;
40;16384;16384;measure;all_to_all;3.89876;1.18969;2.70907;0.0295986;0.0290672;1.10929;0.126741;0.0376195;0.0280154;1.2294;0.119334;
40;16384;16384;measure;all_to_all;3.89644;1.18387;2.71256;0.0286045;0.0292333;1.11607;0.108159;0.0358218;0.0314696;1.24754;0.115657;
40;16384;16384;measure;all_to_all;3.98376;1.1804;2.80335;0.0249695;0.0284983;1.13285;0.120457;0.0596956;0.0652642;1.25466;0.11695;
40;16384;16384;measure;all_to_all;3.97661;1.18891;2.78768;0.025893;0.026736;1.1131;0.147492;0.0330515;0.0325631;1.2962;0.112645;
40;16384;16384;measure;all_to_all;4.02141;1.17737;2.84402;0.024897;0.0279327;1.13281;0.139502;0.0363053;0.0303491;1.34184;0.110388;
40;16384;16384;measure;all_to_all;3.87628;1.17045;2.70582;0.0288168;0.0289456;1.11553;0.127443;0.0366861;0.0304857;1.20908;0.128839;
40;16384;16384;measure;all_to_all;3.95745;1.1834;2.77404;0.0238564;0.0255341;1.11765;0.140416;0.0355473;0.0300723;1.30166;0.0993097;
40;16384;16384;measure;all_to_all;3.86146;1.17346;2.68799;0.0301019;0.0295784;1.12029;0.0974664;0.0343129;0.029349;1.23151;0.115378;
40;16384;16384;measure;all_to_all;3.84969;1.16335;2.68633;0.0298987;0.0291838;1.12577;0.120427;0.037603;0.029721;1.20716;0.106566;
40;16384;16384;measure;all_to_all;3.89273;1.18726;2.70546;0.0253907;0.0273606;1.11406;0.150099;0.0368912;0.0311752;1.19149;0.128997;
40;16384;16384;measure;all_to_all;3.91053;1.17557;2.73496;0.0266486;0.0292324;1.13377;0.117375;0.0652905;0.028981;1.21918;0.114487;
40;16384;16384;measure;all_to_all;3.76851;1.17811;2.59038;0.0285266;0.0288378;1.11938;0.11429;0.0373913;0.0347002;1.11205;0.115203;
40;16384;16384;measure;all_to_all;3.87785;1.19685;2.68099;0.0252913;0.0270006;1.09736;0.129209;0.0356158;0.0311047;1.23226;0.103145;
40;16384;16384;measure;all_to_all;3.88676;1.18176;2.70499;0.0297052;0.0286557;1.1205;0.121184;0.036404;0.0290165;1.22439;0.115132;
40;16384;16384;measure;all_to_all;3.82912;1.1757;2.65341;0.0229175;0.0272642;1.105;0.128818;0.062952;0.0579947;1.1389;0.109567;
40;16384;16384;measure;all_to_all;3.86222;1.18793;2.67429;0.027855;0.0300125;1.08314;0.134832;0.039272;0.0697375;1.18446;0.104981;
40;16384;16384;measure;all_to_all;3.90667;1.17792;2.72875;0.0290669;0.0281163;1.11493;0.11665;0.039213;0.0292052;1.24997;0.121595;
40;16384;16384;measure;all_to_all;3.88054;1.18808;2.69245;0.0272078;0.03305;1.11682;0.122623;0.060676;0.0299093;1.19494;0.107224;
40;16384;16384;measure;all_to_all;3.88113;1.18239;2.69873;0.028097;0.0295216;1.11316;0.121689;0.0367355;0.0292169;1.22754;0.112765;
40;16384;16384;measure;all_to_all;3.8627;1.18384;2.67886;0.0293634;0.0300328;1.12052;0.125514;0.0362884;0.0725731;1.14817;0.116399;
40;16384;16384;measure;all_to_all;3.87179;1.18466;2.68713;0.0264781;0.0312824;1.09821;0.12139;0.0361693;0.0303323;1.23529;0.107971;
40;16384;16384;measure;all_to_all;3.86585;1.18329;2.68255;0.0294914;0.0301989;1.10463;0.12871;0.0387341;0.0628066;1.1565;0.131474;
40;16384;16384;measure;all_to_all;3.90241;1.18849;2.7139;0.0262853;0.0267937;1.09704;0.154877;0.0359047;0.0314916;1.23652;0.104988;
40;16384;16384;measure;all_to_all;3.89607;1.18692;2.70914;0.0278271;0.0282951;1.08862;0.125816;0.0330187;0.0282514;1.26046;0.116847;
40;16384;16384;measure;all_to_all;3.93589;1.18441;2.75147;0.026225;0.0294394;1.08508;0.0988423;0.0371847;0.0314632;1.34112;0.10212;
40;16384;16384;measure;all_to_all;4.04902;1.1831;2.86591;0.0260327;0.0279714;1.14023;0.116936;0.0313953;0.0573315;1.34965;0.116357;
40;16384;16384;measure;all_to_all;3.83659;1.18929;2.64729;0.0290947;0.0299508;1.08669;0.11717;0.0312285;0.0303595;1.21072;0.112084;
40;16384;16384;measure;all_to_all;3.87295;1.19529;2.67765;0.0266431;0.0281561;1.08352;0.119628;0.0308657;0.029049;1.26114;0.0986413;
40;16384;16384;measure;all_to_all;2.90116;1.04928;1.85187;0.0138462;0.0132382;0.630075;0.095806;0.0186814;0.0293656;0.975734;0.0751246;
40;16384;16384;measure;all_to_all;2.94059;1.05748;1.8831;0.0214541;0.0218613;0.591092;0.0845491;0.017144;0.0275844;1.05769;0.0617269;
40;16384;16384;measure;all_to_all;2.93856;1.04101;1.89754;0.014697;0.0125344;0.625005;0.0999723;0.0180056;0.0345825;1.01853;0.074205;
40;16384;16384;measure;all_to_all;2.98528;1.0269;1.95838;0.0151001;0.0112895;0.639448;0.097768;0.0151072;0.0297033;1.07241;0.0775492;
40;16384;16384;measure;all_to_all;2.871;1.04215;1.82884;0.0150761;0.0271204;0.587843;0.095943;0.0147492;0.0268627;0.994743;0.0665031;
40;16384;16384;measure;all_to_all;2.96425;1.04291;1.92133;0.016571;0.0331152;0.598353;0.0950324;0.0185711;0.0355309;1.05506;0.0690937;
40;16384;16384;measure;all_to_all;2.93632;1.05361;1.88269;0.015001;0.0332109;0.591356;0.0955682;0.0174655;0.0311053;1.02647;0.0725174;
40;16384;16384;measure;all_to_all;2.91869;1.03148;1.8872;0.0151141;0.0126129;0.624137;0.0892234;0.0158792;0.0304911;1.03215;0.0675987;
40;16384;16384;measure;all_to_all;2.93488;1.02864;1.90624;0.0135093;0.012657;0.637414;0.0869395;0.0184276;0.0250393;1.0424;0.0698531;
40;16384;16384;measure;all_to_all;2.93939;1.03583;1.90355;0.0144171;0.0314649;0.61366;0.0982286;0.0166996;0.0352624;1.02246;0.0713603;
40;16384;16384;measure;all_to_all;3.07625;1.03362;2.04262;0.0144838;0.0122972;0.65019;0.0942876;0.0173623;0.03029;1.15304;0.0706686;
40;16384;16384;measure;all_to_all;2.91932;1.02855;1.89076;0.0134682;0.0122229;0.631271;0.0877618;0.0183199;0.0259186;1.03364;0.0681571;
40;16384;16384;measure;all_to_all;2.92406;1.0511;1.87295;0.0149364;0.0305087;0.5889;0.10012;0.0179169;0.0307149;1.01815;0.0717051;
40;16384;16384;measure;all_to_all;2.96377;1.0447;1.91906;0.0170371;0.0254168;0.605152;0.0914616;0.0159441;0.0272425;1.06842;0.0683893;
40;16384;16384;measure;all_to_all;2.98243;1.04482;1.9376;0.0133099;0.012374;0.621888;0.0979076;0.0182062;0.0334694;1.05906;0.0813858;
40;16384;16384;measure;all_to_all;2.85397;1.03099;1.82297;0.0146208;0.0260776;0.602086;0.0880779;0.0115238;0.0303238;0.98244;0.0678183;
40;16384;16384;measure;all_to_all;2.84708;1.04255;1.80452;0.0159302;0.0258283;0.574258;0.0993064;0.0540975;0.0153081;0.955153;0.0646348;
40;16384;16384;measure;all_to_all;2.93384;1.03767;1.89615;0.0147404;0.0130747;0.624817;0.0620716;0.0257157;0.0158254;1.06482;0.0750832;
40;16384;16384;measure;all_to_all;2.92033;1.03377;1.88655;0.0168308;0.0339639;0.61489;0.0919301;0.0180092;0.0329772;1.00636;0.0715921;
40;16384;16384;measure;all_to_all;2.89219;1.03251;1.85967;0.0155057;0.0114553;0.627848;0.0518164;0.0255239;0.0145033;1.0465;0.0665207;
40;16384;16384;measure;all_to_all;2.93199;1.03294;1.89904;0.0127344;0.011779;0.635703;0.0914628;0.0164716;0.0239303;1.03695;0.0700113;
40;16384;16384;measure;all_to_all;2.92117;1.04619;1.87497;0.0135884;0.0299521;0.601029;0.101761;0.0182612;0.0357395;1.00127;0.073372;
40;16384;16384;measure;all_to_all;2.88629;1.02956;1.85672;0.0157084;0.0121999;0.582679;0.0929994;0.0219263;0.0300707;1.03215;0.0689841;
40;16384;16384;measure;all_to_all;2.91898;1.04203;1.87695;0.0140408;0.0129767;0.625507;0.101057;0.0161272;0.0423882;0.993244;0.0716067;
40;16384;16384;measure;all_to_all;2.88391;1.04439;1.83951;0.0167351;0.028986;0.53966;0.100795;0.018616;0.0352588;1.02849;0.0709724;
40;16384;16384;measure;all_to_all;2.85965;1.04129;1.81836;0.0142191;0.0290486;0.570832;0.0604112;0.0299111;0.0150394;1.03313;0.0657682;
40;16384;16384;measure;all_to_all;2.85863;1.04051;1.81811;0.0135814;0.0356618;0.521029;0.0952334;0.0557897;0.0535848;0.97137;0.0718624;
40;16384;16384;measure;all_to_all;2.95083;1.04849;1.90232;0.0208014;0.0211426;0.602765;0.0982162;0.0178733;0.024988;1.05338;0.0631603;
40;16384;16384;measure;all_to_all;2.83728;1.05577;1.7815;0.0154326;0.0314592;0.516517;0.108116;0.0172718;0.0377989;0.984882;0.0700211;
40;16384;16384;measure;all_to_all;2.94166;1.03107;1.91058;0.0147672;0.0121226;0.632874;0.0629024;0.026709;0.0201718;1.07497;0.0660647;
40;16384;16384;measure;all_to_all;2.8423;1.02756;1.81473;0.0150303;0.0126028;0.562325;0.0968717;0.0155495;0.0340652;1.03715;0.0411373;
40;16384;16384;measure;all_to_all;2.8911;1.04195;1.84913;0.0143928;0.0470716;0.583384;0.0930211;0.0514854;0.0498386;0.943387;0.066552;
40;16384;16384;measure;all_to_all;2.96551;1.04499;1.92051;0.0146825;0.0297768;0.578169;0.096698;0.0176112;0.0353381;1.06653;0.0817023;
40;16384;16384;measure;all_to_all;2.91467;1.02198;1.89268;0.0158931;0.011893;0.634226;0.0864921;0.0155985;0.0301995;1.03447;0.0639058;
40;16384;16384;measure;all_to_all;2.90931;1.0415;1.8678;0.0188837;0.0285145;0.584035;0.105037;0.0169353;0.0326841;1.01173;0.0699739;
40;16384;16384;measure;all_to_all;2.92305;1.0266;1.89644;0.0151016;0.0277349;0.620301;0.0946306;0.0545473;0.0439958;0.973322;0.0668095;
40;16384;16384;measure;all_to_all;2.926;1.04998;1.87602;0.014363;0.0315351;0.58761;0.0966869;0.0195523;0.0311042;1.02629;0.0688773;
40;16384;16384;measure;all_to_all;2.93126;1.03071;1.90054;0.0141125;0.0250809;0.618946;0.093502;0.0167482;0.0270491;1.0366;0.0685001;
40;16384;16384;measure;all_to_all;2.89718;1.04723;1.84994;0.016325;0.0119501;0.591675;0.0882932;0.0174282;0.0304392;1.02792;0.0659069;
40;16384;16384;measure;all_to_all;2.95051;1.042;1.9085;0.0453498;0.0476658;0.552045;0.0917777;0.0165425;0.031268;1.05093;0.0729184;
40;16384;16384;measure;all_to_all;2.9571;1.03441;1.92268;0.0148945;0.0267098;0.614303;0.0915331;0.0292454;0.0141167;1.06095;0.0709284;
40;16384;16384;measure;all_to_all;2.8841;1.01212;1.87197;0.0161194;0.0117095;0.640315;0.0617747;0.0290969;0.014718;1.02797;0.0702634;
40;16384;16384;measure;all_to_all;2.95478;1.04083;1.91394;0.0144877;0.0505567;0.571139;0.0994727;0.0175313;0.0433854;1.04911;0.0682611;
40;16384;16384;measure;all_to_all;2.90538;1.0422;1.86316;0.0125878;0.0130372;0.600172;0.102664;0.0165148;0.0413333;1.00101;0.0758424;
40;16384;16384;measure;all_to_all;2.87945;1.03973;1.83971;0.0127562;0.0307486;0.61336;0.0890294;0.0170132;0.0288562;0.977539;0.0704111;
40;16384;16384;measure;all_to_all;2.93494;1.03529;1.89964;0.0154202;0.011937;0.609763;0.0883481;0.0273665;0.0188676;1.06097;0.0669702;
40;16384;16384;measure;all_to_all;2.95687;1.02824;1.92862;0.0158822;0.0116709;0.641255;0.0941462;0.0187313;0.0292885;1.05128;0.0663654;
40;16384;16384;measure;all_to_all;2.9778;1.03026;1.94753;0.0165183;0.0302912;0.600527;0.0992604;0.0159208;0.0274605;1.0835;0.0740503;
40;16384;16384;measure;all_to_all;2.91169;1.04875;1.86293;0.0157792;0.025626;0.590605;0.0913834;0.018559;0.0312059;1.024;0.0657741;
40;16384;16384;measure;all_to_all;2.90515;1.03667;1.86846;0.016166;0.02742;0.585787;0.0976042;0.0173045;0.0296866;1.02786;0.0666331;