n_threads;n_x;n_y;plan;comm_flag;total;initialization;fft_2d_total;first_fftw;first_split;first_comm;first_trans;second_fftw;second_split;second_comm;second_trans;
40;16384;16384;measure;scatter;5.39351;4.49267;0.900829;0.200409;0.112072;0.000126458;0.168273;0.111816;0.110724;8.59709e-05;0.197323;
40;16384;16384;measure;scatter;5.37624;4.46473;0.911498;0.200586;0.112078;0.00011228;0.168401;0.114441;0.110734;8.32409e-05;0.205063;
40;16384;16384;measure;scatter;5.4265;4.47512;0.951372;0.195103;0.164844;0.000121129;0.167616;0.11256;0.112817;9.2651e-05;0.19822;
40;16384;16384;measure;scatter;5.4063;4.49447;0.911816;0.193446;0.119802;0.000124179;0.171169;0.111704;0.110682;8.72649e-05;0.204802;
40;16384;16384;measure;scatter;5.41498;4.51661;0.898355;0.1947;0.109341;7.5951e-05;0.168285;0.112772;0.114258;8.87578e-05;0.198835;
40;16384;16384;measure;scatter;5.42211;4.48696;0.935141;0.19669;0.149316;0.000111692;0.166708;0.11362;0.110709;8.61951e-05;0.1979;
40;16384;16384;measure;scatter;5.39931;4.47734;0.921956;0.197307;0.133444;7.61058e-05;0.168187;0.112155;0.110725;9.24279e-05;0.199968;
40;16384;16384;measure;scatter;5.396;4.48607;0.909919;0.200848;0.122822;9.38461e-05;0.168654;0.112154;0.110842;0.000105513;0.1944;
40;16384;16384;measure;scatter;5.40905;4.48732;0.92172;0.193709;0.133794;0.000104357;0.16852;0.11182;0.113976;9.3719e-05;0.199703;
40;16384;16384;measure;scatter;5.39548;4.48678;0.908688;0.196839;0.119921;8.33981e-05;0.168769;0.113115;0.110768;9.53942e-05;0.199098;
40;16384;16384;measure;scatter;5.44881;4.53959;0.909209;0.196929;0.110403;7.5714e-05;0.171176;0.112329;0.114155;8.9003e-05;0.204053;
40;16384;16384;measure;scatter;5.37902;4.46722;0.911784;0.201215;0.111372;0.000123132;0.171276;0.111913;0.113999;8.4789e-05;0.201802;
40;16384;16384;measure;scatter;5.41163;4.5098;0.901811;0.202292;0.112265;6.5248e-05;0.169033;0.114487;0.110883;9.47951e-05;0.192691;
40;16384;16384;measure;scatter;5.47636;4.48448;0.991874;0.202072;0.182683;6.5668e-05;0.170422;0.131049;0.110576;0.000102403;0.194904;
40;16384;16384;measure;scatter;5.41776;4.51803;0.899724;0.194936;0.108103;0.000124382;0.168062;0.112773;0.114397;8.647e-05;0.201243;
40;16384;16384;measure;scatter;5.44026;4.53567;0.904572;0.194392;0.114536;0.000113293;0.168585;0.112105;0.110617;0.000130785;0.204093;
40;16384;16384;measure;scatter;5.51424;4.53195;0.982276;0.193688;0.176218;0.000118421;0.17077;0.131423;0.110911;0.00107374;0.198073;
40;16384;16384;measure;scatter;5.44576;4.48188;0.963861;0.198598;0.170596;0.000116916;0.167753;0.111742;0.114151;7.7317e-05;0.200827;
40;16384;16384;measure;scatter;5.39925;4.47298;0.926259;0.19817;0.112763;0.000111024;0.16899;0.130868;0.11044;0.000113071;0.204804;
40;16384;16384;measure;scatter;5.3748;4.47083;0.903951;0.196136;0.1115;9.20061e-05;0.168841;0.111328;0.110693;9.13178e-05;0.205269;
40;16384;16384;measure;scatter;5.39748;4.48649;0.910964;0.193307;0.119998;0.000113305;0.169003;0.11241;0.111084;8.0246e-05;0.20497;
40;16384;16384;measure;scatter;5.39568;4.48415;0.911522;0.195099;0.11661;0.000115475;0.168373;0.111915;0.114252;8.26379e-05;0.205074;
40;16384;16384;measure;scatter;5.48291;4.5119;0.971001;0.203205;0.156668;7.82891e-05;0.167715;0.130229;0.113871;0.000101614;0.199133;
40;16384;16384;measure;scatter;5.38893;4.4873;0.901614;0.198363;0.112094;9.1274e-05;0.168345;0.111864;0.110373;8.6575e-05;0.200398;
40;16384;16384;measure;scatter;5.46261;4.50928;0.953319;0.20121;0.138586;7.66229e-05;0.170906;0.131563;0.11438;0.00101212;0.195586;
40;16384;16384;measure;scatter;5.43202;4.50093;0.931077;0.193612;0.124656;0.0001045;0.168483;0.130735;0.113744;0.000103312;0.19964;
40;16384;16384;measure;scatter;5.39567;4.48551;0.910148;0.202241;0.111604;8.29489e-05;0.17095;0.11104;0.114316;8.8685e-05;0.199825;
40;16384;16384;measure;scatter;5.38683;4.4594;0.927419;0.198159;0.109822;8.76361e-05;0.168482;0.134144;0.114167;9.71078e-05;0.20246;
40;16384;16384;measure;scatter;5.37655;4.47757;0.89896;0.193259;0.109265;8.8624e-05;0.168379;0.112562;0.111336;8.57781e-05;0.203985;
40;16384;16384;measure;scatter;5.41333;4.49093;0.922393;0.198003;0.136014;6.51481e-05;0.168538;0.113122;0.11079;8.17508e-05;0.195779;
40;16384;16384;measure;scatter;5.42598;4.50524;0.920717;0.197718;0.133435;0.000118857;0.168227;0.111539;0.11106;9.1197e-05;0.198528;
40;16384;16384;measure;scatter;5.41031;4.49897;0.911325;0.2038;0.108208;8.01599e-05;0.171321;0.112655;0.114375;8.5782e-05;0.200799;
40;16384;16384;measure;scatter;5.38724;4.47972;0.907509;0.198506;0.110578;8.80952e-05;0.170971;0.110986;0.110714;9.53039e-05;0.20557;
40;16384;16384;measure;scatter;5.38697;4.47754;0.909418;0.197548;0.111533;8.24919e-05;0.168207;0.112201;0.114337;8.02078e-05;0.205429;
40;16384;16384;measure;scatter;5.41103;4.48584;0.925175;0.194451;0.111047;6.1085e-05;0.170947;0.132421;0.113789;0.00100627;0.201452;
40;16384;16384;measure;scatter;5.45922;4.50233;0.956871;0.201058;0.133134;7.11721e-05;0.1708;0.13394;0.113701;9.86399e-05;0.204069;
40;16384;16384;measure;scatter;5.38894;4.47762;0.911302;0.194751;0.110962;6.21472e-05;0.167188;0.129372;0.110627;9.86331e-05;0.198241;
40;16384;16384;measure;scatter;5.47835;4.51516;0.963177;0.195887;0.159449;8.5789e-05;0.16826;0.132004;0.110444;0.00103382;0.196013;
40;16384;16384;measure;scatter;5.46996;4.51406;0.955889;0.202395;0.148641;6.98841e-05;0.16876;0.132811;0.11051;0.000106842;0.192595;
40;16384;16384;measure;scatter;5.41804;4.49563;0.922398;0.202119;0.131335;7.99452e-05;0.16811;0.110749;0.11065;8.82728e-05;0.199267;
40;16384;16384;measure;scatter;5.38179;4.47113;0.910649;0.204365;0.108126;0.000115407;0.168783;0.113758;0.113006;7.46071e-05;0.20242;
40;16384;16384;measure;scatter;5.41708;4.47864;0.938432;0.200274;0.127425;0.000114782;0.168671;0.126617;0.112039;0.000104399;0.203186;
40;16384;16384;measure;scatter;5.4543;4.52587;0.928415;0.196704;0.112105;0.000105653;0.168179;0.131708;0.117563;0.00102189;0.201029;
40;16384;16384;measure;scatter;5.42262;4.49026;0.932353;0.198441;0.138442;6.08391e-05;0.166371;0.111659;0.117434;8.42111e-05;0.199861;
40;16384;16384;measure;scatter;5.42545;4.50439;0.921047;0.195127;0.127358;9.18428e-05;0.171284;0.112516;0.117224;7.3235e-05;0.197374;
40;16384;16384;measure;scatter;5.38398;4.48146;0.902505;0.194299;0.112135;8.81539e-05;0.168026;0.113265;0.110692;8.2925e-05;0.203916;
40;16384;16384;measure;scatter;5.39022;4.48354;0.906663;0.202933;0.114934;0.000111974;0.168307;0.112085;0.111036;7.55081e-05;0.19718;
40;16384;16384;measure;scatter;5.3901;4.48474;0.905352;0.201773;0.111759;8.26269e-05;0.171148;0.111889;0.110878;9.11991e-05;0.197731;
40;16384;16384;measure;scatter;5.43625;4.48089;0.955349;0.194777;0.14862;8.91269e-05;0.168365;0.128848;0.117671;0.000108711;0.196871;
40;16384;16384;measure;scatter;5.40877;4.49031;0.91845;0.19858;0.132194;8.288e-05;0.168206;0.111669;0.11059;9.29369e-05;0.197036;
40;16384;16384;measure;scatter;5.16333;2.70179;2.46152;0.120913;0.0524672;0.973374;0.108911;0.057139;0.0568131;0.981194;0.110711;
40;16384;16384;measure;scatter;5.12141;2.71097;2.41043;0.125832;0.0518069;0.92099;0.105586;0.0732832;0.0565754;0.970916;0.105436;
40;16384;16384;measure;scatter;5.20451;2.76286;2.44164;0.101269;0.0538393;0.94428;0.104041;0.0712331;0.0584546;0.990804;0.117716;
40;16384;16384;measure;scatter;4.92975;2.7131;2.21664;0.0996325;0.0536921;0.726139;0.10606;0.0567395;0.0573812;1.0049;0.112101;
40;16384;16384;measure;scatter;5.10934;2.75068;2.35864;0.103635;0.0541874;0.952642;0.108681;0.0559274;0.0583475;0.911876;0.113343;
40;16384;16384;measure;scatter;4.98094;2.75013;2.2308;0.106363;0.0518969;0.748741;0.104345;0.065514;0.0583506;0.98112;0.114467;
40;16384;16384;measure;scatter;4.82919;2.71942;2.10976;0.107437;0.0540726;0.683527;0.0742305;0.0558799;0.0563219;0.961166;0.117128;
40;16384;16384;measure;scatter;5.14684;2.73321;2.41362;0.101029;0.056063;0.954231;0.113996;0.0738037;0.0560275;0.946026;0.112449;
40;16384;16384;measure;scatter;5.02674;2.77018;2.25655;0.0986311;0.0536753;0.747573;0.106892;0.0573801;0.0584418;1.01712;0.116833;
40;16384;16384;measure;scatter;5.17889;2.74948;2.42941;0.0995776;0.0537679;0.952109;0.107045;0.0544003;0.0582412;0.994857;0.109408;
40;16384;16384;measure;scatter;5.142;2.75919;2.3828;0.103781;0.0519372;0.913162;0.106288;0.0744825;0.0566506;0.968395;0.108106;
40;16384;16384;measure;scatter;5.00789;2.76819;2.23968;0.098717;0.0541856;0.74601;0.106187;0.0570093;0.0558488;1.00573;0.115997;
40;16384;16384;measure;scatter;4.85225;2.72111;2.13111;0.102904;0.0521521;0.947426;0.106149;0.0778685;0.0581872;0.674925;0.111498;
40;16384;16384;measure;scatter;5.21319;2.75333;2.45984;0.102767;0.0546352;0.949037;0.107315;0.056702;0.0571023;1.01873;0.113561;
40;16384;16384;measure;scatter;5.14502;2.73046;2.41455;0.123429;0.0522113;0.92207;0.106951;0.0752676;0.0566654;0.969975;0.107985;
40;16384;16384;measure;scatter;4.78977;2.74838;2.04139;0.101091;0.0536976;0.686937;0.102711;0.0605995;0.0557304;0.863633;0.116986;
40;16384;16384;measure;scatter;5.11495;2.73048;2.38446;0.0975088;0.0542699;0.973421;0.106995;0.0592241;0.0552558;0.921367;0.116415;
40;16384;16384;measure;scatter;5.05757;2.72736;2.3302;0.0987122;0.0534144;0.824916;0.106654;0.0655309;0.0575158;1.00623;0.117228;
40;16384;16384;measure;scatter;4.96142;2.73661;2.2248;0.098715;0.0536551;0.749609;0.105222;0.0660276;0.0572549;0.981841;0.112472;
40;16384;16384;measure;scatter;5.19118;2.73482;2.45635;0.106825;0.0536947;0.974055;0.104683;0.0588059;0.0561228;0.992552;0.109612;
40;16384;16384;measure;scatter;5.13747;2.75162;2.38584;0.099547;0.0536623;0.969413;0.105493;0.0556578;0.0585642;0.92939;0.114114;
40;16384;16384;measure;scatter;4.93259;2.76156;2.17102;0.107762;0.0529994;0.682126;0.0983614;0.0561968;0.0549058;1.00857;0.1101;
40;16384;16384;measure;scatter;4.70307;2.7486;1.95446;0.108151;0.0536282;0.689291;0.105981;0.0575458;0.0584995;0.763535;0.117828;
40;16384;16384;measure;scatter;4.9046;2.73798;2.16661;0.104723;0.0540231;0.687162;0.10272;0.054725;0.057746;0.992221;0.113287;
40;16384;16384;measure;scatter;5.17005;2.74641;2.42363;0.0998062;0.0538364;1.00115;0.10629;0.0558979;0.0585573;0.936295;0.1118;
40;16384;16384;measure;scatter;4.96103;2.74775;2.21328;0.0992874;0.0525637;0.743624;0.105516;0.0564406;0.0583704;0.986673;0.1108;
40;16384;16384;measure;scatter;5.21062;2.74448;2.46613;0.106671;0.0520379;0.968369;0.102102;0.0597266;0.056758;1.00641;0.114055;
40;16384;16384;measure;scatter;4.95691;2.70248;2.25441;0.0993667;0.0548787;0.760038;0.105891;0.0564786;0.0554648;1.00797;0.114324;
40;16384;16384;measure;scatter;4.83388;2.74236;2.09151;0.100251;0.0536844;0.746245;0.106709;0.0665249;0.0536263;0.849896;0.114573;
40;16384;16384;measure;scatter;4.88092;2.76188;2.11904;0.101074;0.0552291;0.68994;0.0987205;0.066954;0.0564637;0.933967;0.116692;
40;16384;16384;measure;scatter;4.91578;2.73514;2.18064;0.100059;0.0518686;0.750698;0.106029;0.0661485;0.0565486;0.938548;0.110736;
40;16384;16384;measure;scatter;4.9947;2.75639;2.2383;0.101688;0.0537567;0.743625;0.105959;0.0566885;0.0583519;1.00176;0.116471;
40;16384;16384;measure;scatter;5.15338;2.77169;2.38167;0.103093;0.0782558;0.928303;0.106697;0.0551446;0.0585823;0.937432;0.114166;
40;16384;16384;measure;scatter;5.15369;2.77111;2.38257;0.0979378;0.0542859;0.959548;0.106836;0.0582432;0.0581455;0.932217;0.115359;
40;16384;16384;measure;scatter;5.18347;2.71949;2.46397;0.102265;0.0525686;1.01119;0.106287;0.0582618;0.0562433;0.959364;0.117792;
40;16384;16384;measure;scatter;5.0625;2.77329;2.28919;0.101403;0.0529845;0.970552;0.105291;0.0578675;0.0585534;0.828579;0.113964;
40;16384;16384;measure;scatter;5.23508;2.70672;2.52835;0.0980281;0.0537454;1.01569;0.099886;0.0603499;0.0575137;1.03214;0.110997;
40;16384;16384;measure;scatter;4.8667;2.74303;2.12365;0.0993314;0.055312;0.692288;0.0965696;0.0559709;0.0584221;0.949371;0.116383;
40;16384;16384;measure;scatter;4.97767;2.75558;2.22208;0.0974492;0.0552491;0.743414;0.106259;0.0558421;0.0567478;0.990356;0.116759;
40;16384;16384;measure;scatter;4.9396;2.76389;2.1757;0.0983301;0.0538673;0.742518;0.105509;0.0568352;0.0585008;0.945735;0.114403;
40;16384;16384;measure;scatter;5.15846;2.72724;2.43118;0.101461;0.053656;0.967562;0.108749;0.0564581;0.0583122;0.96828;0.116706;
40;16384;16384;measure;scatter;5.22865;2.74324;2.4854;0.0992063;0.0545562;0.961772;0.106114;0.055013;0.0570953;1.03884;0.112804;
40;16384;16384;measure;scatter;5.11304;2.71236;2.40066;0.0985994;0.0531882;0.973245;0.107844;0.0564784;0.0585794;0.943812;0.108918;
40;16384;16384;measure;scatter;5.06665;2.74187;2.32477;0.0993583;0.0538268;0.978075;0.108253;0.0567116;0.055301;0.862013;0.111226;
40;16384;16384;measure;scatter;4.99851;2.74815;2.25034;0.0985544;0.0539832;0.744834;0.106;0.0581334;0.0574818;1.01738;0.113976;
40;16384;16384;measure;scatter;4.96755;2.75503;2.21251;0.102964;0.0511116;0.731108;0.104708;0.064371;0.0560357;0.983563;0.118649;
40;16384;16384;measure;scatter;4.99321;2.78134;2.21186;0.101259;0.0527638;0.752789;0.104677;0.0587285;0.0575031;0.969482;0.114659;
40;16384;16384;measure;scatter;4.77095;2.74724;2.02369;0.0996268;0.0536339;0.683282;0.100429;0.0559899;0.0566451;0.863078;0.111007;
40;16384;16384;measure;scatter;5.18558;2.76854;2.41702;0.10006;0.0541405;0.982894;0.106548;0.0759761;0.0572305;0.922678;0.117492;
40;16384;16384;measure;scatter;4.87808;2.71082;2.16725;0.106386;0.0538559;0.710219;0.104754;0.0579981;0.057929;0.962155;0.113953;
40;16384;16384;measure;scatter;3.31168;1.85089;1.46078;0.0728468;0.054946;0.470349;0.10667;0.0530978;0.0293244;0.605801;0.0677432;
40;16384;16384;measure;scatter;3.25363;1.86084;1.39278;0.0760856;0.0473065;0.431372;0.0939684;0.0289207;0.0288918;0.613222;0.0730143;
40;16384;16384;measure;scatter;3.35646;1.86475;1.4917;0.0488486;0.0517434;0.566872;0.0913088;0.028952;0.029006;0.590958;0.0840153;
40;16384;16384;measure;scatter;3.34335;1.85191;1.49144;0.0769085;0.0288701;0.495512;0.105874;0.0303508;0.0295297;0.651506;0.0728861;
40;16384;16384;measure;scatter;3.36983;1.85308;1.51675;0.0436171;0.0289935;0.538727;0.0851895;0.0360478;0.0282897;0.673437;0.0824459;
40;16384;16384;measure;scatter;3.20751;1.85979;1.34771;0.0854235;0.0508362;0.466843;0.115456;0.0370908;0.0310421;0.494831;0.0661842;
40;16384;16384;measure;scatter;3.4219;1.86318;1.55871;0.0527534;0.0293968;0.538479;0.0960881;0.0290559;0.0282011;0.704815;0.0799201;
40;16384;16384;measure;scatter;3.38261;1.85432;1.52828;0.0870188;0.0631911;0.4532;0.111391;0.0299419;0.0300579;0.690676;0.0628053;
40;16384;16384;measure;scatter;3.35295;1.8577;1.49522;0.0665127;0.0549802;0.476174;0.104088;0.0345906;0.0284893;0.661715;0.0686739;
40;16384;16384;measure;scatter;3.33222;1.87164;1.46057;0.0669227;0.0596824;0.472302;0.10089;0.0293812;0.0291915;0.630335;0.0718628;
40;16384;16384;measure;scatter;3.27487;1.85579;1.41907;0.0688574;0.0488425;0.491778;0.104079;0.053571;0.0392521;0.540975;0.0717142;
40;16384;16384;measure;scatter;3.35351;1.86012;1.49339;0.0755927;0.0287622;0.499978;0.101024;0.0338737;0.0290892;0.656116;0.0689507;
40;16384;16384;measure;scatter;3.33009;1.8552;1.47488;0.0513099;0.0521385;0.507538;0.0906701;0.0304629;0.0292115;0.64043;0.0731176;
40;16384;16384;measure;scatter;3.28183;1.86336;1.41846;0.0722848;0.0494786;0.454113;0.0988933;0.0375734;0.0287674;0.611035;0.066312;
40;16384;16384;measure;scatter;3.26601;1.86714;1.39886;0.0648575;0.0263064;0.470217;0.0886952;0.0300329;0.0289117;0.603263;0.0865778;
40;16384;16384;measure;scatter;3.30226;1.87747;1.42478;0.0701411;0.0519348;0.480313;0.0961507;0.0377744;0.0297861;0.584075;0.074604;
40;16384;16384;measure;scatter;3.2286;1.86265;1.36594;0.0913233;0.0555401;0.410677;0.103923;0.0290787;0.029195;0.574972;0.0712272;
40;16384;16384;measure;scatter;3.23282;1.86456;1.36825;0.068037;0.0276336;0.439865;0.105556;0.0306366;0.0298188;0.589813;0.076892;
40;16384;16384;measure;scatter;3.35814;1.86327;1.49486;0.0544742;0.0279679;0.553602;0.0865486;0.0343639;0.0287998;0.622947;0.0861563;
40;16384;16384;measure;scatter;3.25306;1.85741;1.39564;0.0515048;0.0280948;0.517485;0.0897181;0.0280864;0.0294136;0.576268;0.0750734;
40;16384;16384;measure;scatter;3.23883;1.87406;1.36476;0.0696105;0.0279687;0.448657;0.0981104;0.0296667;0.029526;0.592552;0.0686674;
40;16384;16384;measure;scatter;3.40301;1.86872;1.53428;0.053816;0.0282375;0.539419;0.0880959;0.0379106;0.0324878;0.676368;0.0779438;
40;16384;16384;measure;scatter;3.35016;1.86417;1.48598;0.0834017;0.0286766;0.496127;0.103238;0.0321484;0.0285081;0.640087;0.0737919;
40;16384;16384;measure;scatter;3.23411;1.86344;1.37066;0.0663323;0.0548201;0.448699;0.0980633;0.0289075;0.0290985;0.579411;0.0653261;
40;16384;16384;measure;scatter;3.33261;1.8604;1.4722;0.0694368;0.0537087;0.471989;0.11271;0.0292711;0.0300595;0.634234;0.0707896;
40;16384;16384;measure;scatter;3.25028;1.86929;1.38097;0.0596084;0.0586007;0.521964;0.09737;0.040981;0.0477602;0.480652;0.0740387;
40;16384;16384;measure;scatter;3.16927;1.87147;1.29778;0.0710378;0.0279084;0.39705;0.0983134;0.0299757;0.0295643;0.583194;0.0607343;
40;16384;16384;measure;scatter;3.17837;1.86893;1.30943;0.072548;0.0278144;0.402511;0.095027;0.0310464;0.0288308;0.584169;0.0674805;
40;16384;16384;measure;scatter;3.06733;1.85276;1.21456;0.0585797;0.0521403;0.398717;0.0984039;0.0377034;0.0271258;0.467516;0.0743778;
40;16384;16384;measure;scatter;3.30565;1.85857;1.44707;0.0783464;0.0526679;0.477611;0.114526;0.0318115;0.0288157;0.593481;0.0698126;
40;16384;16384;measure;scatter;3.31994;1.85925;1.46067;0.0790661;0.0278;0.494745;0.107216;0.0291941;0.0290117;0.623319;0.0703231;
40;16384;16384;measure;scatter;3.23707;1.69591;1.54114;0.0296567;0.0268272;0.647856;0.101091;0.0396976;0.0298459;0.581274;0.0848942;
40;16384;16384;measure;scatter;3.35027;1.72706;1.62321;0.0322471;0.0589791;0.663639;0.0912549;0.0395899;0.0294852;0.617088;0.0909254;
40;16384;16384;measure;scatter;3.14938;1.85441;1.29496;0.069995;0.0536946;0.379666;0.0953319;0.0295298;0.0284764;0.56023;0.0780344;
40;16384;16384;measure;scatter;3.18245;1.8714;1.31104;0.0698523;0.0560462;0.367337;0.0973423;0.029999;0.0281331;0.584798;0.0775302;
40;16384;16384;measure;scatter;3.3341;1.87078;1.46331;0.065361;0.0287952;0.504377;0.111191;0.02905;0.0325096;0.616843;0.0751815;
40;16384;16384;measure;scatter;3.35566;1.87016;1.48547;0.0641026;0.0289254;0.514834;0.103514;0.0355725;0.029245;0.625981;0.0832994;
40;16384;16384;measure;scatter;3.15598;1.859;1.29697;0.0744891;0.0634935;0.367734;0.100177;0.0303166;0.0291876;0.557719;0.0738582;
40;16384;16384;measure;scatter;3.17813;1.87268;1.30545;0.0740172;0.0294054;0.385575;0.093365;0.030009;0.0288507;0.573433;0.0907919;
40;16384;16384;measure;scatter;3.31673;1.85512;1.4616;0.0684651;0.0278187;0.513677;0.0989319;0.0434074;0.0449875;0.597478;0.0668386;
40;16384;16384;measure;scatter;3.33265;1.8528;1.47983;0.0725663;0.0282389;0.511252;0.107169;0.0359794;0.0290625;0.622331;0.0732345;
40;16384;16384;measure;scatter;3.2301;1.85914;1.37095;0.0687986;0.0503103;0.404429;0.0891432;0.0290853;0.0281944;0.630456;0.0705374;
40;16384;16384;measure;scatter;3.14192;1.86598;1.27593;0.0786566;0.0637854;0.370602;0.0962458;0.0282156;0.0290823;0.539845;0.0695018;
40;16384;16384;measure;scatter;3.14211;1.863;1.2791;0.0678202;0.0279492;0.402648;0.0877932;0.0295082;0.0282559;0.554223;0.0809002;
40;16384;16384;measure;scatter;3.28128;1.62857;1.6527;0.0288886;0.0296743;0.788908;0.0933565;0.0287386;0.0298001;0.56984;0.0834926;
40;16384;16384;measure;scatter;3.33202;1.85646;1.47556;0.0714769;0.0283334;0.506676;0.10093;0.0352361;0.0297005;0.628916;0.0742881;
40;16384;16384;measure;scatter;3.30013;1.61389;1.68623;0.0293883;0.0291592;0.806248;0.100172;0.0307459;0.0285992;0.570518;0.0914002;
40;16384;16384;measure;scatter;3.15878;1.86353;1.29524;0.0786311;0.0500561;0.375233;0.101556;0.0296086;0.0284073;0.560924;0.0708224;
40;16384;16384;measure;scatter;3.33279;1.86534;1.46744;0.077609;0.0295408;0.48713;0.101107;0.0350397;0.0285089;0.644327;0.0641726;
40;16384;16384;measure;scatter;3.20721;1.61602;1.59118;0.0537374;0.0545483;0.709305;0.0960014;0.0367014;0.0276985;0.531891;0.0812997;
40;16384;16384;measure;scatter;2.50879;1.06024;1.44854;0.0298329;0.0171669;0.742799;0.0574064;0.0149437;0.0138243;0.524607;0.0479635;
40;16384;16384;measure;scatter;2.46107;1.0526;1.40847;0.0171097;0.0421718;0.708895;0.0534625;0.0172255;0.0138032;0.511112;0.0446871;
40;16384;16384;measure;scatter;2.44141;1.06928;1.37213;0.0149739;0.0289975;0.743381;0.0598106;0.0194086;0.01368;0.449005;0.0428745;
40;16384;16384;measure;scatter;2.45677;1.05685;1.39991;0.0144616;0.0276947;0.749597;0.05431;0.0184423;0.0140815;0.479925;0.0413954;
40;16384;16384;measure;scatter;2.48279;1.06415;1.41863;0.0179549;0.0264658;0.724481;0.0531583;0.0141802;0.0134442;0.522136;0.0468134;
40;16384;16384;measure;scatter;2.43664;1.04752;1.38911;0.0150196;0.0459539;0.730618;0.0584422;0.0170914;0.0136965;0.46074;0.0475479;
40;16384;16384;measure;scatter;2.45838;1.04582;1.41255;0.0196683;0.0454663;0.71804;0.0564328;0.0201919;0.0141559;0.492393;0.0461996;
40;16384;16384;measure;scatter;2.4024;1.05528;1.34712;0.0503592;0.0537337;0.664601;0.0564611;0.0155435;0.0133759;0.445725;0.04732;
40;16384;16384;measure;scatter;2.43529;1.06361;1.37166;0.0166154;0.0328421;0.722942;0.0582868;0.0178157;0.0140695;0.463575;0.0455153;
40;16384;16384;measure;scatter;2.4663;1.05171;1.41458;0.0293739;0.0143188;0.721964;0.0522987;0.0151375;0.0138615;0.522255;0.0453701;
40;16384;16384;measure;scatter;2.42188;1.03247;1.38941;0.0146283;0.0466025;0.740803;0.0550779;0.0148248;0.0134842;0.455147;0.0488391;
40;16384;16384;measure;scatter;2.38614;1.05635;1.32978;0.0140184;0.0374414;0.719769;0.0560544;0.015127;0.0139813;0.426935;0.0464496;
40;16384;16384;measure;scatter;2.4055;1.10081;1.30469;0.0434045;0.0147724;0.681722;0.0529774;0.0154142;0.0136814;0.437514;0.0452038;
40;16384;16384;measure;scatter;2.52251;1.05031;1.47219;0.0151636;0.0290735;0.744136;0.0569852;0.0176268;0.0140811;0.549325;0.0458;
40;16384;16384;measure;scatter;2.43417;1.05549;1.37867;0.0146654;0.0317078;0.73255;0.0565838;0.0145117;0.0136704;0.468189;0.046794;
40;16384;16384;measure;scatter;2.39268;1.03046;1.36221;0.0170672;0.0137396;0.776919;0.0500465;0.0190375;0.0138769;0.424676;0.0468436;
40;16384;16384;measure;scatter;2.45619;1.03911;1.41707;0.0141252;0.0329501;0.747901;0.0593538;0.0185275;0.0141745;0.484266;0.0457709;
40;16384;16384;measure;scatter;2.42075;1.05658;1.36416;0.0262432;0.0133511;0.72875;0.0555196;0.0150997;0.0136416;0.466944;0.0446084;
40;16384;16384;measure;scatter;2.41504;1.04978;1.36525;0.014952;0.0386198;0.707664;0.0559094;0.0157665;0.0132774;0.471906;0.0471593;
40;16384;16384;measure;scatter;2.4417;1.06653;1.37516;0.0159973;0.0265664;0.728648;0.0600098;0.0145242;0.0135266;0.471205;0.0446809;
40;16384;16384;measure;scatter;2.4006;1.06251;1.33808;0.015407;0.0278879;0.726729;0.0560693;0.0156694;0.0138016;0.439867;0.0426505;
40;16384;16384;measure;scatter;2.4827;1.07208;1.41061;0.0151005;0.025475;0.710603;0.0540001;0.0149254;0.0136209;0.531826;0.0450609;
40;16384;16384;measure;scatter;2.42443;1.03952;1.3849;0.0141168;0.0133152;0.758049;0.0618142;0.0146791;0.0138199;0.466432;0.0426742;
40;16384;16384;measure;scatter;2.46139;1.0719;1.38948;0.0150803;0.0276244;0.709582;0.0541438;0.0157759;0.0136562;0.503988;0.0496303;
40;16384;16384;measure;scatter;2.52556;1.05231;1.47325;0.0421525;0.0359432;0.711496;0.0556213;0.0142367;0.0136731;0.558708;0.0414172;
40;16384;16384;measure;scatter;2.48045;1.04799;1.43246;0.0154894;0.0387448;0.731345;0.0589093;0.0130212;0.0140145;0.514498;0.0464346;
40;16384;16384;measure;scatter;2.43562;1.05421;1.38141;0.0404461;0.0139952;0.725059;0.0559314;0.0179671;0.0142041;0.469424;0.0443811;
40;16384;16384;measure;scatter;2.426;1.04018;1.38581;0.0146078;0.0476541;0.72597;0.0520829;0.0189995;0.0139349;0.464415;0.04815;
40;16384;16384;measure;scatter;2.41782;1.05895;1.35886;0.0402043;0.0431939;0.701649;0.0585018;0.0137377;0.0138945;0.441493;0.0461891;
40;16384;16384;measure;scatter;2.60521;1.06076;1.54444;0.0157854;0.0291335;0.723731;0.0579162;0.0175264;0.0137452;0.641686;0.0449166;
40;16384;16384;measure;scatter;2.45078;1.01717;1.4336;0.0153649;0.0136557;0.778482;0.0569082;0.0146534;0.0137884;0.495901;0.0448457;
40;16384;16384;measure;scatter;2.4695;1.07276;1.39673;0.0176165;0.0280381;0.714452;0.0558501;0.0149634;0.0133039;0.505862;0.046639;
40;16384;16384;measure;scatter;2.51845;1.04625;1.47219;0.0138108;0.0424499;0.728276;0.0548726;0.0183602;0.0136864;0.552761;0.0479748;
40;16384;16384;measure;scatter;2.50941;1.06024;1.44916;0.0251681;0.0174801;0.728238;0.0558641;0.0155796;0.0137507;0.544021;0.0490611;
40;16384;16384;measure;scatter;2.42416;1.04269;1.38146;0.0139978;0.0388894;0.736632;0.0574463;0.0144633;0.0139912;0.458676;0.0473588;
40;16384;16384;measure;scatter;2.44385;1.03829;1.40555;0.0141456;0.0313788;0.744977;0.0565869;0.0157761;0.013474;0.48251;0.0467037;
40;16384;16384;measure;scatter;2.45199;1.03169;1.4203;0.0127731;0.0310841;0.768337;0.0541125;0.014772;0.0138537;0.477547;0.047818;
40;16384;16384;measure;scatter;2.47989;1.04461;1.43527;0.014974;0.025712;0.739732;0.0563823;0.0149267;0.0141403;0.523888;0.0455118;
40;16384;16384;measure;scatter;2.48563;1.07082;1.4148;0.0143659;0.0239191;0.726002;0.0535647;0.0158285;0.0130338;0.518891;0.049194;
40;16384;16384;measure;scatter;2.45704;1.04376;1.41327;0.0145653;0.039788;0.738956;0.0547058;0.0155936;0.0137507;0.488253;0.047657;
40;16384;16384;measure;scatter;2.41693;1.04274;1.37418;0.0147519;0.0300922;0.744906;0.0523711;0.01629;0.0135757;0.455814;0.0463801;
40;16384;16384;measure;scatter;2.4151;1.03729;1.37779;0.0503211;0.0452648;0.687836;0.0532468;0.0151831;0.0130865;0.466424;0.0464322;
40;16384;16384;measure;scatter;2.45056;1.06914;1.38142;0.0182917;0.0288081;0.721643;0.0525159;0.0195912;0.0136764;0.481217;0.0456741;
40;16384;16384;measure;scatter;2.35938;1.03772;1.32166;0.0154108;0.0130771;0.750868;0.0599706;0.0140439;0.0132287;0.41405;0.0410075;
40;16384;16384;measure;scatter;2.51538;1.39868;1.11669;0.0835176;0.0141712;0.38485;0.0586161;0.0133821;0.0131192;0.503413;0.0456186;
40;16384;16384;measure;scatter;2.46285;1.06018;1.40265;0.0474717;0.0501923;0.675956;0.0605406;0.018844;0.0141581;0.492903;0.0425836;
40;16384;16384;measure;scatter;2.51413;1.06177;1.45235;0.0151865;0.0234415;0.727464;0.0591779;0.0155801;0.0137328;0.547754;0.0500096;
40;16384;16384;measure;scatter;2.4704;1.07046;1.39993;0.0185154;0.0481366;0.702327;0.0593145;0.017817;0.0138739;0.492742;0.0472017;
40;16384;16384;measure;scatter;2.49471;1.04406;1.45064;0.014951;0.0331579;0.751258;0.0583419;0.014142;0.0141774;0.51944;0.0451713;
40;16384;16384;measure;scatter;2.5236;1.05036;1.47323;0.0139335;0.0404721;0.734905;0.0556338;0.0194846;0.0140402;0.547329;0.0474348;