n_threads;n_x;n_y;plan;comm_flag;total;initialization;fft_2d_total;first_fftw;first_split;first_comm;first_trans;second_fftw;second_split;second_comm;second_trans;
40;16384;16384;measure;scatter;5.45203;4.54468;0.90733;0.20567;0.11055;0.000122793;0.168784;0.112131;0.111267;8.51459e-05;0.19872;
40;16384;16384;measure;scatter;5.44288;4.52512;0.917736;0.195036;0.116125;0.000100916;0.168184;0.138629;0.110422;0.000100842;0.189138;
40;16384;16384;measure;scatter;5.40354;4.47202;0.931509;0.201609;0.145152;6.20189e-05;0.171086;0.112434;0.110659;8.78822e-05;0.190418;
40;16384;16384;measure;scatter;5.43461;4.47838;0.956212;0.197052;0.176414;8.63811e-05;0.170158;0.111926;0.110978;8.57031e-05;0.189513;
40;16384;16384;measure;scatter;5.4111;4.50721;0.90388;0.202764;0.118182;8.42931e-05;0.168498;0.111718;0.110671;8.89171e-05;0.191873;
40;16384;16384;measure;scatter;5.46446;4.5294;0.935047;0.197154;0.130675;6.15879e-05;0.168303;0.13484;0.110629;0.000110236;0.193274;
40;16384;16384;measure;scatter;5.41918;4.46676;0.952401;0.195899;0.174328;8.2806e-05;0.166716;0.111588;0.113996;8.16612e-05;0.18971;
40;16384;16384;measure;scatter;5.46771;4.52208;0.945617;0.203644;0.154232;6.51141e-05;0.17102;0.113076;0.11068;0.000112656;0.192786;
40;16384;16384;measure;scatter;5.42912;4.50004;0.929067;0.196839;0.146196;0.000107023;0.170441;0.112629;0.110753;9.69539e-05;0.192004;
40;16384;16384;measure;scatter;5.42019;4.50535;0.914828;0.198167;0.134457;0.000116031;0.168401;0.112474;0.11074;7.8121e-05;0.190395;
40;16384;16384;measure;scatter;5.47012;4.50757;0.962542;0.195602;0.179268;6.46431e-05;0.170537;0.112003;0.117332;7.96211e-05;0.187655;
40;16384;16384;measure;scatter;5.46227;4.52331;0.938942;0.195976;0.150253;7.76639e-05;0.168346;0.112148;0.114325;8.17759e-05;0.197734;
40;16384;16384;measure;scatter;5.43794;4.47606;0.96187;0.203836;0.164102;8.5965e-05;0.170288;0.112638;0.113945;0.000124673;0.196851;
40;16384;16384;measure;scatter;5.44558;4.52089;0.924682;0.195563;0.111828;8.42081e-05;0.171421;0.12889;0.117295;9.9571e-05;0.199501;
40;16384;16384;measure;scatter;5.46674;4.49468;0.972049;0.20624;0.166596;6.9407e-05;0.167867;0.12673;0.113769;9.8451e-05;0.190679;
40;16384;16384;measure;scatter;5.41885;4.49346;0.925348;0.195936;0.14835;6.91409e-05;0.166573;0.110524;0.110642;8.34751e-05;0.19317;
40;16384;16384;measure;scatter;5.4586;4.51416;0.944416;0.202404;0.142291;7.80229e-05;0.171404;0.12878;0.110492;9.09711e-05;0.188876;
40;16384;16384;measure;scatter;5.48629;4.53467;0.951613;0.196666;0.150402;8.3395e-05;0.170916;0.129173;0.113813;0.000111116;0.190448;
40;16384;16384;measure;scatter;5.45499;4.52957;0.925408;0.198284;0.118393;0.000117222;0.168182;0.129332;0.117214;9.71549e-05;0.193789;
40;16384;16384;measure;scatter;5.4328;4.50376;0.92903;0.196945;0.148146;9.78161e-05;0.166039;0.111802;0.114088;7.4811e-05;0.191836;
40;16384;16384;measure;scatter;5.4834;4.51137;0.972013;0.204842;0.180525;7.85422e-05;0.16793;0.111528;0.110627;8.5894e-05;0.196396;
40;16384;16384;measure;scatter;5.46272;4.52681;0.935891;0.195572;0.150934;8.73159e-05;0.170854;0.111549;0.115568;8.48118e-05;0.191241;
40;16384;16384;measure;scatter;5.43998;4.51963;0.920341;0.195275;0.134227;8.0528e-05;0.168054;0.110141;0.117317;8.1182e-05;0.195166;
40;16384;16384;measure;scatter;5.43365;4.49244;0.94119;0.20047;0.151072;0.000113223;0.170689;0.112063;0.11408;8.2697e-05;0.19262;
40;16384;16384;measure;scatter;5.44954;4.49782;0.951715;0.194974;0.165965;0.000117561;0.167387;0.111268;0.113869;8.08751e-05;0.198054;
40;16384;16384;measure;scatter;5.49083;4.52532;0.965493;0.203907;0.178741;0.000104513;0.170299;0.111172;0.110889;8.60761e-05;0.190295;
40;16384;16384;measure;scatter;5.42166;4.52551;0.896133;0.19618;0.111063;8.25361e-05;0.171064;0.111114;0.110749;8.39171e-05;0.195796;
40;16384;16384;measure;scatter;5.4309;4.48751;0.943383;0.193547;0.132381;0.000110603;0.171133;0.131644;0.117775;0.000110788;0.196682;
40;16384;16384;measure;scatter;5.44289;4.484;0.958882;0.204029;0.172351;7.6829e-05;0.167653;0.11132;0.110566;8.7834e-05;0.192799;
40;16384;16384;measure;scatter;5.4115;4.50425;0.907239;0.204366;0.11089;6.4384e-05;0.171021;0.111668;0.114171;8.3321e-05;0.194974;
40;16384;16384;measure;scatter;5.40546;4.48348;0.921965;0.202663;0.108939;0.000121216;0.168538;0.133435;0.110454;0.000123707;0.19769;
40;16384;16384;measure;scatter;5.4399;4.49759;0.942301;0.196568;0.158278;8.2359e-05;0.168091;0.111229;0.110881;8.34691e-05;0.197089;
40;16384;16384;measure;scatter;5.50327;4.5301;0.973156;0.203253;0.181276;6.7099e-05;0.167991;0.112307;0.11454;8.34728e-05;0.193638;
40;16384;16384;measure;scatter;5.45657;4.48913;0.96743;0.191887;0.180151;5.90489e-05;0.167493;0.12773;0.110388;0.000991421;0.18873;
40;16384;16384;measure;scatter;5.43813;4.49499;0.943101;0.202779;0.157148;7.20408e-05;0.167563;0.112221;0.110721;8.21978e-05;0.192515;
40;16384;16384;measure;scatter;5.49427;4.53824;0.956024;0.202117;0.18122;7.55049e-05;0.16823;0.110052;0.110723;8.4606e-05;0.183522;
40;16384;16384;measure;scatter;5.42851;4.48455;0.943945;0.202555;0.155279;8.22409e-05;0.167781;0.112115;0.114491;7.92339e-05;0.191562;
40;16384;16384;measure;scatter;5.42292;4.51663;0.906281;0.199855;0.111923;0.000127288;0.168851;0.112998;0.11087;8.6572e-05;0.201569;
40;16384;16384;measure;scatter;5.37922;4.47217;0.90704;0.195297;0.123538;0.000118522;0.170792;0.110895;0.113881;8.263e-05;0.192437;
40;16384;16384;measure;scatter;5.43634;4.49127;0.945058;0.194547;0.152706;0.000131854;0.167907;0.129043;0.110404;0.000100336;0.190219;
40;16384;16384;measure;scatter;5.4767;4.50973;0.966961;0.196497;0.184583;0.000112723;0.170377;0.11275;0.111929;9.5553e-05;0.190616;
40;16384;16384;measure;scatter;5.40817;4.48931;0.918845;0.195496;0.131994;6.25742e-05;0.168414;0.11039;0.114236;8.25978e-05;0.19817;
40;16384;16384;measure;scatter;5.44879;4.51251;0.936264;0.196509;0.145907;9.5302e-05;0.170819;0.111258;0.117668;8.72051e-05;0.193922;
40;16384;16384;measure;scatter;5.38582;4.48326;0.902553;0.202942;0.11007;0.000126666;0.17147;0.112499;0.110685;8.5335e-05;0.194675;
40;16384;16384;measure;scatter;5.42907;4.48881;0.940246;0.205333;0.150361;8.56619e-05;0.170476;0.111402;0.110572;7.8608e-05;0.191937;
40;16384;16384;measure;scatter;5.42773;4.50046;0.927261;0.194624;0.134858;0.000103786;0.170987;0.112021;0.114519;8.22591e-05;0.200068;
40;16384;16384;measure;scatter;5.46087;4.51249;0.948366;0.197355;0.151589;0.000119778;0.167852;0.129008;0.110431;0.00010015;0.191912;
40;16384;16384;measure;scatter;5.39216;4.47084;0.921313;0.202703;0.136843;8.21182e-05;0.171006;0.111505;0.110597;8.08958e-05;0.188497;
40;16384;16384;measure;scatter;5.41088;4.48378;0.927087;0.195589;0.140915;7.73761e-05;0.168344;0.11085;0.11773;7.62329e-05;0.193504;
40;16384;16384;measure;scatter;5.41768;4.49338;0.924292;0.199569;0.117523;9.53639e-05;0.168234;0.129773;0.114203;0.00105243;0.193842;
40;16384;16384;measure;scatter;11.1131;3.07478;8.0383;0.129599;0.0514526;2.39577;0.1113;0.0558273;0.056987;5.15222;0.085154;
40;16384;16384;measure;scatter;11.447;2.97425;8.47279;0.0529892;0.0643998;3.68615;0.159109;0.0611726;0.055555;4.27579;0.117625;
40;16384;16384;measure;scatter;11.7639;3.02288;8.74105;0.131459;0.0535457;1.63157;0.105214;0.0559873;0.0558767;6.61728;0.0901059;
40;16384;16384;measure;scatter;13.6826;2.96962;10.713;0.0535918;0.0672305;4.88099;0.122727;0.0599174;0.0513244;5.33726;0.139941;
40;16384;16384;measure;scatter;12.3256;2.9706;9.35499;0.0538648;0.0668908;5.27882;0.138904;0.0583189;0.0524996;3.58843;0.117267;
40;16384;16384;measure;scatter;11.7682;2.985;8.7832;0.0534496;0.0600469;4.05476;0.122761;0.0556665;0.0518157;4.26208;0.122629;
40;16384;16384;measure;scatter;10.178;2.95515;7.22287;0.0534338;0.0577072;2.19102;0.11926;0.0634253;0.0548351;4.55146;0.131726;
40;16384;16384;measure;scatter;10.7151;2.93189;7.78319;0.128261;0.0517934;2.40451;0.119612;0.0704555;0.0533959;4.85699;0.0981776;
40;16384;16384;measure;scatter;12.0307;2.96523;9.06547;0.143744;0.0541219;5.44816;0.126561;0.0684937;0.0537386;3.07504;0.0956124;
40;16384;16384;measure;scatter;13.2044;2.97506;10.2294;0.0566684;0.0540916;4.41181;0.138655;0.0556524;0.0516076;5.32708;0.133809;
40;16384;16384;measure;scatter;10.2645;2.99021;7.27426;0.0517308;0.0574306;3.16719;0.124954;0.0594154;0.0537924;3.62886;0.130882;
40;16384;16384;measure;scatter;9.95892;2.97773;6.98116;0.0584877;0.0582738;2.85347;0.112832;0.0500461;0.053964;3.68031;0.11378;
40;16384;16384;measure;scatter;14.6498;2.97817;11.6716;0.129237;0.0519324;4.64868;0.152519;0.0390299;0.0525304;6.50614;0.0915315;
40;16384;16384;measure;scatter;11.9294;2.98965;8.93969;0.0654325;0.0574141;3.21992;0.144941;0.049884;0.0551188;5.22893;0.118054;
40;16384;16384;measure;scatter;9.40829;2.75717;6.65111;0.10203;0.0539356;1.36805;0.10317;0.0550284;0.0954858;4.76101;0.112399;
40;16384;16384;measure;scatter;10.636;2.978;7.65796;0.0526961;0.0582128;2.2388;0.147532;0.057783;0.0539323;4.9171;0.1319;
40;16384;16384;measure;scatter;14.7038;3.2826;11.4212;0.129643;0.0506486;4.69018;0.136864;0.0519113;0.0542945;6.21739;0.0902345;
40;16384;16384;measure;scatter;12.5831;2.97799;9.6051;0.130354;0.0515153;3.56386;0.153517;0.0854186;0.0507712;5.47887;0.0907939;
40;16384;16384;measure;scatter;11.8133;3.01386;8.79944;0.0649589;0.0548357;3.89371;0.123091;0.0594665;0.0511522;4.43429;0.117936;
40;16384;16384;measure;scatter;13.4676;2.93116;10.5364;0.0531301;0.0568124;4.71899;0.134676;0.0463393;0.0508226;5.35892;0.116716;
40;16384;16384;measure;scatter;9.08432;2.9568;6.12751;0.0539378;0.0637263;1.88285;0.126001;0.064744;0.0532881;3.79192;0.0910348;
40;16384;16384;measure;scatter;10.7828;2.98599;7.79682;0.0534769;0.0633934;3.58642;0.120643;0.0516702;0.0561078;3.74216;0.122947;
40;16384;16384;measure;scatter;13.2037;2.99536;10.2083;0.0660194;0.0608698;4.07982;0.131142;0.0613278;0.0536786;5.61917;0.1363;
40;16384;16384;measure;scatter;11.4209;3.68858;7.73231;0.0593421;0.0570067;3.98664;0.127421;0.0486578;0.055064;3.28964;0.108543;
40;16384;16384;measure;scatter;12.3651;2.96769;9.39736;0.0551221;0.0578907;4.49122;0.138084;0.0505821;0.0541926;4.44007;0.110198;
40;16384;16384;measure;scatter;10.7535;3.05383;7.69965;0.0646619;0.0590376;3.26894;0.152221;0.109325;0.0549377;3.86971;0.120819;
40;16384;16384;measure;scatter;10.8898;3.67154;7.21822;0.0641241;0.0576602;3.00346;0.123692;0.0622702;0.0542736;3.73269;0.120049;
40;16384;16384;measure;scatter;12.9209;2.94647;9.97444;0.13984;0.052028;3.01354;0.119359;0.0537684;0.0540474;6.43656;0.105298;
40;16384;16384;measure;scatter;12.405;3.27658;9.1284;0.131867;0.0517928;2.92261;0.114858;0.0501382;0.0544103;5.69658;0.106142;
40;16384;16384;measure;scatter;11.1895;2.92118;8.26832;0.135817;0.0741499;4.22171;0.138148;0.0612458;0.0547471;3.49197;0.0905341;
40;16384;16384;measure;scatter;14.6265;2.92514;11.7014;0.135702;0.0526635;3.89062;0.137104;0.0405193;0.0526514;7.29538;0.0967285;
40;16384;16384;measure;scatter;11.2936;2.97709;8.31652;0.129544;0.0527721;3.46351;0.124055;0.0486386;0.0735125;4.32566;0.0988188;
40;16384;16384;measure;scatter;12.9016;2.98717;9.91442;0.128092;0.0514775;4.05617;0.177029;0.0499596;0.0535473;5.29662;0.101529;
40;16384;16384;measure;scatter;9.51274;2.74429;6.76844;0.104364;0.0854721;2.20335;0.110014;0.0505198;0.0566376;4.05139;0.106701;
40;16384;16384;measure;scatter;13.1444;2.96915;10.1752;0.131394;0.0513049;2.77456;0.117109;0.0596123;0.0556744;6.88479;0.100751;
40;16384;16384;measure;scatter;11.0876;2.98382;8.10378;0.0571374;0.0581694;3.21744;0.126321;0.0481149;0.0548097;4.43051;0.111275;
40;16384;16384;measure;scatter;11.0148;3.66427;7.35053;0.111055;0.0547534;2.53752;0.123117;0.0499055;0.0539757;4.29799;0.12221;
40;16384;16384;measure;scatter;14.842;3.03002;11.812;0.126241;0.0533387;5.89915;0.179152;0.0666483;0.0566158;5.33602;0.0947787;
40;16384;16384;measure;scatter;14.2327;3.65901;10.5736;0.12602;0.0541678;4.12368;0.145195;0.0652363;0.0552072;5.90766;0.096472;
40;16384;16384;measure;scatter;8.89072;2.72306;6.16763;0.118041;0.0983933;1.62687;0.104388;0.0583548;0.0533824;4.01893;0.08927;
40;16384;16384;measure;scatter;10.0455;3.08246;6.963;0.138697;0.0527339;1.57885;0.129724;0.0917295;0.0549788;4.80952;0.106761;
40;16384;16384;measure;scatter;9.65079;2.94684;6.70395;0.140167;0.0500151;2.83435;0.107222;0.067016;0.0552553;3.36753;0.0823844;
40;16384;16384;measure;scatter;9.32785;2.98329;6.34456;0.132671;0.0510111;1.78538;0.114979;0.0623812;0.053796;4.05589;0.0884556;
40;16384;16384;measure;scatter;7.48949;2.78942;4.70006;0.110144;0.0940352;2.05439;0.106965;0.110207;0.0548225;2.08814;0.0813512;
40;16384;16384;measure;scatter;15.0971;3.69484;11.4022;0.0540986;0.0594514;2.86934;0.12146;0.0605893;0.0516301;8.07127;0.114386;
40;16384;16384;measure;scatter;13.8292;2.99268;10.8365;0.0586577;0.0589232;4.95387;0.152213;0.0464941;0.0522795;5.38951;0.124585;
40;16384;16384;measure;scatter;9.52538;2.72998;6.79538;0.10616;0.0934332;2.00126;0.103696;0.0877071;0.0947699;4.21592;0.0924424;
40;16384;16384;measure;scatter;10.2868;2.96354;7.3232;0.0676105;0.058678;2.45578;0.112968;0.061804;0.0511317;4.40137;0.113862;
40;16384;16384;measure;scatter;11.9844;2.95098;9.0334;0.0547132;0.0570064;3.56817;0.124238;0.0632573;0.0532956;4.9772;0.135523;
40;16384;16384;measure;scatter;11.0987;3.72125;7.3774;0.0912131;0.0612101;2.96417;0.119883;0.0633471;0.0527041;3.90422;0.120648;
40;16384;16384;measure;scatter;12.1632;3.10102;9.06214;0.0302685;0.0291504;3.87131;0.168681;0.0342335;0.0642336;4.77245;0.0918133;
40;16384;16384;measure;scatter;10.8799;1.70679;9.17313;0.0277658;0.0602429;3.92604;0.125497;0.0386995;0.0361405;4.87574;0.0830074;
40;16384;16384;measure;scatter;13.553;2.34495;11.208;0.043059;0.0297087;5.14989;0.0952012;0.0291774;0.0281103;5.73938;0.0935042;
40;16384;16384;measure;scatter;13.2926;1.7073;11.5851;0.0352439;0.0279901;5.20341;0.0993088;0.036772;0.0664626;6.01817;0.0977592;
40;16384;16384;measure;scatter;12.6597;1.76842;10.8912;0.0399998;0.0277946;4.64022;0.110895;0.0306869;0.0367185;5.90996;0.0949422;
40;16384;16384;measure;scatter;12.6963;2.3234;10.3729;0.0348929;0.029487;5.28971;0.171986;0.0327918;0.0671786;4.66575;0.0811099;
40;16384;16384;measure;scatter;11.145;2.67632;8.46869;0.0375255;0.0304831;4.47104;0.115396;0.030862;0.0775667;3.6135;0.0923138;
40;16384;16384;measure;scatter;12.4851;2.90873;9.57638;0.035621;0.0310621;4.07692;0.100704;0.0350906;0.0687422;5.12586;0.102381;
40;16384;16384;measure;scatter;9.94959;1.71022;8.23936;0.0273353;0.0378268;3.29613;0.116721;0.0334832;0.0505844;4.59107;0.0862123;
40;16384;16384;measure;scatter;11.0255;2.28765;8.73781;0.0388311;0.0292729;3.1743;0.114317;0.0350394;0.0375374;5.21664;0.0918709;
40;16384;16384;measure;scatter;12.9467;2.40809;10.5386;0.0418263;0.0279454;4.12646;0.0978307;0.0294969;0.0518624;6.07646;0.08675;
40;16384;16384;measure;scatter;11.4256;2.42223;9.00335;0.0627899;0.0272378;2.62991;0.137046;0.02629;0.0360135;6.00605;0.0780125;
40;16384;16384;measure;scatter;12.3955;2.32262;10.0729;0.0335588;0.0285314;5.12732;0.223764;0.0434413;0.0724776;4.46779;0.0760281;
40;16384;16384;measure;scatter;12.3064;2.25553;10.0509;0.0466307;0.0281836;3.41222;0.108452;0.0312207;0.0583154;6.27491;0.0909656;
40;16384;16384;measure;scatter;11.561;3.01115;8.54982;0.0324862;0.0296066;2.87468;0.112583;0.0328043;0.0738201;5.29724;0.0965938;
40;16384;16384;measure;scatter;10.6641;2.55733;8.10673;0.029429;0.0381112;2.7442;0.109052;0.0349616;0.0273259;5.01941;0.104247;
40;16384;16384;measure;scatter;11.3072;2.20745;9.09971;0.0316319;0.0375331;4.49078;0.119358;0.0311458;0.0698448;4.2243;0.0951199;
40;16384;16384;measure;scatter;11.6848;1.72196;9.96287;0.0416586;0.0284478;5.38443;0.123572;0.0302489;0.0691512;4.19186;0.0934992;
40;16384;16384;measure;scatter;11.2104;2.60847;8.60192;0.0484919;0.0295161;3.68412;0.115894;0.0301527;0.0519725;4.53975;0.102023;
40;16384;16384;measure;scatter;13.9132;2.22799;11.6852;0.036469;0.0284518;3.87834;0.106319;0.0316874;0.0569738;7.44207;0.104844;
40;16384;16384;measure;scatter;12.742;2.21508;10.5268;0.0395442;0.0325348;4.73879;0.092649;0.029666;0.0277366;5.46748;0.0984112;
40;16384;16384;measure;scatter;11.7434;2.71225;9.03116;0.0360268;0.0295872;3.86801;0.101304;0.0305195;0.0484768;4.81867;0.0985579;
40;16384;16384;measure;scatter;10.6055;2.34004;8.26539;0.030779;0.0295429;3.46871;0.108141;0.0404808;0.0298766;4.46031;0.0975454;
40;16384;16384;measure;scatter;12.0901;2.86011;9.23002;0.0356483;0.0284299;4.57991;0.109381;0.0346021;0.0663961;4.26839;0.107264;
40;16384;16384;measure;scatter;11.1448;1.70937;9.43543;0.0292296;0.0288775;4.02313;0.125967;0.0306218;0.0393642;5.05607;0.102162;
40;16384;16384;measure;scatter;13.1088;2.58571;10.5231;0.0288743;0.0301453;3.14055;0.130821;0.031338;0.0370806;7.02883;0.0954344;
40;16384;16384;measure;scatter;10.3769;2.5483;7.82854;0.0400155;0.0304412;2.98178;0.105059;0.030917;0.042;4.48441;0.113921;
40;16384;16384;measure;scatter;10.6649;2.23692;8.428;0.0337247;0.0295333;3.34264;0.119851;0.0320388;0.0518466;4.73249;0.0858744;
40;16384;16384;measure;scatter;9.88391;2.6673;7.2166;0.0628516;0.0282129;2.61178;0.106293;0.0314901;0.0390205;4.23995;0.0970074;
40;16384;16384;measure;scatter;9.2405;2.37791;6.86257;0.0382019;0.0303411;3.11584;0.109209;0.0374704;0.0387029;3.39489;0.097915;
40;16384;16384;measure;scatter;10.5995;1.78144;8.818;0.0274582;0.0278487;3.44216;0.131601;0.0286278;0.0339645;5.02216;0.104176;
40;16384;16384;measure;scatter;11.814;2.78284;9.03113;0.0589525;0.0292533;3.67815;0.110123;0.0424105;0.0515101;4.96576;0.09497;
40;16384;16384;measure;scatter;12.1852;2.33286;9.85234;0.035119;0.0371081;4.54334;0.0982267;0.0313205;0.0546027;4.95248;0.100138;
40;16384;16384;measure;scatter;12.7704;1.7194;11.051;0.0280334;0.0289207;5.1589;0.119964;0.0294266;0.0514459;5.53782;0.0964564;
40;16384;16384;measure;scatter;11.1117;3.20363;7.90806;0.0313552;0.0311266;3.38038;0.126142;0.0318805;0.0700951;4.14561;0.0914648;
40;16384;16384;measure;scatter;10.2865;2.80516;7.48134;0.06295;0.0269962;3.43275;0.127237;0.0282843;0.0730437;3.65393;0.0761547;
40;16384;16384;measure;scatter;9.43955;2.37029;7.06917;0.0420298;0.0290924;3.03644;0.0967782;0.0395817;0.031515;3.69688;0.0968463;
40;16384;16384;measure;scatter;10.0921;2.22669;7.86542;0.0420481;0.0303256;3.44306;0.12058;0.0358552;0.0501796;4.04373;0.0996316;
40;16384;16384;measure;scatter;10.4954;2.28171;8.21364;0.0326167;0.0289834;3.38216;0.127325;0.0404993;0.0371596;4.4625;0.1024;
40;16384;16384;measure;scatter;12.9859;2.28177;10.7041;0.0307722;0.0300343;4.16861;0.103068;0.0358008;0.0559722;6.17709;0.102794;
40;16384;16384;measure;scatter;11.2485;2.3072;8.94118;0.0273739;0.0295173;3.69157;0.0931944;0.0386383;0.0288853;4.92788;0.104112;
40;16384;16384;measure;scatter;12.012;2.34528;9.6667;0.0390701;0.0285246;4.6079;0.107459;0.033527;0.0689631;4.67683;0.104428;
40;16384;16384;measure;scatter;10.6602;2.24204;8.41812;0.04844;0.0279921;4.43888;0.146587;0.0350634;0.0712873;3.56305;0.0868237;
40;16384;16384;measure;scatter;11.6834;2.28853;9.3949;0.0508907;0.0284604;4.38895;0.107868;0.0333326;0.0543177;4.63606;0.0950147;
40;16384;16384;measure;scatter;11.2689;1.72271;9.54621;0.0354617;0.030729;3.99798;0.108308;0.0348615;0.0522895;5.18704;0.0995397;
40;16384;16384;measure;scatter;9.74105;2.76725;6.97379;0.0639639;0.0247734;3.30772;0.139593;0.0238816;0.0598365;3.28117;0.0728467;
40;16384;16384;measure;scatter;10.5442;2.79737;7.74677;0.0327301;0.0289359;4.0422;0.116505;0.0296128;0.0509394;3.34389;0.101967;
40;16384;16384;measure;scatter;11.5714;2.31696;9.25441;0.0413157;0.0296838;2.98092;0.0977106;0.0313316;0.0385373;5.94073;0.0941802;
40;16384;16384;measure;scatter;9.57475;2.75953;6.81521;0.0313301;0.0301244;2.90226;0.112762;0.0382425;0.048296;3.55033;0.101872;
40;16384;16384;measure;scatter;11.4395;2.52272;8.91675;0.0302555;0.0355143;2.90736;0.11738;0.0336388;0.0377808;5.64871;0.106107;
40;16384;16384;measure;scatter;11.9514;2.76489;9.18648;0.0228606;0.014314;4.27496;0.0638607;0.0150815;0.0162018;4.71784;0.0613516;
40;16384;16384;measure;scatter;10.5382;2.89338;7.64483;0.0147629;0.0186948;3.2506;0.0531795;0.0132078;0.0215379;4.21794;0.0549053;
40;16384;16384;measure;scatter;12.162;2.56626;9.59572;0.0173634;0.0163295;4.20995;0.058635;0.0152812;0.0186913;5.20369;0.0557836;
40;16384;16384;measure;scatter;12.1884;2.28736;9.90097;0.0609735;0.0155203;4.53882;0.112918;0.0222531;0.0216225;5.06714;0.0617276;
40;16384;16384;measure;scatter;12.5296;2.70322;9.82636;0.0399075;0.0143381;4.77926;0.0988253;0.0165887;0.0428712;4.79427;0.0403066;
40;16384;16384;measure;scatter;12.1177;2.63124;9.48633;0.0157745;0.0202921;4.51745;0.0628589;0.0203352;0.0352417;4.75769;0.0566812;
40;16384;16384;measure;scatter;12.2514;2.5113;9.74008;0.0353498;0.0247914;4.1459;0.0837763;0.0160197;0.0210317;5.34588;0.067337;
40;16384;16384;measure;scatter;12.5;2.79699;9.70295;0.016152;0.0160635;4.21167;0.0622958;0.0274823;0.0178571;5.29219;0.0592496;
40;16384;16384;measure;scatter;11.8439;2.50934;9.33453;0.0268093;0.0140853;3.85551;0.066523;0.0154672;0.0159683;5.2928;0.0473649;
40;16384;16384;measure;scatter;11.7406;2.80676;8.93375;0.0183963;0.0199466;3.6864;0.0646534;0.0136453;0.0143737;5.05529;0.0610457;
40;16384;16384;measure;scatter;11.3919;2.28384;9.10802;0.0139527;0.0143044;3.83273;0.0576875;0.0225667;0.0143333;5.09321;0.0592261;
40;16384;16384;measure;scatter;12.0912;2.25854;9.83257;0.0480142;0.0176709;4.49625;0.0904935;0.0101496;0.0506802;5.0826;0.0367146;
40;16384;16384;measure;scatter;11.6429;2.81027;8.83263;0.0153274;0.0180853;4.13797;0.0576491;0.0154943;0.0178952;4.52083;0.049387;
40;16384;16384;measure;scatter;12.2743;2.51876;9.75552;0.0169324;0.0194039;4.66881;0.0528486;0.0179479;0.0126393;4.90972;0.0572139;
40;16384;16384;measure;scatter;11.1832;2.75099;8.43219;0.0154926;0.0242573;3.49598;0.060448;0.0175464;0.0161731;4.7521;0.0501975;
40;16384;16384;measure;scatter;12.0172;2.49194;9.52513;0.0156384;0.0239283;3.85817;0.0573623;0.0224531;0.0150282;5.46805;0.0645031;
40;16384;16384;measure;scatter;10.8017;1.52118;9.28043;0.0150622;0.0238732;4.92722;0.0621768;0.0146335;0.0253773;4.16057;0.0515105;
40;16384;16384;measure;scatter;11.7251;2.45718;9.26785;0.0144345;0.0142879;4.56958;0.0615515;0.0175806;0.0240651;4.5012;0.0651519;
40;16384;16384;measure;scatter;11.731;2.37848;9.35253;0.035098;0.0139137;3.66889;0.0541315;0.0139654;0.0208639;5.48306;0.0626152;
40;16384;16384;measure;scatter;13.1687;2.95368;10.215;0.0250516;0.0238854;3.76189;0.0684571;0.0129116;0.0136287;6.25346;0.0557105;
40;16384;16384;measure;scatter;11.0851;2.61932;8.46581;0.0350004;0.0181849;4.02332;0.0793086;0.0139945;0.0265306;4.22368;0.0457896;
40;16384;16384;measure;scatter;10.9185;2.66976;8.2487;0.015507;0.0195763;3.69725;0.0523147;0.0180708;0.0146127;4.36472;0.0666526;
40;16384;16384;measure;scatter;11.4604;2.84387;8.61641;0.0397404;0.0170597;3.77261;0.0871849;0.011296;0.0214887;4.62276;0.0442657;
40;16384;16384;measure;scatter;11.1217;2.14128;8.98038;0.0268406;0.0245497;4.75053;0.0640715;0.0115;0.0138684;4.02069;0.06833;
40;16384;16384;measure;scatter;12.3928;2.34568;10.0471;0.0275179;0.0261146;4.4126;0.115656;0.0175809;0.0247966;5.37412;0.0486826;
40;16384;16384;measure;scatter;11.5258;2.36887;9.15681;0.07196;0.0141085;4.51763;0.0611945;0.0122176;0.0195929;4.3822;0.0779042;
40;16384;16384;measure;scatter;11.5426;1.93622;9.60629;0.0209468;0.0262629;4.61479;0.0974837;0.0129367;0.069388;4.69622;0.0682604;
40;16384;16384;measure;scatter;11.9429;2.27896;9.6639;0.0186405;0.0136761;4.04682;0.057456;0.0157034;0.0247599;5.42946;0.0573856;
40;16384;16384;measure;scatter;10.658;2.55999;8.09791;0.0386126;0.0149733;3.86298;0.095814;0.0170867;0.0372323;3.98863;0.0425849;
40;16384;16384;measure;scatter;11.1117;2.34581;8.76583;0.0734009;0.0179654;4.02785;0.0635522;0.016069;0.0236078;4.47269;0.0706931;
40;16384;16384;measure;scatter;11.6056;2.46476;9.14087;0.0174381;0.0247638;4.35591;0.0563514;0.0107948;0.0151315;4.59563;0.0648547;
40;16384;16384;measure;scatter;12.1463;2.75248;9.39375;0.0207382;0.0249272;4.22901;0.0639832;0.0120669;0.0212871;4.9538;0.0679447;
40;16384;16384;measure;scatter;12.797;2.59947;10.1975;0.0183742;0.0245542;4.17845;0.0770041;0.0164383;0.0324031;5.78989;0.0604004;
40;16384;16384;measure;scatter;11.6708;2.64906;9.02167;0.0176314;0.0216803;4.38643;0.0559593;0.0153092;0.0146348;4.45066;0.0593691;
40;16384;16384;measure;scatter;11.2007;2.61899;8.58156;0.0192398;0.0141034;3.89419;0.0660297;0.0171116;0.020482;4.49014;0.0602586;
40;16384;16384;measure;scatter;12.1597;2.83498;9.32472;0.0384362;0.0148304;3.92375;0.0786889;0.0128607;0.0314613;5.17824;0.0464559;
40;16384;16384;measure;scatter;12.0214;2.3889;9.63252;0.0274357;0.0256606;4.27792;0.058918;0.0110845;0.0343974;5.13953;0.0575763;
40;16384;16384;measure;scatter;11.3909;2.14778;9.24308;0.0325;0.0203208;4.17815;0.0580913;0.0138579;0.0140228;4.85872;0.0674172;
40;16384;16384;measure;scatter;12.5148;2.72862;9.78609;0.0176074;0.0240391;4.21304;0.0602899;0.0231064;0.0137386;5.37737;0.0568922;
40;16384;16384;measure;scatter;13.1126;2.7967;10.3159;0.0155771;0.0154681;4.34774;0.100831;0.0130618;0.0170044;5.73618;0.0700357;
40;16384;16384;measure;scatter;10.772;2.3778;8.3941;0.0233472;0.0141379;4.05418;0.0741908;0.0108035;0.0206756;4.11935;0.0774125;
40;16384;16384;measure;scatter;12.2711;2.75365;9.51734;0.0153667;0.0177736;4.51201;0.0677229;0.0147847;0.0140448;4.80772;0.0679215;
40;16384;16384;measure;scatter;12.5134;2.66299;9.85036;0.0693884;0.023912;4.14718;0.0803706;0.0114163;0.0319819;5.45165;0.0344555;
40;16384;16384;measure;scatter;10.698;2.63336;8.06456;0.0160255;0.0238178;3.42615;0.0788603;0.0305257;0.0369055;4.39401;0.0582757;
40;16384;16384;measure;scatter;11.9155;2.63107;9.28431;0.0369905;0.0229236;4.21682;0.0836582;0.0146479;0.0195138;4.84423;0.045525;
40;16384;16384;measure;scatter;11.2394;2.43761;8.80175;0.0156663;0.0246564;4.0806;0.0678795;0.0105498;0.0137633;4.52743;0.0611983;
40;16384;16384;measure;scatter;11.6734;2.57905;9.0943;0.0408049;0.013579;3.96577;0.101519;0.011623;0.0387494;4.87852;0.0437388;
40;16384;16384;measure;scatter;12.41;3.75398;8.65597;0.014957;0.0155309;3.98951;0.0619686;0.0246958;0.0169655;4.46575;0.0665935;
40;16384;16384;measure;scatter;12.1926;1.18489;11.0077;0.014068;0.0170109;6.19001;0.0620043;0.0194264;0.0139894;4.61813;0.073005;
40;16384;16384;measure;scatter;12.541;2.31904;10.2219;0.0418386;0.0132415;4.22052;0.15248;0.014275;0.0547391;5.68089;0.0439501;