n_threads;n_x;n_y;plan;comm_flag;total;initialization;fft_2d_total;first_fftw;first_split;first_comm;first_trans;second_fftw;second_split;second_comm;second_trans;
40;16384;16384;measure;scatter;3.21312;2.47096;0.742147;0.108807;0.114696;0.000164277;0.151672;0.118608;0.112762;0.000136833;0.135302;
40;16384;16384;measure;scatter;3.27273;2.459;0.813723;0.110709;0.115935;0.000105201;0.149716;0.119337;0.123555;0.000137589;0.194228;
40;16384;16384;measure;scatter;3.21594;2.46529;0.750639;0.109767;0.113722;5.9217e-05;0.151066;0.128199;0.112434;0.000108732;0.135284;
40;16384;16384;measure;scatter;3.21608;2.4627;0.753378;0.108412;0.111941;7.45601e-05;0.14795;0.131578;0.116483;0.000108058;0.136831;
40;16384;16384;measure;scatter;3.22876;2.49253;0.736215;0.108881;0.114313;5.1701e-05;0.149046;0.113048;0.113708;0.000110506;0.137057;
40;16384;16384;measure;scatter;3.20464;2.4548;0.74982;0.110046;0.112436;0.000115972;0.152873;0.121116;0.117245;0.000114838;0.135873;
40;16384;16384;measure;scatter;3.20362;2.457;0.746561;0.10743;0.117063;7.6954e-05;0.151636;0.117762;0.114537;0.000125863;0.137931;
40;16384;16384;measure;scatter;3.22147;2.46133;0.760134;0.108524;0.111924;5.71262e-05;0.14878;0.136255;0.116919;0.00106186;0.136612;
40;16384;16384;measure;scatter;3.29333;2.49467;0.798639;0.110883;0.112935;0.000112428;0.148495;0.11351;0.119591;0.000152215;0.19296;
40;16384;16384;measure;scatter;3.28285;2.47853;0.804309;0.109423;0.11524;7.21859e-05;0.152025;0.120945;0.114652;0.000141586;0.191811;
40;16384;16384;measure;scatter;3.2483;2.49923;0.749056;0.109031;0.113506;0.00010866;0.148667;0.117881;0.116697;0.000121538;0.143043;
40;16384;16384;measure;scatter;3.29566;2.49067;0.804975;0.109027;0.114821;6.859e-05;0.151188;0.116259;0.118752;0.000116208;0.194744;
40;16384;16384;measure;scatter;3.26326;2.49614;0.767116;0.113059;0.113714;0.000112329;0.150179;0.135203;0.11223;9.96271e-05;0.142518;
40;16384;16384;measure;scatter;3.20854;2.46147;0.747059;0.108624;0.115673;4.8202e-05;0.151451;0.118411;0.117522;0.000146057;0.135184;
40;16384;16384;measure;scatter;3.23508;2.48378;0.751284;0.110328;0.115199;0.000100265;0.150211;0.114443;0.121584;0.000137195;0.139282;
40;16384;16384;measure;scatter;3.29137;2.47063;0.82073;0.109314;0.117884;0.000114063;0.150881;0.132811;0.117008;0.000100219;0.192617;
40;16384;16384;measure;scatter;3.28366;2.48671;0.796943;0.107654;0.113738;0.00012057;0.148392;0.120909;0.112086;0.000100888;0.193943;
40;16384;16384;measure;scatter;3.2019;2.45799;0.743897;0.109976;0.11853;0.000117203;0.150788;0.117608;0.11307;0.000120125;0.133687;
40;16384;16384;measure;scatter;3.20555;2.46392;0.741612;0.110929;0.115947;7.47868e-05;0.151496;0.113662;0.113629;0.0001504;0.135724;
40;16384;16384;measure;scatter;3.24214;2.49542;0.746707;0.109014;0.116334;9.75269e-05;0.150562;0.114949;0.116672;0.00014222;0.138936;
40;16384;16384;measure;scatter;3.21521;2.46549;0.749712;0.10946;0.116062;5.1114e-05;0.15251;0.117169;0.118881;0.000134616;0.135445;
40;16384;16384;measure;scatter;3.26556;2.491;0.774546;0.109206;0.115093;4.92549e-05;0.149504;0.137955;0.120336;9.07648e-05;0.142311;
40;16384;16384;measure;scatter;3.22042;2.48194;0.738466;0.109408;0.116316;5.4281e-05;0.149684;0.114207;0.1132;0.000151503;0.135445;
40;16384;16384;measure;scatter;3.25022;2.48509;0.765118;0.108214;0.114111;7.11111e-05;0.149467;0.136416;0.115472;0.00104502;0.140324;
40;16384;16384;measure;scatter;3.22835;2.48512;0.743225;0.108666;0.113024;8.2498e-05;0.149334;0.11894;0.11686;0.000121921;0.136197;
40;16384;16384;measure;scatter;3.23588;2.48732;0.748548;0.109352;0.115933;7.39701e-05;0.149674;0.11382;0.116965;0.000143715;0.142585;
40;16384;16384;measure;scatter;3.217;2.46829;0.748698;0.110298;0.113365;5.07059e-05;0.151591;0.116131;0.121077;0.000137433;0.136049;
40;16384;16384;measure;scatter;3.28314;2.48932;0.793815;0.107134;0.114896;7.21959e-05;0.146179;0.113464;0.120937;0.000177306;0.190956;
40;16384;16384;measure;scatter;3.29161;2.47451;0.817093;0.110118;0.118416;0.00010496;0.150325;0.131957;0.115715;0.00010818;0.190348;
40;16384;16384;measure;scatter;3.22029;2.47861;0.74167;0.109285;0.115199;0.000141136;0.150606;0.117536;0.114018;0.000144985;0.134741;
40;16384;16384;measure;scatter;3.29346;2.47662;0.816832;0.10949;0.116284;9.2037e-05;0.150162;0.134773;0.115772;0.000102574;0.190155;
40;16384;16384;measure;scatter;3.24124;2.4652;0.77603;0.108406;0.116018;0.000115234;0.151482;0.136175;0.12025;9.93651e-05;0.143485;
40;16384;16384;measure;scatter;3.21297;2.46337;0.749592;0.111194;0.116456;6.876e-05;0.152214;0.117395;0.113214;0.00012111;0.138929;
40;16384;16384;measure;scatter;3.21125;2.47049;0.740747;0.109093;0.111232;7.47868e-05;0.150476;0.121296;0.113139;0.000128224;0.135306;
40;16384;16384;measure;scatter;3.20605;2.46768;0.738362;0.109132;0.115297;7.62541e-05;0.151556;0.113467;0.113303;0.000125025;0.135406;
40;16384;16384;measure;scatter;3.22824;2.48439;0.743833;0.110758;0.1124;0.000122158;0.149891;0.114631;0.11798;0.000123985;0.137927;
40;16384;16384;measure;scatter;3.19962;2.4637;0.735908;0.108504;0.111751;6.01779e-05;0.147105;0.118196;0.114306;0.000149357;0.135837;
40;16384;16384;measure;scatter;3.19652;2.45808;0.738427;0.10976;0.112318;0.000100425;0.148214;0.119183;0.114387;0.000140331;0.134324;
40;16384;16384;measure;scatter;3.24055;2.48259;0.757951;0.110548;0.115702;8.38409e-05;0.155278;0.118729;0.119814;0.000120231;0.137676;
40;16384;16384;measure;scatter;3.29713;2.47551;0.82161;0.109309;0.11157;7.12711e-05;0.155103;0.137215;0.115945;0.000115675;0.192281;
40;16384;16384;measure;scatter;3.24058;2.49176;0.748806;0.106456;0.115018;5.12959e-05;0.151484;0.116705;0.116318;0.00013731;0.142635;
40;16384;16384;measure;scatter;3.25893;2.45734;0.801581;0.110147;0.112066;0.00011394;0.150824;0.116897;0.117531;0.000150423;0.193851;
40;16384;16384;measure;scatter;3.26498;2.46204;0.802936;0.109246;0.118004;5.2202e-05;0.151013;0.117335;0.116774;0.000143083;0.190368;
40;16384;16384;measure;scatter;3.22923;2.46538;0.763841;0.108606;0.118529;0.000109548;0.149449;0.135417;0.113953;0.000964492;0.136813;
40;16384;16384;measure;scatter;3.21518;2.46347;0.751708;0.109641;0.116427;9.66389e-05;0.151058;0.118672;0.118392;0.000143118;0.137278;
40;16384;16384;measure;scatter;3.27181;2.4698;0.801998;0.10958;0.115799;7.6426e-05;0.150286;0.119304;0.11584;0.000142408;0.19097;
40;16384;16384;measure;scatter;3.22088;2.47627;0.744596;0.107421;0.117678;0.00011384;0.148732;0.119105;0.113829;0.000147313;0.13757;
40;16384;16384;measure;scatter;3.22464;2.47586;0.748759;0.109837;0.115599;8.05291e-05;0.15102;0.12022;0.114871;0.00014979;0.136982;
40;16384;16384;measure;scatter;3.22693;2.48456;0.74236;0.11037;0.11601;9.39129e-05;0.149346;0.112898;0.117593;0.000135117;0.135914;
40;16384;16384;measure;scatter;3.25818;2.48477;0.773392;0.110356;0.11274;7.9375e-05;0.152549;0.140574;0.117268;9.6536e-05;0.139729;
40;16384;16384;measure;scatter;30.7306;3.60349;27.1269;0.0487466;0.452572;9.43416;0.0930766;0.0466677;0.0464427;16.9344;0.0708247;
40;16384;16384;measure;scatter;19.9308;1.60876;18.3221;0.0486371;0.0579569;8.28156;0.0963951;0.043426;0.0486709;9.65454;0.0908806;
40;16384;16384;measure;scatter;20.4076;1.73682;18.6707;0.0432853;0.0594776;6.35549;0.0663284;0.0455795;0.052497;11.9684;0.0796162;
40;16384;16384;measure;scatter;22.6528;1.69875;20.954;0.0413982;0.0556452;10.1104;0.0639496;0.0434346;0.0437052;10.5207;0.0747049;
40;16384;16384;measure;scatter;21.7285;1.60819;20.1203;0.0477344;0.0564185;7.87844;0.0636712;0.036101;0.0522275;11.9022;0.0834794;
40;16384;16384;measure;scatter;25.6302;1.6122;24.0178;0.0401434;0.053586;7.21176;0.0813193;0.0429016;0.0525156;16.4462;0.0893672;
40;16384;16384;measure;scatter;21.0435;1.61878;19.4247;0.0428278;0.0548455;9.24599;0.0814259;0.0413167;0.0413418;9.83084;0.0861337;
40;16384;16384;measure;scatter;26.3028;1.60853;24.694;0.0399979;0.0551949;6.65472;0.0726273;0.0418433;0.0546825;17.6913;0.0836151;
40;16384;16384;measure;scatter;24.6359;1.60905;23.0269;0.0485171;0.0543567;9.75782;0.0810571;0.0390752;0.0439027;12.9189;0.083236;
40;16384;16384;measure;scatter;20.8401;1.6249;19.2152;0.0432675;0.0565112;9.44542;0.0976264;0.042932;0.0438673;9.40167;0.0838906;
40;16384;16384;measure;scatter;20.2752;1.61594;18.6593;0.0561256;0.0594176;6.45025;0.081232;0.0439215;0.0541929;11.8413;0.0728486;
40;16384;16384;measure;scatter;20.2837;1.62568;18.658;0.0408989;0.0536529;8.49474;0.0689503;0.0368874;0.0517143;9.83459;0.0765675;
40;16384;16384;measure;scatter;24.6247;1.6368;22.9876;0.0432485;0.055458;6.69532;0.0661201;0.0448111;0.0534082;15.9538;0.0754644;
40;16384;16384;measure;scatter;20.1877;1.75865;18.4291;0.0424061;0.0557185;6.25756;0.0776539;0.0452423;0.0523676;11.823;0.0751186;
40;16384;16384;measure;scatter;20.6545;1.60788;19.0466;0.0436862;0.0540581;6.43484;0.0730772;0.0425392;0.0555659;12.2804;0.0624823;
40;16384;16384;measure;scatter;31.4427;1.5946;29.8478;0.0422479;0.0623039;13.2232;0.089853;0.0371427;0.0385138;16.2743;0.0801644;
40;16384;16384;measure;scatter;23.1258;1.60811;21.5177;0.0434669;0.0529238;10.0621;0.0732394;0.0427894;0.0440119;11.1151;0.0840719;
40;16384;16384;measure;scatter;24.7535;1.6305;23.1228;0.0429792;0.0572318;8.35452;0.0895264;0.0396001;0.349717;14.0921;0.0971444;
40;16384;16384;measure;scatter;23.6984;1.83073;21.8677;0.0413166;0.0569144;8.95733;0.0688823;0.0505872;0.0437526;12.5596;0.0893057;
40;16384;16384;measure;scatter;19.4324;1.62923;17.8032;0.0439833;0.0549912;6.44298;0.0777877;0.0411886;0.0577991;11.0011;0.0833652;
40;16384;16384;measure;scatter;26.8025;1.76066;25.0415;0.039292;0.0588619;9.38717;0.0641661;0.0503932;0.044262;15.3198;0.0775676;
40;16384;16384;measure;scatter;21.9434;1.63047;20.3129;0.0432907;0.0551038;9.15988;0.110373;0.0393483;0.0461635;10.7826;0.0762145;
40;16384;16384;measure;scatter;25.3138;1.59562;23.7182;0.0432207;0.0551908;12.1758;0.0633724;0.0388705;0.0437184;11.2141;0.0838367;
40;16384;16384;measure;scatter;26.1696;1.63133;24.538;0.0435538;0.0555303;8.56929;0.0735694;0.0358858;0.0518771;15.63;0.0783099;
40;16384;16384;measure;scatter;24.1656;1.60368;22.5619;0.0428375;0.053503;8.64118;0.0659766;0.0408693;0.0520808;13.5858;0.0795891;
40;16384;16384;measure;scatter;25.4539;2.07287;23.3806;0.0418174;0.0561871;8.66708;0.0777685;0.0420893;0.0475403;14.3671;0.0810285;
40;16384;16384;measure;scatter;28.1115;1.9049;26.2062;0.0421435;0.0535681;9.6243;0.0848764;0.0441676;0.0438603;16.2415;0.0718432;
40;16384;16384;measure;scatter;23.4029;1.61159;21.7913;0.0425011;0.055633;6.48542;0.0689027;0.0419022;0.0528407;14.9594;0.0846767;
40;16384;16384;measure;scatter;20.6731;1.61687;19.0562;0.0461019;0.0524338;7.18146;0.0776039;0.0366475;0.0512576;11.5272;0.0835869;
40;16384;16384;measure;scatter;21.7557;1.62166;20.134;0.0478877;0.056643;6.23459;0.0702812;0.0426408;0.0533297;13.5487;0.079972;
40;16384;16384;measure;scatter;23.9937;1.60123;22.3924;0.0431966;0.0562862;6.58023;0.0616926;0.0421933;0.0511247;15.478;0.0796674;
40;16384;16384;measure;scatter;22.2944;2.93878;19.3556;0.0457816;0.590138;6.66108;0.0772081;0.039517;0.0450186;11.8334;0.0634195;
40;16384;16384;measure;scatter;24.2718;1.60895;22.6628;0.0412801;0.0547358;8.86465;0.0699387;0.0427449;0.0474293;13.4524;0.0896674;
40;16384;16384;measure;scatter;23.2457;1.60904;21.6366;0.0541816;0.0618138;4.46343;0.0960064;0.0635264;0.0608221;16.7577;0.0791405;
40;16384;16384;measure;scatter;25.1839;1.62083;23.5627;0.0431525;0.0598311;9.245;0.0972772;0.0588289;0.04719;13.933;0.0784045;
40;16384;16384;measure;scatter;28.0362;1.70468;26.3314;0.0561396;0.0597877;9.6207;0.0809186;0.0400761;0.0438945;16.3275;0.102402;
40;16384;16384;measure;scatter;20.4598;1.73819;18.7216;0.0422576;0.0572266;8.82421;0.0799466;0.0420639;0.0435695;9.54408;0.0882904;
40;16384;16384;measure;scatter;25.3279;1.73687;23.591;0.0422306;0.0576566;9.34314;0.0745965;0.0433076;0.0458496;13.9037;0.0805102;
40;16384;16384;measure;scatter;20.1403;1.63112;18.5092;0.0558392;0.0599869;6.07591;0.0638396;0.0429135;0.0513768;12.0489;0.110435;
40;16384;16384;measure;scatter;21.1176;1.66107;19.4565;0.0432634;0.0598203;9.21172;0.0646489;0.0427555;0.0453376;9.88458;0.104381;
40;16384;16384;measure;scatter;20.5266;1.61816;18.9084;0.0427525;0.0557438;4.83133;0.0659209;0.039391;0.0536129;13.7467;0.072939;
40;16384;16384;measure;scatter;20.7261;1.6066;19.1195;0.0422668;0.0558212;8.93699;0.0668469;0.0439543;0.040929;9.8656;0.0670854;
40;16384;16384;measure;scatter;20.563;1.62358;18.9394;0.0431285;0.0561891;9.0025;0.078564;0.0501136;0.0458854;9.58866;0.074369;
40;16384;16384;measure;scatter;23.318;1.61713;21.7008;0.0421822;0.056086;6.80149;0.0806558;0.03954;0.0529922;14.55;0.0778662;
40;16384;16384;measure;scatter;28.5897;1.60992;26.9797;0.042745;0.054899;9.7489;0.0798144;0.0506674;0.0464858;16.8945;0.0617128;
40;16384;16384;measure;scatter;24.6203;1.61503;23.0052;0.0423934;0.0534916;9.22711;0.0924911;0.0415852;0.0438585;13.4104;0.0939056;
40;16384;16384;measure;scatter;20.6923;1.61749;19.0748;0.0409245;0.057892;6.71759;0.0628551;0.0434454;0.053386;12.0194;0.0792591;
40;16384;16384;measure;scatter;23.5438;2.51407;21.0297;0.0411794;0.0595648;10.0651;0.0672897;0.0451157;0.0471823;10.6354;0.0687957;
40;16384;16384;measure;scatter;18.94;1.6109;17.3291;0.0443265;0.0553542;6.82046;0.0786489;0.0382523;0.0571827;10.1679;0.0669859;
40;16384;16384;measure;scatter;24.5994;1.62543;22.9739;0.0423273;0.0515668;9.42888;0.0677124;0.0406421;0.0420129;13.2219;0.0789117;
40;16384;16384;measure;scatter;15.5303;1.33402;14.1963;0.028439;0.0303712;5.34589;0.0721374;0.0239018;0.023507;8.57634;0.0956745;
40;16384;16384;measure;scatter;11.9988;1.30931;10.6895;0.0275657;0.0295578;3.90188;0.0680797;0.0149711;0.0268554;6.52188;0.0986998;
40;16384;16384;measure;scatter;9.79201;1.26135;8.53065;0.025879;0.0277053;4.8957;0.0766536;0.0219052;0.0275751;3.36427;0.0909702;
40;16384;16384;measure;scatter;10.757;1.263;9.49403;0.0290423;0.0316365;2.26852;0.0882288;0.0302462;0.0285518;6.9117;0.106106;
40;16384;16384;measure;scatter;10.6506;1.79755;8.85299;0.382401;1.23513;2.96604;0.0772805;0.0214482;0.0315891;4.07467;0.0644283;
40;16384;16384;measure;scatter;9.80141;1.29227;8.50912;0.0297935;0.0300925;2.39737;0.0657078;0.022083;0.0261823;5.84559;0.0923074;
40;16384;16384;measure;scatter;12.4344;1.25835;11.1761;0.0293287;0.0290773;6.00434;0.0691255;0.0212713;0.0318844;4.90262;0.088404;
40;16384;16384;measure;scatter;9.45727;1.25824;8.19902;0.0289358;0.0281378;4.59018;0.0648631;0.0191002;0.0292507;3.35205;0.0865091;
40;16384;16384;measure;scatter;12.7672;1.25749;11.5097;0.0285016;0.0284454;5.64539;0.069732;0.0237356;0.0210795;5.60322;0.0896183;
40;16384;16384;measure;scatter;9.45445;1.2549;8.19954;0.0289269;0.0293314;5.09865;0.0710401;0.0196012;0.0245651;2.83066;0.096772;
40;16384;16384;measure;scatter;9.95065;1.26197;8.68867;0.0285806;0.0284918;5.60135;0.0709297;0.0188697;0.0262012;2.82105;0.0932019;
40;16384;16384;measure;scatter;9.40497;1.50338;7.90158;0.0242993;0.133463;4.69695;0.0716564;0.0227157;0.0220506;2.87483;0.0556106;
40;16384;16384;measure;scatter;9.70959;1.26254;8.44705;0.027672;0.0277945;4.81711;0.0649826;0.0186355;0.0256035;3.37532;0.0899238;
40;16384;16384;measure;scatter;9.78674;1.263;8.52373;0.026958;0.0291457;5.53081;0.0718369;0.0236265;0.0388653;2.71445;0.0880428;
40;16384;16384;measure;scatter;9.53928;1.25781;8.28146;0.0275531;0.0291839;5.85037;0.0731918;0.0226014;0.0301812;2.14914;0.0992301;
40;16384;16384;measure;scatter;12.1685;1.25338;10.9151;0.0243505;0.0246953;6.07124;0.0621526;0.021823;0.0192786;4.63136;0.0602332;
40;16384;16384;measure;scatter;16.678;1.25298;15.425;0.0288775;0.0285019;7.89584;0.0961063;0.0230046;0.020222;7.25423;0.0782167;
40;16384;16384;measure;scatter;9.89536;1.27159;8.62376;0.0280411;0.0281207;3.18844;0.0625341;0.0204;0.0257387;5.18048;0.090013;
40;16384;16384;measure;scatter;9.08983;1.27008;7.81974;0.0297872;0.0288653;3.65328;0.0616224;0.0193941;0.0247739;3.90252;0.0994938;
40;16384;16384;measure;scatter;11.4112;1.26634;10.1449;0.0285034;0.0296867;5.219;0.0782408;0.0197986;0.0291162;4.63941;0.101109;
40;16384;16384;measure;scatter;10.0509;1.25908;8.79182;0.0284572;0.0296084;4.86834;0.0669444;0.0185468;0.0279635;3.6643;0.0876614;
40;16384;16384;measure;scatter;11.0483;1.47037;9.57792;0.128634;0.0266329;2.11103;0.0770664;0.0189554;0.0261574;7.12755;0.0618958;
40;16384;16384;measure;scatter;13.3217;1.31479;12.0069;0.0299277;0.0276826;5.84783;0.0761517;0.0250563;0.0222674;5.88345;0.0944969;
40;16384;16384;measure;scatter;9.75374;1.31129;8.44244;0.0282986;0.0298;5.17307;0.0683756;0.0212225;0.0223983;3.00771;0.0915687;
40;16384;16384;measure;scatter;12.1006;1.35371;10.7468;0.0230159;0.0246324;5.48642;0.0637436;0.0222026;0.0201667;5.03091;0.0757398;
40;16384;16384;measure;scatter;13.1944;1.26292;11.9315;0.0257558;0.0281545;5.94345;0.0625077;0.0203973;0.0303584;5.7514;0.0694482;
40;16384;16384;measure;scatter;16.9766;1.2703;15.7062;0.0290426;0.0278772;8.78567;0.0779176;0.0217065;0.0457857;6.62047;0.097739;
40;16384;16384;measure;scatter;14.6934;1.25501;13.4384;0.0275428;0.0294923;6.4539;0.0764849;0.0218936;0.0309094;6.70515;0.0930246;
40;16384;16384;measure;scatter;16.4535;1.27295;15.1806;0.0248821;0.0249393;7.70922;0.0879155;0.024568;0.0220449;7.22071;0.0662931;
40;16384;16384;measure;scatter;11.3303;1.25135;10.079;0.0290608;0.0305913;2.90359;0.085044;0.0282688;0.0257618;6.89213;0.0845115;
40;16384;16384;measure;scatter;11.4273;1.26136;10.1659;0.0267277;0.0280459;5.4523;0.101038;0.0205499;0.0219477;4.43226;0.083056;
40;16384;16384;measure;scatter;10.0606;1.25676;8.80382;0.0288571;0.028318;5.58064;0.0711424;0.024445;0.0218946;2.94828;0.100243;
40;16384;16384;measure;scatter;14.6198;1.26059;13.3592;0.028085;0.0283082;8.01624;0.0636373;0.0186022;0.019196;5.09116;0.0939769;
40;16384;16384;measure;scatter;9.90277;1.25947;8.64329;0.0289027;0.0300532;5.43352;0.0667917;0.0197054;0.0294367;2.93618;0.0987111;
40;16384;16384;measure;scatter;12.195;1.26298;10.932;0.0291636;0.0285842;4.53159;0.0735783;0.0209166;0.024117;6.1347;0.0893211;
40;16384;16384;measure;scatter;8.23151;1.39109;6.84041;0.0273522;0.12575;2.37701;0.0680308;0.0187035;0.026418;4.1367;0.0604558;
40;16384;16384;measure;scatter;9.56556;1.43238;8.13317;0.0255756;0.159392;2.02514;0.0622748;0.0252749;0.0267731;5.73088;0.07785;
40;16384;16384;measure;scatter;9.77377;1.43066;8.3431;0.0249954;0.130884;4.13461;0.0755876;0.020136;0.0265288;3.871;0.0593593;
40;16384;16384;measure;scatter;12.0626;1.26577;10.7969;0.0245687;0.0263648;1.97549;0.074543;0.0212854;0.0250905;8.57928;0.070242;
40;16384;16384;measure;scatter;9.71721;1.2619;8.45531;0.027684;0.0295664;5.46337;0.0686206;0.0212873;0.0209365;2.72998;0.0938583;
40;16384;16384;measure;scatter;10.7964;1.46266;9.33369;0.129268;0.0271627;1.93697;0.0753825;0.0226422;0.0278568;7.0531;0.0613109;
40;16384;16384;measure;scatter;13.6273;1.25649;12.3708;0.0286697;0.0286197;6.31745;0.0744456;0.0213471;0.0301309;5.78222;0.0879124;
40;16384;16384;measure;scatter;11.1272;1.26892;9.85824;0.0298586;0.0279836;5.46486;0.072772;0.0247065;0.0292141;4.12288;0.0859625;
40;16384;16384;measure;scatter;10.4022;1.26616;9.13599;0.0282136;0.0292926;4.58027;0.0855931;0.019425;0.0245033;4.28026;0.0884301;
40;16384;16384;measure;scatter;9.53281;1.25466;8.27814;0.02614;0.0277969;2.51433;0.0816066;0.0212295;0.0251998;5.47883;0.103007;
40;16384;16384;measure;scatter;11.7005;1.31183;10.3886;0.0273787;0.0311903;6.2802;0.0763812;0.0220439;0.0213735;3.83406;0.0959786;
40;16384;16384;measure;scatter;9.06209;1.32477;7.73731;0.0286332;0.0279566;3.37721;0.0749803;0.0208677;0.0235663;4.09406;0.0900332;
40;16384;16384;measure;scatter;9.36157;1.42498;7.93658;0.0339104;0.640174;3.94279;0.103755;0.0219576;0.0830449;3.0533;0.0576439;
40;16384;16384;measure;scatter;13.2692;1.26536;12.0039;0.0282082;0.0286687;6.28428;0.0724195;0.0221637;0.0224172;5.44695;0.0987546;
40;16384;16384;measure;scatter;10.6644;1.27723;9.38712;0.0283143;0.0302987;3.31694;0.08238;0.0214678;0.0242829;5.79233;0.0911088;
40;16384;16384;measure;scatter;7.48745;1.08794;6.39949;0.0166287;0.0125182;3.17472;0.0437217;0.012529;0.0235775;3.08153;0.0342665;
40;16384;16384;measure;scatter;8.30337;1.0968;7.20656;0.0168502;0.0133647;4.72125;0.0457881;0.012261;0.0221669;2.3398;0.0350711;
40;16384;16384;measure;scatter;11.2393;1.65674;9.58251;0.185988;2.61881;0.270159;0.0465286;0.0118703;0.0293425;6.38897;0.030839;
40;16384;16384;measure;scatter;7.85663;1.34495;6.51168;0.0814074;0.0128836;2.75588;0.0397734;0.0112473;0.024243;3.54729;0.0389498;
40;16384;16384;measure;scatter;7.25426;1.42977;5.82449;0.0811989;1.40445;0.0572474;0.103818;0.0109036;0.0223576;4.10636;0.0381538;
40;16384;16384;measure;scatter;7.86807;1.08833;6.77973;0.0130302;0.0122729;3.36266;0.0424703;0.0124978;0.0309026;3.26886;0.0370266;
40;16384;16384;measure;scatter;8.42176;1.09361;7.32814;0.0155274;0.0123494;3.40865;0.0389135;0.0107827;0.0259315;3.78304;0.0329444;
40;16384;16384;measure;scatter;7.66511;1.08726;6.57784;0.0116145;0.0117329;3.18862;0.0436281;0.0113069;0.0139669;3.26421;0.0327577;
40;16384;16384;measure;scatter;8.79276;1.46622;7.32653;0.0854303;1.43564;2.3222;0.0576758;0.0122639;0.0292846;3.35252;0.031509;
40;16384;16384;measure;scatter;12.7578;1.16135;11.5964;0.154852;0.0937342;5.70815;0.0519169;0.0125669;0.0286427;5.51561;0.0309763;
40;16384;16384;measure;scatter;8.32859;1.09155;7.23704;0.0118654;0.0125839;3.73;0.0410119;0.0108816;0.0593083;3.33766;0.0337243;
40;16384;16384;measure;scatter;7.06029;1.07194;5.98834;0.0142289;0.0115536;3.2654;0.0408072;0.0118544;0.0157473;2.59537;0.0333793;
40;16384;16384;measure;scatter;8.28533;1.07224;7.21308;0.0182061;0.0118059;3.70306;0.041241;0.0128794;0.0201053;3.36752;0.0382724;
40;16384;16384;measure;scatter;12.5774;1.43774;11.1396;0.176229;0.0126155;5.79563;0.195537;0.0173207;0.031227;4.8762;0.034887;
40;16384;16384;measure;scatter;9.84743;1.48363;8.36379;0.137864;1.4615;2.31876;0.0466587;0.0120407;0.0228408;4.32786;0.0362635;
40;16384;16384;measure;scatter;7.53449;1.06642;6.46806;0.013539;0.0118041;3.81384;0.0445172;0.0114436;0.0176887;2.52016;0.0350715;
40;16384;16384;measure;scatter;9.22191;1.09019;8.13171;0.0146516;0.0126044;4.29305;0.0497308;0.0123502;0.0220424;3.69084;0.0364421;
40;16384;16384;measure;scatter;7.82196;1.06819;6.75375;0.0142438;0.0133218;3.04536;0.0380495;0.0122661;0.0207371;3.57648;0.0332875;
40;16384;16384;measure;scatter;7.63034;1.06846;6.56187;0.0125559;0.0126894;3.18778;0.0424208;0.010218;0.0186169;3.24393;0.033655;
40;16384;16384;measure;scatter;8.77143;1.07486;7.69656;0.0138259;0.0125418;4.24782;0.0510687;0.0117758;0.0223952;3.30421;0.032921;
40;16384;16384;measure;scatter;13.1548;1.10195;12.0529;0.0153085;0.12904;6.37325;0.0428093;0.0119914;0.0274597;5.40722;0.0457941;
40;16384;16384;measure;scatter;7.46582;1.08907;6.37674;0.0129985;0.0117542;2.5206;0.0436011;0.0151085;0.0270881;3.71163;0.0339597;
40;16384;16384;measure;scatter;8.66852;1.44113;7.22738;0.0780765;0.0763569;3.19861;0.0457753;0.0119084;0.0144034;3.76784;0.0344075;
40;16384;16384;measure;scatter;9.36921;1.0875;8.28169;0.0770969;0.0821737;3.74979;0.0444313;0.012461;0.0293558;4.24755;0.038837;
40;16384;16384;measure;scatter;8.69076;1.42263;7.26812;0.0814498;0.011668;3.21338;0.0434147;0.0115067;0.0223345;3.84644;0.0379207;
40;16384;16384;measure;scatter;11.2415;1.07912;10.1623;0.0138475;0.0122152;5.31409;0.392268;0.131346;0.0198381;4.24846;0.0302779;
40;16384;16384;measure;scatter;9.04754;1.07222;7.97531;0.0128659;0.0126697;4.15809;0.0390677;0.0127764;0.0209113;3.68855;0.0303799;
40;16384;16384;measure;scatter;8.02554;1.06787;6.95766;0.0161057;0.0122536;4.16629;0.0497192;0.0131354;0.0158796;2.65377;0.0305173;
40;16384;16384;measure;scatter;8.43251;1.09196;7.34054;0.0155656;0.067787;3.8497;0.0482878;0.0135627;0.0219104;3.28529;0.038436;
40;16384;16384;measure;scatter;8.17852;1.08647;7.09204;0.0138784;0.0123655;3.65678;0.0411337;0.0113595;0.0331579;3.28225;0.0411164;
40;16384;16384;measure;scatter;8.40617;1.06796;7.3382;0.0145253;0.0125996;3.64247;0.044927;0.0117176;0.0201069;3.55817;0.0336818;
40;16384;16384;measure;scatter;6.57825;1.08748;5.49076;0.0130729;0.0120378;2.53885;0.0493653;0.0120745;0.0170915;2.81433;0.0339397;
40;16384;16384;measure;scatter;8.93489;1.15412;7.78076;0.0736891;0.026488;3.83232;0.0465536;0.0585763;0.0289357;3.68067;0.0335305;
40;16384;16384;measure;scatter;9.49332;1.06954;8.42377;0.0131108;0.0125976;4.4417;0.0530356;0.0134788;0.0210903;3.83535;0.0334003;
40;16384;16384;measure;scatter;9.69541;1.07182;8.62358;0.0130885;0.0122712;4.13909;0.0460421;0.0131521;0.0324915;4.33374;0.0337052;
40;16384;16384;measure;scatter;8.47096;1.13677;7.33418;0.016943;0.067396;4.26896;0.0511739;0.0109029;0.0248291;2.85214;0.0418365;
40;16384;16384;measure;scatter;9.11177;1.08175;8.03001;0.0137686;0.0130274;3.59627;0.0472128;0.0117252;0.0277571;4.2849;0.0353477;
40;16384;16384;measure;scatter;10.5326;1.4338;9.09881;0.079497;0.0120834;4.15376;0.038153;0.012011;0.019488;4.75008;0.0337427;
40;16384;16384;measure;scatter;10.6958;1.67403;9.02178;0.155572;2.47589;1.90155;0.0502778;0.0142175;0.0225398;4.36896;0.0327792;
40;16384;16384;measure;scatter;7.85975;1.09236;6.76738;0.0150122;0.0667728;2.97146;0.0454137;0.0116909;0.0213883;3.6015;0.0341419;
40;16384;16384;measure;scatter;8.13698;1.13873;6.99824;0.0749701;0.0357714;3.33679;0.0465919;0.0114845;0.0335827;3.4211;0.0379449;
40;16384;16384;measure;scatter;6.70091;1.08687;5.61403;0.0149121;0.072626;1.98598;0.0469126;0.010272;0.0147172;3.4346;0.0340048;
40;16384;16384;measure;scatter;7.92602;1.08257;6.84344;0.0130001;0.0118903;3.43393;0.0419025;0.0122118;0.0155822;3.28528;0.0296388;
40;16384;16384;measure;scatter;8.42942;1.07058;7.35883;0.0133711;0.0116414;3.8648;0.0407482;0.01366;0.0193513;3.36066;0.0345972;
40;16384;16384;measure;scatter;9.52687;1.08668;8.44018;0.0130613;0.0125727;4.868;0.047202;0.0109876;0.0264493;3.42652;0.0353924;
40;16384;16384;measure;scatter;7.13545;1.07456;6.06088;0.0126938;0.0124836;3.03036;0.0416547;0.00980872;0.0187528;2.90477;0.0303559;
40;16384;16384;measure;scatter;12.4351;1.57541;10.8596;0.161093;3.02738;3.11842;0.0496605;0.044276;0.020049;4.40335;0.0354303;
40;16384;16384;measure;scatter;8.78305;1.09544;7.6876;0.0131302;0.0133482;4.0774;0.0398188;0.0122036;0.0276961;3.47034;0.0336693;
40;16384;16384;measure;scatter;9.30129;1.07143;8.22985;0.0127265;0.0118809;3.81181;0.0501695;0.0131078;0.0208938;4.27339;0.0358767;
40;16384;16384;measure;scatter;8.06024;1.07079;6.98944;0.0133969;0.0116128;3.17681;0.038292;0.0118596;0.0148976;3.68842;0.0341596;