n_threads;n_x;n_y;plan;planning;fftw_2d_r2c;plan_flops;
1;16384;16384;estimate;0.00951358;70.1949;1.27229e+10;
1;16384;16384;estimate;0.00954921;70.2308;1.27229e+10;
1;16384;16384;estimate;0.00919407;69.8033;1.27229e+10;
1;16384;16384;estimate;0.00956355;70.3499;1.27229e+10;
1;16384;16384;estimate;0.00942367;70.2835;1.27229e+10;
1;16384;16384;estimate;0.00959193;69.8191;1.27229e+10;
1;16384;16384;estimate;0.00929843;69.9807;1.27229e+10;
1;16384;16384;estimate;0.00965705;70.3628;1.27229e+10;
1;16384;16384;estimate;0.00973599;69.3804;1.27229e+10;
1;16384;16384;estimate;0.00960051;71.3763;1.27229e+10;
1;16384;16384;estimate;0.00953555;70.5889;1.27229e+10;
1;16384;16384;estimate;0.00962788;70.5814;1.27229e+10;
1;16384;16384;estimate;0.00952007;70.0558;1.27229e+10;
1;16384;16384;estimate;0.00946809;69.5345;1.27229e+10;
1;16384;16384;estimate;0.00960067;70.7748;1.27229e+10;
1;16384;16384;estimate;0.00969231;70.6573;1.27229e+10;
1;16384;16384;estimate;0.00952309;70.5998;1.27229e+10;
1;16384;16384;estimate;0.00941663;69.5622;1.27229e+10;
1;16384;16384;estimate;0.00962509;69.7717;1.27229e+10;
1;16384;16384;estimate;0.00972027;70.5385;1.27229e+10;
1;16384;16384;estimate;0.00926051;70.6423;1.27229e+10;
1;16384;16384;estimate;0.00957897;70.2147;1.27229e+10;
1;16384;16384;estimate;0.00954741;70.7171;1.27229e+10;
1;16384;16384;estimate;0.00957531;70.2311;1.27229e+10;
1;16384;16384;estimate;0.00953095;70.7316;1.27229e+10;
1;16384;16384;estimate;0.00965997;69.8556;1.27229e+10;
1;16384;16384;estimate;0.0097208;70.0107;1.27229e+10;
1;16384;16384;estimate;0.00947503;70.3721;1.27229e+10;
1;16384;16384;estimate;0.00939701;70.9141;1.27229e+10;
1;16384;16384;estimate;0.00956687;70.6205;1.27229e+10;
1;16384;16384;estimate;0.00959639;70.7944;1.27229e+10;
1;16384;16384;estimate;0.00956431;70.6692;1.27229e+10;
1;16384;16384;estimate;0.00931303;70.6543;1.27229e+10;
1;16384;16384;estimate;0.00947229;70.7208;1.27229e+10;
1;16384;16384;estimate;0.00951199;70.4201;1.27229e+10;
1;16384;16384;estimate;0.00972209;70.1335;1.27229e+10;
1;16384;16384;estimate;0.00947595;69.8693;1.27229e+10;
1;16384;16384;estimate;0.00992617;70.5896;1.27229e+10;
1;16384;16384;estimate;0.00967551;70.3982;1.27229e+10;
1;16384;16384;estimate;0.00972852;70.5526;1.27229e+10;
1;16384;16384;estimate;0.0096306;70.5078;1.27229e+10;
1;16384;16384;estimate;0.00962246;70.2396;1.27229e+10;
1;16384;16384;estimate;0.00955085;69.9381;1.27229e+10;
1;16384;16384;estimate;0.00933731;70.3717;1.27229e+10;
1;16384;16384;estimate;0.00943959;70.3658;1.27229e+10;
1;16384;16384;estimate;0.00962125;70.2804;1.27229e+10;
1;16384;16384;estimate;0.00949755;70.3677;1.27229e+10;
1;16384;16384;estimate;0.00938219;70.2639;1.27229e+10;
1;16384;16384;estimate;0.00961069;70.3617;1.27229e+10;
1;16384;16384;estimate;0.00945751;70.4783;1.27229e+10;
2;16384;16384;estimate;0.0105922;48.3957;1.27229e+10;
2;16384;16384;estimate;0.0102864;48.7879;1.27229e+10;
2;16384;16384;estimate;0.0102714;48.6798;1.27229e+10;
2;16384;16384;estimate;0.00995051;48.6235;1.27229e+10;
2;16384;16384;estimate;0.0103724;48.6379;1.27229e+10;
2;16384;16384;estimate;0.0102425;48.5733;1.27229e+10;
2;16384;16384;estimate;0.0101913;48.4181;1.27229e+10;
2;16384;16384;estimate;0.0105908;48.6344;1.27229e+10;
2;16384;16384;estimate;0.0105048;48.8502;1.27229e+10;
2;16384;16384;estimate;0.0103687;48.7834;1.27229e+10;
2;16384;16384;estimate;0.00995459;48.7884;1.27229e+10;
2;16384;16384;estimate;0.00985461;48.7254;1.27229e+10;
2;16384;16384;estimate;0.0104226;48.7117;1.27229e+10;
2;16384;16384;estimate;0.0105609;48.5646;1.27229e+10;
2;16384;16384;estimate;0.0103403;48.5141;1.27229e+10;
2;16384;16384;estimate;0.0104728;48.7089;1.27229e+10;
2;16384;16384;estimate;0.0100175;48.5434;1.27229e+10;
2;16384;16384;estimate;0.010369;48.6365;1.27229e+10;
2;16384;16384;estimate;0.0104356;49.0338;1.27229e+10;
2;16384;16384;estimate;0.0102937;48.7328;1.27229e+10;
2;16384;16384;estimate;0.0103993;48.6725;1.27229e+10;
2;16384;16384;estimate;0.0105155;48.9285;1.27229e+10;
2;16384;16384;estimate;0.0102035;48.4572;1.27229e+10;
2;16384;16384;estimate;0.0101983;48.4474;1.27229e+10;
2;16384;16384;estimate;0.0103253;48.5481;1.27229e+10;
2;16384;16384;estimate;0.0104148;48.7588;1.27229e+10;
2;16384;16384;estimate;0.0101782;48.5004;1.27229e+10;
2;16384;16384;estimate;0.0100657;48.7245;1.27229e+10;
2;16384;16384;estimate;0.0102846;48.7655;1.27229e+10;
2;16384;16384;estimate;0.00998565;48.7079;1.27229e+10;
2;16384;16384;estimate;0.0103316;48.6589;1.27229e+10;
2;16384;16384;estimate;0.0102802;48.6753;1.27229e+10;
2;16384;16384;estimate;0.0103861;48.4841;1.27229e+10;
2;16384;16384;estimate;0.00988833;48.7889;1.27229e+10;
2;16384;16384;estimate;0.0104522;48.6563;1.27229e+10;
2;16384;16384;estimate;0.0102963;48.7756;1.27229e+10;
2;16384;16384;estimate;0.0100993;48.5934;1.27229e+10;
2;16384;16384;estimate;0.0102914;48.5157;1.27229e+10;
2;16384;16384;estimate;0.0102413;48.6173;1.27229e+10;
2;16384;16384;estimate;0.0100473;48.7338;1.27229e+10;
2;16384;16384;estimate;0.0103982;48.7128;1.27229e+10;
2;16384;16384;estimate;0.0103698;48.4131;1.27229e+10;
2;16384;16384;estimate;0.0102373;48.6394;1.27229e+10;
2;16384;16384;estimate;0.0106978;48.5747;1.27229e+10;
2;16384;16384;estimate;0.010762;48.7433;1.27229e+10;
2;16384;16384;estimate;0.0104979;48.687;1.27229e+10;
2;16384;16384;estimate;0.0104106;48.5562;1.27229e+10;
2;16384;16384;estimate;0.0104643;48.5861;1.27229e+10;
2;16384;16384;estimate;0.0105724;48.2645;1.27229e+10;
2;16384;16384;estimate;0.0102513;48.5213;1.27229e+10;
4;16384;16384;estimate;0.0126601;26.1963;1.27229e+10;
4;16384;16384;estimate;0.0127879;26.2735;1.27229e+10;
4;16384;16384;estimate;0.0127272;26.4737;1.27229e+10;
4;16384;16384;estimate;0.0128704;26.3235;1.27229e+10;
4;16384;16384;estimate;0.0129686;26.3801;1.27229e+10;
4;16384;16384;estimate;0.0126231;26.191;1.27229e+10;
4;16384;16384;estimate;0.0123719;26.3007;1.27229e+10;
4;16384;16384;estimate;0.012473;26.3592;1.27229e+10;
4;16384;16384;estimate;0.012776;26.293;1.27229e+10;
4;16384;16384;estimate;0.0123431;26.4999;1.27229e+10;
4;16384;16384;estimate;0.0127069;26.5616;1.27229e+10;
4;16384;16384;estimate;0.0130082;26.2077;1.27229e+10;
4;16384;16384;estimate;0.0127493;26.2269;1.27229e+10;
4;16384;16384;estimate;0.0123194;26.3101;1.27229e+10;
4;16384;16384;estimate;0.0128611;26.3466;1.27229e+10;
4;16384;16384;estimate;0.012264;26.4148;1.27229e+10;
4;16384;16384;estimate;0.0128116;26.3559;1.27229e+10;
4;16384;16384;estimate;0.0126685;26.2138;1.27229e+10;
4;16384;16384;estimate;0.0126423;26.2986;1.27229e+10;
4;16384;16384;estimate;0.0128039;26.3042;1.27229e+10;
4;16384;16384;estimate;0.0127691;26.2909;1.27229e+10;
4;16384;16384;estimate;0.0127318;26.2593;1.27229e+10;
4;16384;16384;estimate;0.012713;26.3375;1.27229e+10;
4;16384;16384;estimate;0.0127291;26.4148;1.27229e+10;
4;16384;16384;estimate;0.0127831;26.3362;1.27229e+10;
4;16384;16384;estimate;0.0126822;26.285;1.27229e+10;
4;16384;16384;estimate;0.0126551;26.2761;1.27229e+10;
4;16384;16384;estimate;0.0126337;26.4877;1.27229e+10;
4;16384;16384;estimate;0.0125637;26.4791;1.27229e+10;
4;16384;16384;estimate;0.0130575;26.3276;1.27229e+10;
4;16384;16384;estimate;0.0126907;26.4472;1.27229e+10;
4;16384;16384;estimate;0.0127502;26.1324;1.27229e+10;
4;16384;16384;estimate;0.0128478;26.3647;1.27229e+10;
4;16384;16384;estimate;0.0129619;26.2732;1.27229e+10;
4;16384;16384;estimate;0.0127454;26.3677;1.27229e+10;
4;16384;16384;estimate;0.0128702;26.4176;1.27229e+10;
4;16384;16384;estimate;0.0134088;26.318;1.27229e+10;
4;16384;16384;estimate;0.0127994;26.2619;1.27229e+10;
4;16384;16384;estimate;0.0127757;26.3494;1.27229e+10;
4;16384;16384;estimate;0.0128172;26.378;1.27229e+10;
4;16384;16384;estimate;0.0126835;26.4043;1.27229e+10;
4;16384;16384;estimate;0.0129375;26.3088;1.27229e+10;
4;16384;16384;estimate;0.0127735;26.2609;1.27229e+10;
4;16384;16384;estimate;0.0127919;26.3856;1.27229e+10;
4;16384;16384;estimate;0.0126554;26.5283;1.27229e+10;
4;16384;16384;estimate;0.0123488;26.4055;1.27229e+10;
4;16384;16384;estimate;0.0126701;26.3035;1.27229e+10;
4;16384;16384;estimate;0.0127644;26.3406;1.27229e+10;
4;16384;16384;estimate;0.01264;26.3825;1.27229e+10;
4;16384;16384;estimate;0.0126465;26.3387;1.27229e+10;
8;16384;16384;estimate;0.0148777;10.9901;1.27229e+10;
8;16384;16384;estimate;0.0150458;10.8719;1.27229e+10;
8;16384;16384;estimate;0.0148246;11.0231;1.27229e+10;
8;16384;16384;estimate;0.0147192;10.5907;1.27229e+10;
8;16384;16384;estimate;0.0145665;10.8274;1.27229e+10;
8;16384;16384;estimate;0.0148152;10.8433;1.27229e+10;
8;16384;16384;estimate;0.0147406;10.7629;1.27229e+10;
8;16384;16384;estimate;0.0146392;10.989;1.27229e+10;
8;16384;16384;estimate;0.014779;10.8896;1.27229e+10;
8;16384;16384;estimate;0.0144869;10.8932;1.27229e+10;
8;16384;16384;estimate;0.014871;10.7547;1.27229e+10;
8;16384;16384;estimate;0.0147585;11.009;1.27229e+10;
8;16384;16384;estimate;0.0144366;10.8754;1.27229e+10;
8;16384;16384;estimate;0.0146227;10.6093;1.27229e+10;
8;16384;16384;estimate;0.0147006;10.9068;1.27229e+10;
8;16384;16384;estimate;0.014523;10.8555;1.27229e+10;
8;16384;16384;estimate;0.0147799;10.7346;1.27229e+10;
8;16384;16384;estimate;0.014634;10.9316;1.27229e+10;
8;16384;16384;estimate;0.0149714;10.9314;1.27229e+10;
8;16384;16384;estimate;0.0148798;10.8473;1.27229e+10;
8;16384;16384;estimate;0.0146972;10.9944;1.27229e+10;
8;16384;16384;estimate;0.0151065;10.8013;1.27229e+10;
8;16384;16384;estimate;0.0149169;10.8819;1.27229e+10;
8;16384;16384;estimate;0.0148217;10.8037;1.27229e+10;
8;16384;16384;estimate;0.0147318;10.7789;1.27229e+10;
8;16384;16384;estimate;0.0147167;10.8769;1.27229e+10;
8;16384;16384;estimate;0.0149696;10.9552;1.27229e+10;
8;16384;16384;estimate;0.0146259;10.7694;1.27229e+10;
8;16384;16384;estimate;0.0146864;10.9114;1.27229e+10;
8;16384;16384;estimate;0.0145726;10.7558;1.27229e+10;
8;16384;16384;estimate;0.0143968;10.7943;1.27229e+10;
8;16384;16384;estimate;0.0145803;10.6982;1.27229e+10;
8;16384;16384;estimate;0.0149051;10.8291;1.27229e+10;
8;16384;16384;estimate;0.0148103;10.7607;1.27229e+10;
8;16384;16384;estimate;0.0146498;10.8382;1.27229e+10;
8;16384;16384;estimate;0.0148261;10.8466;1.27229e+10;
8;16384;16384;estimate;0.0144181;10.7421;1.27229e+10;
8;16384;16384;estimate;0.0147027;10.59;1.27229e+10;
8;16384;16384;estimate;0.0148793;10.8937;1.27229e+10;
8;16384;16384;estimate;0.0146675;10.873;1.27229e+10;
8;16384;16384;estimate;0.0148624;10.847;1.27229e+10;
8;16384;16384;estimate;0.0148561;10.775;1.27229e+10;
8;16384;16384;estimate;0.0148176;10.8502;1.27229e+10;
8;16384;16384;estimate;0.015083;10.5517;1.27229e+10;
8;16384;16384;estimate;0.0150774;10.5422;1.27229e+10;
8;16384;16384;estimate;0.014916;10.7652;1.27229e+10;
8;16384;16384;estimate;0.014612;10.8584;1.27229e+10;
8;16384;16384;estimate;0.0148049;10.9584;1.27229e+10;
8;16384;16384;estimate;0.0149937;10.9162;1.27229e+10;
8;16384;16384;estimate;0.0146479;10.6506;1.27229e+10;
16;16384;16384;estimate;0.018158;5.59052;1.27229e+10;
16;16384;16384;estimate;0.018409;5.80542;1.27229e+10;
16;16384;16384;estimate;0.0188295;5.71844;1.27229e+10;
16;16384;16384;estimate;0.0195193;5.86396;1.27229e+10;
16;16384;16384;estimate;0.017955;5.73405;1.27229e+10;
16;16384;16384;estimate;0.0183354;5.73199;1.27229e+10;
16;16384;16384;estimate;0.0185639;5.85269;1.27229e+10;
16;16384;16384;estimate;0.0185429;5.74376;1.27229e+10;
16;16384;16384;estimate;0.0186351;5.60592;1.27229e+10;
16;16384;16384;estimate;0.0184124;5.61327;1.27229e+10;
16;16384;16384;estimate;0.018498;5.58215;1.27229e+10;
16;16384;16384;estimate;0.0186795;5.59695;1.27229e+10;
16;16384;16384;estimate;0.0184794;5.78305;1.27229e+10;
16;16384;16384;estimate;0.0185304;5.83139;1.27229e+10;
16;16384;16384;estimate;0.0184519;5.82923;1.27229e+10;
16;16384;16384;estimate;0.0181012;5.66355;1.27229e+10;
16;16384;16384;estimate;0.0186352;5.73717;1.27229e+10;
16;16384;16384;estimate;0.0186192;5.79171;1.27229e+10;
16;16384;16384;estimate;0.0185506;5.76723;1.27229e+10;
16;16384;16384;estimate;0.0182283;5.69481;1.27229e+10;
16;16384;16384;estimate;0.0179766;5.58692;1.27229e+10;
16;16384;16384;estimate;0.0186172;5.8499;1.27229e+10;
16;16384;16384;estimate;0.0194994;5.81594;1.27229e+10;
16;16384;16384;estimate;0.0189233;5.79908;1.27229e+10;
16;16384;16384;estimate;0.0187045;5.7054;1.27229e+10;
16;16384;16384;estimate;0.0188401;5.79578;1.27229e+10;
16;16384;16384;estimate;0.0188694;5.65646;1.27229e+10;
16;16384;16384;estimate;0.018384;5.78438;1.27229e+10;
16;16384;16384;estimate;0.0190688;5.73794;1.27229e+10;
16;16384;16384;estimate;0.0185101;5.74763;1.27229e+10;
16;16384;16384;estimate;0.0181305;5.66886;1.27229e+10;
16;16384;16384;estimate;0.0184332;5.79322;1.27229e+10;
16;16384;16384;estimate;0.0183054;5.77382;1.27229e+10;
16;16384;16384;estimate;0.0193652;5.55632;1.27229e+10;
16;16384;16384;estimate;0.0181922;5.89795;1.27229e+10;
16;16384;16384;estimate;0.0189346;5.68206;1.27229e+10;
16;16384;16384;estimate;0.0179907;5.75829;1.27229e+10;
16;16384;16384;estimate;0.0184417;5.81527;1.27229e+10;
16;16384;16384;estimate;0.0180025;5.78565;1.27229e+10;
16;16384;16384;estimate;0.0186012;5.72708;1.27229e+10;
16;16384;16384;estimate;0.0182065;5.85042;1.27229e+10;
16;16384;16384;estimate;0.0185202;5.78974;1.27229e+10;
16;16384;16384;estimate;0.0185148;5.83959;1.27229e+10;
16;16384;16384;estimate;0.0181633;5.77853;1.27229e+10;
16;16384;16384;estimate;0.0185573;5.78214;1.27229e+10;
16;16384;16384;estimate;0.0183775;5.65691;1.27229e+10;
16;16384;16384;estimate;0.0186859;5.7264;1.27229e+10;
16;16384;16384;estimate;0.0184835;5.78163;1.27229e+10;
16;16384;16384;estimate;0.0189027;5.72711;1.27229e+10;
16;16384;16384;estimate;0.018496;5.79933;1.27229e+10;
32;16384;16384;estimate;0.0241899;23.7539;1.27229e+10;
32;16384;16384;estimate;0.0244093;23.66;1.27229e+10;
32;16384;16384;estimate;0.0243566;24.5245;1.27229e+10;
32;16384;16384;estimate;0.0245963;24.0743;1.27229e+10;
32;16384;16384;estimate;0.0244343;24.7942;1.27229e+10;
32;16384;16384;estimate;0.0239497;23.3551;1.27229e+10;
32;16384;16384;estimate;0.024365;23.4303;1.27229e+10;
32;16384;16384;estimate;0.0242308;23.9188;1.27229e+10;
32;16384;16384;estimate;0.0243928;24.837;1.27229e+10;
32;16384;16384;estimate;0.024345;24.2325;1.27229e+10;
32;16384;16384;estimate;0.0241053;23.4719;1.27229e+10;
32;16384;16384;estimate;0.024083;23.3023;1.27229e+10;
32;16384;16384;estimate;0.0243759;23.1192;1.27229e+10;
32;16384;16384;estimate;0.0254811;22.5177;1.27229e+10;
32;16384;16384;estimate;0.0239595;24.5371;1.27229e+10;
32;16384;16384;estimate;0.0241696;25.0679;1.27229e+10;
32;16384;16384;estimate;0.0236404;23.1557;1.27229e+10;
32;16384;16384;estimate;0.024572;22.2855;1.27229e+10;
32;16384;16384;estimate;0.0246817;24.1254;1.27229e+10;
32;16384;16384;estimate;0.0245873;23.0685;1.27229e+10;
32;16384;16384;estimate;0.0243336;23.5862;1.27229e+10;
32;16384;16384;estimate;0.0243645;24.6977;1.27229e+10;
32;16384;16384;estimate;0.0242502;25.2048;1.27229e+10;
32;16384;16384;estimate;0.0243392;24.9313;1.27229e+10;
32;16384;16384;estimate;0.0240337;23.1626;1.27229e+10;
32;16384;16384;estimate;0.0242032;23.6669;1.27229e+10;
32;16384;16384;estimate;0.0244665;24.4095;1.27229e+10;
32;16384;16384;estimate;0.024386;24.1161;1.27229e+10;
32;16384;16384;estimate;0.0237935;26.5214;1.27229e+10;
32;16384;16384;estimate;0.024027;25.0752;1.27229e+10;
32;16384;16384;estimate;0.0247628;22.1544;1.27229e+10;
32;16384;16384;estimate;0.0241652;24.2674;1.27229e+10;
32;16384;16384;estimate;0.0243629;23.4603;1.27229e+10;
32;16384;16384;estimate;0.0245602;24.9554;1.27229e+10;
32;16384;16384;estimate;0.0246125;22.6984;1.27229e+10;
32;16384;16384;estimate;0.0241994;23.581;1.27229e+10;
32;16384;16384;estimate;0.0242161;24.1777;1.27229e+10;
32;16384;16384;estimate;0.0241814;24.6947;1.27229e+10;
32;16384;16384;estimate;0.0247571;27.1467;1.27229e+10;
32;16384;16384;estimate;0.0241278;23.2213;1.27229e+10;
32;16384;16384;estimate;0.0243435;22.629;1.27229e+10;
32;16384;16384;estimate;0.0244159;22.4411;1.27229e+10;
32;16384;16384;estimate;0.0245351;24.111;1.27229e+10;
32;16384;16384;estimate;0.0244394;26.8386;1.27229e+10;
32;16384;16384;estimate;0.0245529;23.0279;1.27229e+10;
32;16384;16384;estimate;0.0245211;28.7682;1.27229e+10;
32;16384;16384;estimate;0.024328;26.2317;1.27229e+10;
32;16384;16384;estimate;0.0249918;22.5629;1.27229e+10;
32;16384;16384;estimate;0.0247984;24.8418;1.27229e+10;
32;16384;16384;estimate;0.0239658;23.0862;1.27229e+10;
64;16384;16384;estimate;0.0343541;69.3786;1.27229e+10;
64;16384;16384;estimate;0.0337601;69.8903;1.27229e+10;
64;16384;16384;estimate;0.0337503;65.9135;1.27229e+10;
64;16384;16384;estimate;0.034222;65.2063;1.27229e+10;
64;16384;16384;estimate;0.0372382;60.4219;1.27229e+10;
64;16384;16384;estimate;0.0340476;65.7782;1.27229e+10;
64;16384;16384;estimate;0.0343991;66.7038;1.27229e+10;
64;16384;16384;estimate;0.034309;75.1717;1.27229e+10;
64;16384;16384;estimate;0.0343758;64.4018;1.27229e+10;
64;16384;16384;estimate;0.0343196;68.6964;1.27229e+10;
64;16384;16384;estimate;0.0343541;69.3786;1.27229e+10;
64;16384;16384;estimate;0.0337601;69.8903;1.27229e+10;
64;16384;16384;estimate;0.0337503;65.9135;1.27229e+10;
64;16384;16384;estimate;0.034222;65.2063;1.27229e+10;
64;16384;16384;estimate;0.0372382;60.4219;1.27229e+10;
64;16384;16384;estimate;0.0340476;65.7782;1.27229e+10;
64;16384;16384;estimate;0.0343991;66.7038;1.27229e+10;
64;16384;16384;estimate;0.034309;75.1717;1.27229e+10;
64;16384;16384;estimate;0.0343758;64.4018;1.27229e+10;
64;16384;16384;estimate;0.0343196;68.6964;1.27229e+10;
64;16384;16384;estimate;0.0343541;69.3786;1.27229e+10;
64;16384;16384;estimate;0.0337601;69.8903;1.27229e+10;
64;16384;16384;estimate;0.0337503;65.9135;1.27229e+10;
64;16384;16384;estimate;0.034222;65.2063;1.27229e+10;
64;16384;16384;estimate;0.0372382;60.4219;1.27229e+10;
64;16384;16384;estimate;0.0340476;65.7782;1.27229e+10;
64;16384;16384;estimate;0.0343991;66.7038;1.27229e+10;
64;16384;16384;estimate;0.034309;75.1717;1.27229e+10;
64;16384;16384;estimate;0.0343758;64.4018;1.27229e+10;
64;16384;16384;estimate;0.0343196;68.6964;1.27229e+10;
64;16384;16384;estimate;0.0343541;69.3786;1.27229e+10;
64;16384;16384;estimate;0.0337601;69.8903;1.27229e+10;
64;16384;16384;estimate;0.0337503;65.9135;1.27229e+10;
64;16384;16384;estimate;0.034222;65.2063;1.27229e+10;
64;16384;16384;estimate;0.0372382;60.4219;1.27229e+10;
64;16384;16384;estimate;0.0340476;65.7782;1.27229e+10;
64;16384;16384;estimate;0.0343991;66.7038;1.27229e+10;
64;16384;16384;estimate;0.034309;75.1717;1.27229e+10;
64;16384;16384;estimate;0.0343758;64.4018;1.27229e+10;
64;16384;16384;estimate;0.0343196;68.6964;1.27229e+10;
64;16384;16384;estimate;0.0343541;69.3786;1.27229e+10;
64;16384;16384;estimate;0.0337601;69.8903;1.27229e+10;
64;16384;16384;estimate;0.0337503;65.9135;1.27229e+10;
64;16384;16384;estimate;0.034222;65.2063;1.27229e+10;
64;16384;16384;estimate;0.0372382;60.4219;1.27229e+10;
64;16384;16384;estimate;0.0340476;65.7782;1.27229e+10;
64;16384;16384;estimate;0.0343991;66.7038;1.27229e+10;
64;16384;16384;estimate;0.034309;75.1717;1.27229e+10;
64;16384;16384;estimate;0.0343758;64.4018;1.27229e+10;
64;16384;16384;estimate;0.0343196;68.6964;1.27229e+10;