n_threads;n_x;n_y;plan;total;initialization;fft_2d_total;
1;16384;16384;estimate;84.4478;2.17203;82.2758;
1;16384;16384;estimate;84.3818;2.12038;82.2615;
1;16384;16384;estimate;84.3793;2.13489;82.2444;
1;16384;16384;estimate;84.2222;2.09427;82.1279;
1;16384;16384;estimate;84.6086;2.14752;82.461;
1;16384;16384;estimate;84.4654;2.18057;82.2848;
1;16384;16384;estimate;84.5131;2.12862;82.3845;
1;16384;16384;estimate;84.2256;2.11692;82.1087;
1;16384;16384;estimate;84.3547;2.13221;82.2225;
1;16384;16384;estimate;84.3635;2.12522;82.2383;
1;16384;16384;estimate;84.449;2.1177;82.3313;
1;16384;16384;estimate;84.3938;2.12789;82.2659;
1;16384;16384;estimate;84.4705;2.14311;82.3274;
1;16384;16384;estimate;84.6566;2.16172;82.4949;
1;16384;16384;estimate;84.4819;2.08043;82.4014;
1;16384;16384;estimate;84.1673;2.12156;82.0457;
1;16384;16384;estimate;84.3978;2.12465;82.2732;
1;16384;16384;estimate;84.5404;2.12273;82.4177;
1;16384;16384;estimate;84.2541;2.09329;82.1608;
1;16384;16384;estimate;84.3647;2.08816;82.2765;
1;16384;16384;estimate;84.2172;2.12094;82.0963;
1;16384;16384;estimate;84.304;2.13792;82.1661;
1;16384;16384;estimate;84.413;2.14858;82.2644;
1;16384;16384;estimate;84.5776;2.16666;82.411;
1;16384;16384;estimate;84.3086;2.13229;82.1763;
1;16384;16384;estimate;84.5347;2.11563;82.4191;
1;16384;16384;estimate;84.5777;2.13993;82.4378;
1;16384;16384;estimate;84.266;2.10104;82.165;
1;16384;16384;estimate;84.4781;2.12671;82.3514;
1;16384;16384;estimate;84.4766;2.11213;82.3645;
1;16384;16384;estimate;84.4795;2.10841;82.3711;
1;16384;16384;estimate;84.1909;2.1316;82.0593;
1;16384;16384;estimate;84.3449;2.10807;82.2368;
1;16384;16384;estimate;84.3146;2.10066;82.214;
1;16384;16384;estimate;84.3289;2.10775;82.2212;
1;16384;16384;estimate;84.0519;2.13013;81.9217;
1;16384;16384;estimate;84.2429;2.11956;82.1233;
1;16384;16384;estimate;84.3545;2.12608;82.2284;
1;16384;16384;estimate;84.3689;2.1306;82.2383;
1;16384;16384;estimate;84.2195;2.12727;82.0922;
1;16384;16384;estimate;84.3282;2.15138;82.1768;
1;16384;16384;estimate;84.4043;2.15607;82.2482;
1;16384;16384;estimate;84.4466;2.16206;82.2845;
1;16384;16384;estimate;84.1399;2.11892;82.021;
1;16384;16384;estimate;84.2966;2.10677;82.1898;
1;16384;16384;estimate;84.3315;2.15063;82.1808;
1;16384;16384;estimate;84.4529;2.12248;82.3304;
1;16384;16384;estimate;84.2784;2.12371;82.1547;
1;16384;16384;estimate;84.3547;2.11092;82.2437;
1;16384;16384;estimate;84.6197;2.12507;82.4947;
2;16384;16384;estimate;46.9553;2.12215;44.8331;
2;16384;16384;estimate;46.7957;2.13089;44.6648;
2;16384;16384;estimate;46.6245;2.12021;44.5043;
2;16384;16384;estimate;46.9911;2.14441;44.8467;
2;16384;16384;estimate;46.8835;2.11764;44.7659;
2;16384;16384;estimate;46.8003;2.12313;44.6771;
2;16384;16384;estimate;46.6011;2.12824;44.4729;
2;16384;16384;estimate;46.8962;2.10214;44.7941;
2;16384;16384;estimate;46.6218;2.12339;44.4984;
2;16384;16384;estimate;46.7465;2.11963;44.6268;
2;16384;16384;estimate;46.7536;2.11581;44.6378;
2;16384;16384;estimate;47.049;2.12403;44.925;
2;16384;16384;estimate;46.7414;2.15057;44.5908;
2;16384;16384;estimate;47.0865;2.13171;44.9548;
2;16384;16384;estimate;46.853;2.11292;44.7401;
2;16384;16384;estimate;46.5404;2.11941;44.421;
2;16384;16384;estimate;46.9492;2.1285;44.8207;
2;16384;16384;estimate;46.6045;2.09545;44.5091;
2;16384;16384;estimate;47.0056;2.08737;44.9182;
2;16384;16384;estimate;46.6381;2.12008;44.518;
2;16384;16384;estimate;46.9658;2.12064;44.8452;
2;16384;16384;estimate;46.8765;2.12924;44.7473;
2;16384;16384;estimate;46.9375;2.13771;44.7998;
2;16384;16384;estimate;46.5321;2.09328;44.4388;
2;16384;16384;estimate;46.5872;2.09591;44.4913;
2;16384;16384;estimate;46.7637;2.10715;44.6566;
2;16384;16384;estimate;47.1075;2.09524;45.0122;
2;16384;16384;estimate;46.7537;2.12088;44.6328;
2;16384;16384;estimate;46.5155;2.14097;44.3745;
2;16384;16384;estimate;46.8661;2.09228;44.7738;
2;16384;16384;estimate;46.5139;2.11279;44.4011;
2;16384;16384;estimate;46.6922;2.11922;44.573;
2;16384;16384;estimate;46.7788;2.11512;44.6637;
2;16384;16384;estimate;47.025;2.07977;44.9452;
2;16384;16384;estimate;47.0977;2.12525;44.9725;
2;16384;16384;estimate;46.9633;2.14525;44.8181;
2;16384;16384;estimate;46.6972;2.12863;44.5686;
2;16384;16384;estimate;46.6593;2.10586;44.5534;
2;16384;16384;estimate;46.771;2.11234;44.6587;
2;16384;16384;estimate;46.8124;2.13488;44.6776;
2;16384;16384;estimate;46.5751;2.124;44.4511;
2;16384;16384;estimate;46.3892;2.10885;44.2804;
2;16384;16384;estimate;46.7936;2.11175;44.6819;
2;16384;16384;estimate;46.7331;2.129;44.6041;
2;16384;16384;estimate;46.7858;2.08703;44.6987;
2;16384;16384;estimate;46.9858;2.09961;44.8862;
2;16384;16384;estimate;46.9208;2.09429;44.8265;
2;16384;16384;estimate;46.8785;2.13301;44.7455;
2;16384;16384;estimate;47.051;2.12632;44.9247;
2;16384;16384;estimate;46.9571;2.11424;44.8428;
4;16384;16384;estimate;26.973;2.11407;24.859;
4;16384;16384;estimate;27.0073;2.11116;24.8961;
4;16384;16384;estimate;27.0447;2.13895;24.9058;
4;16384;16384;estimate;27.0522;2.10936;24.9429;
4;16384;16384;estimate;27.0551;2.12655;24.9286;
4;16384;16384;estimate;26.9655;2.13737;24.8282;
4;16384;16384;estimate;26.8869;2.12359;24.7634;
4;16384;16384;estimate;26.9391;2.11036;24.8287;
4;16384;16384;estimate;26.979;2.10679;24.8722;
4;16384;16384;estimate;26.9979;2.13546;24.8625;
4;16384;16384;estimate;26.9595;2.13718;24.8224;
4;16384;16384;estimate;27.0253;2.12823;24.8971;
4;16384;16384;estimate;27.0474;2.12909;24.9183;
4;16384;16384;estimate;26.9428;2.11351;24.8293;
4;16384;16384;estimate;27.2072;2.13262;25.0746;
4;16384;16384;estimate;26.9558;2.10452;24.8513;
4;16384;16384;estimate;27.0129;2.11693;24.896;
4;16384;16384;estimate;26.8985;2.11198;24.7865;
4;16384;16384;estimate;26.8495;2.12006;24.7294;
4;16384;16384;estimate;26.9216;2.11539;24.8062;
4;16384;16384;estimate;26.7692;2.07761;24.6916;
4;16384;16384;estimate;27.1784;2.11458;25.0638;
4;16384;16384;estimate;26.9048;2.13504;24.7698;
4;16384;16384;estimate;26.9986;2.11922;24.8793;
4;16384;16384;estimate;26.8581;2.12039;24.7377;
4;16384;16384;estimate;26.9434;2.10664;24.8368;
4;16384;16384;estimate;26.9627;2.12297;24.8397;
4;16384;16384;estimate;27.0663;2.12992;24.9364;
4;16384;16384;estimate;27.1497;2.11692;25.0328;
4;16384;16384;estimate;27.0357;2.14627;24.8894;
4;16384;16384;estimate;27.0892;2.08897;25.0002;
4;16384;16384;estimate;27.0056;2.14793;24.8577;
4;16384;16384;estimate;26.8594;2.15069;24.7088;
4;16384;16384;estimate;26.9799;2.12545;24.8545;
4;16384;16384;estimate;27.0442;2.10834;24.9358;
4;16384;16384;estimate;26.8908;2.12804;24.7627;
4;16384;16384;estimate;26.871;2.11581;24.7552;
4;16384;16384;estimate;27.0696;2.1105;24.9591;
4;16384;16384;estimate;27.1415;2.11572;25.0258;
4;16384;16384;estimate;26.9356;2.09553;24.8401;
4;16384;16384;estimate;27.0902;2.12553;24.9646;
4;16384;16384;estimate;26.9801;2.13442;24.8456;
4;16384;16384;estimate;26.9607;2.1334;24.8273;
4;16384;16384;estimate;26.9654;2.14676;24.8186;
4;16384;16384;estimate;27.0858;2.12637;24.9594;
4;16384;16384;estimate;27.0649;2.1805;24.8844;
4;16384;16384;estimate;26.8107;2.13379;24.6769;
4;16384;16384;estimate;27.0529;2.12161;24.9313;
4;16384;16384;estimate;26.9918;2.11576;24.8761;
4;16384;16384;estimate;27.0493;2.12779;24.9215;
8;16384;16384;estimate;12.8138;2.09647;10.7173;
8;16384;16384;estimate;12.7638;2.0822;10.6816;
8;16384;16384;estimate;12.8473;2.13744;10.7099;
8;16384;16384;estimate;12.8358;2.08344;10.7524;
8;16384;16384;estimate;12.8315;2.11915;10.7123;
8;16384;16384;estimate;12.8446;2.10085;10.7438;
8;16384;16384;estimate;12.7007;2.06106;10.6396;
8;16384;16384;estimate;12.7882;2.11716;10.6711;
8;16384;16384;estimate;12.7232;2.06514;10.6581;
8;16384;16384;estimate;12.826;2.12142;10.7046;
8;16384;16384;estimate;12.7722;2.10134;10.6709;
8;16384;16384;estimate;13.1754;2.08053;11.0949;
8;16384;16384;estimate;12.7774;2.11939;10.658;
8;16384;16384;estimate;12.829;2.11811;10.7109;
8;16384;16384;estimate;12.7843;2.09104;10.6932;
8;16384;16384;estimate;12.7769;2.11001;10.6669;
8;16384;16384;estimate;12.7366;2.08993;10.6467;
8;16384;16384;estimate;12.7969;2.10027;10.6966;
8;16384;16384;estimate;12.8521;2.12397;10.7281;
8;16384;16384;estimate;12.8019;2.10149;10.7004;
8;16384;16384;estimate;12.7693;2.09686;10.6725;
8;16384;16384;estimate;12.8147;2.11658;10.6981;
8;16384;16384;estimate;12.7652;2.0629;10.7023;
8;16384;16384;estimate;12.8952;2.12637;10.7688;
8;16384;16384;estimate;12.7766;2.1083;10.6683;
8;16384;16384;estimate;12.8644;2.15052;10.7139;
8;16384;16384;estimate;12.8248;2.10903;10.7158;
8;16384;16384;estimate;12.8542;2.11042;10.7438;
8;16384;16384;estimate;12.7893;2.09242;10.6969;
8;16384;16384;estimate;12.8274;2.09991;10.7275;
8;16384;16384;estimate;12.7801;2.09953;10.6806;
8;16384;16384;estimate;12.8544;2.07623;10.7781;
8;16384;16384;estimate;12.9095;2.1228;10.7867;
8;16384;16384;estimate;12.9175;2.13473;10.7828;
8;16384;16384;estimate;12.9641;2.10071;10.8634;
8;16384;16384;estimate;12.8149;2.11208;10.7028;
8;16384;16384;estimate;12.8208;2.11979;10.701;
8;16384;16384;estimate;12.7559;2.09836;10.6575;
8;16384;16384;estimate;12.8314;2.10633;10.7251;
8;16384;16384;estimate;12.8975;2.11201;10.7855;
8;16384;16384;estimate;12.7676;2.08789;10.6797;
8;16384;16384;estimate;12.8731;2.13878;10.7343;
8;16384;16384;estimate;12.8821;2.13223;10.7499;
8;16384;16384;estimate;12.7065;2.08972;10.6168;
8;16384;16384;estimate;12.8475;2.09602;10.7515;
8;16384;16384;estimate;12.8412;2.13466;10.7065;
8;16384;16384;estimate;12.8503;2.15389;10.6964;
8;16384;16384;estimate;12.7856;2.08163;10.7039;
8;16384;16384;estimate;12.8117;2.08338;10.7283;
8;16384;16384;estimate;12.8216;2.1003;10.7213;
16;16384;16384;estimate;8.90707;2.10075;6.80632;
16;16384;16384;estimate;8.87228;2.1233;6.74898;
16;16384;16384;estimate;8.9607;2.1188;6.8419;
16;16384;16384;estimate;9.04542;2.09971;6.94572;
16;16384;16384;estimate;8.85713;2.10678;6.75035;
16;16384;16384;estimate;8.89328;2.12677;6.76651;
16;16384;16384;estimate;8.84258;2.0966;6.74597;
16;16384;16384;estimate;9.02951;2.07424;6.95527;
16;16384;16384;estimate;8.90845;2.1161;6.79235;
16;16384;16384;estimate;8.82948;2.06756;6.76192;
16;16384;16384;estimate;9.09267;2.11005;6.98262;
16;16384;16384;estimate;8.86943;2.0917;6.77773;
16;16384;16384;estimate;8.93685;2.13868;6.79817;
16;16384;16384;estimate;8.88647;2.11981;6.76666;
16;16384;16384;estimate;8.8861;2.10389;6.78221;
16;16384;16384;estimate;8.82107;2.09059;6.73048;
16;16384;16384;estimate;8.90473;2.09928;6.80545;
16;16384;16384;estimate;8.98097;2.07422;6.90675;
16;16384;16384;estimate;8.86109;2.09827;6.76282;
16;16384;16384;estimate;8.86729;2.09839;6.7689;
16;16384;16384;estimate;9.05628;2.11291;6.94337;
16;16384;16384;estimate;8.84891;2.09879;6.75012;
16;16384;16384;estimate;8.85188;2.09571;6.75617;
16;16384;16384;estimate;8.9668;2.08374;6.88306;
16;16384;16384;estimate;8.85848;2.111;6.74748;
16;16384;16384;estimate;8.8751;2.12013;6.75497;
16;16384;16384;estimate;8.87887;2.10035;6.77852;
16;16384;16384;estimate;8.84658;2.10187;6.74471;
16;16384;16384;estimate;8.81402;2.1101;6.70392;
16;16384;16384;estimate;8.94126;2.13182;6.80943;
16;16384;16384;estimate;8.88527;2.11557;6.7697;
16;16384;16384;estimate;8.89642;2.11631;6.78011;
16;16384;16384;estimate;8.89684;2.11126;6.78559;
16;16384;16384;estimate;8.87344;2.09492;6.77851;
16;16384;16384;estimate;8.86487;2.09065;6.77423;
16;16384;16384;estimate;8.84544;2.08845;6.75699;
16;16384;16384;estimate;8.92106;2.13139;6.78968;
16;16384;16384;estimate;8.84813;2.0746;6.77353;
16;16384;16384;estimate;8.87174;2.11985;6.75189;
16;16384;16384;estimate;8.85445;2.07375;6.7807;
16;16384;16384;estimate;8.90316;2.11167;6.7915;
16;16384;16384;estimate;8.865;2.06551;6.79949;
16;16384;16384;estimate;8.8766;2.09432;6.78228;
16;16384;16384;estimate;8.93795;2.14911;6.78884;
16;16384;16384;estimate;8.84342;2.12602;6.7174;
16;16384;16384;estimate;8.91557;2.08141;6.83416;
16;16384;16384;estimate;8.92457;2.11961;6.80496;
16;16384;16384;estimate;8.81838;2.07859;6.73978;
16;16384;16384;estimate;9.14833;2.12655;7.02179;
16;16384;16384;estimate;8.82165;2.05709;6.76455;
32;16384;16384;estimate;9.23462;2.1465;7.08812;
32;16384;16384;estimate;9.85084;2.11158;7.73926;
32;16384;16384;estimate;9.9168;2.15062;7.76618;
32;16384;16384;estimate;9.90038;2.11617;7.78421;
32;16384;16384;estimate;9.7862;2.11884;7.66737;
32;16384;16384;estimate;9.73128;2.15063;7.58065;
32;16384;16384;estimate;9.63413;2.10311;7.53102;
32;16384;16384;estimate;9.7941;2.12424;7.66986;
32;16384;16384;estimate;9.72464;2.14011;7.58453;
32;16384;16384;estimate;9.73638;2.13171;7.60466;
32;16384;16384;estimate;9.92049;2.12299;7.79749;
32;16384;16384;estimate;9.83387;2.13216;7.7017;
32;16384;16384;estimate;9.7864;2.11713;7.66927;
32;16384;16384;estimate;9.94977;2.13923;7.81054;
32;16384;16384;estimate;10.0383;2.15596;7.8823;
32;16384;16384;estimate;10.2425;2.08081;8.16165;
32;16384;16384;estimate;9.77272;2.08829;7.68443;
32;16384;16384;estimate;9.62615;2.09699;7.52917;
32;16384;16384;estimate;9.47366;2.0769;7.39676;
32;16384;16384;estimate;9.54273;2.09456;7.44817;
32;16384;16384;estimate;9.2067;2.12121;7.08549;
32;16384;16384;estimate;9.94755;2.11399;7.83356;
32;16384;16384;estimate;9.63967;2.13482;7.50485;
32;16384;16384;estimate;9.22717;2.12338;7.10379;
32;16384;16384;estimate;9.67729;2.11849;7.55881;
32;16384;16384;estimate;9.98092;2.10665;7.87426;
32;16384;16384;estimate;9.14107;2.10605;7.03502;
32;16384;16384;estimate;9.41793;2.07981;7.33812;
32;16384;16384;estimate;9.06007;2.1377;6.92237;
32;16384;16384;estimate;10.5831;2.07919;8.50392;
32;16384;16384;estimate;9.65172;2.08729;7.56443;
32;16384;16384;estimate;9.54388;2.08457;7.45931;
32;16384;16384;estimate;9.99849;2.13417;7.86431;
32;16384;16384;estimate;9.63632;2.13199;7.50433;
32;16384;16384;estimate;10.0409;2.0985;7.94241;
32;16384;16384;estimate;9.21149;2.13807;7.07342;
32;16384;16384;estimate;10.6281;2.1143;8.51378;
32;16384;16384;estimate;8.65477;2.12754;6.52723;
32;16384;16384;estimate;9.87531;2.13628;7.73903;
32;16384;16384;estimate;9.67085;2.0808;7.59005;
32;16384;16384;estimate;8.87247;2.10669;6.76579;
32;16384;16384;estimate;8.6992;2.08443;6.61477;
32;16384;16384;estimate;9.92982;2.07194;7.85788;
32;16384;16384;estimate;9.88837;2.10349;7.78488;
32;16384;16384;estimate;9.28943;2.1208;7.16863;
32;16384;16384;estimate;9.36053;2.13709;7.22344;
32;16384;16384;estimate;8.90996;2.12346;6.7865;
32;16384;16384;estimate;9.51611;2.10529;7.41082;
32;16384;16384;estimate;9.67218;2.08676;7.58542;
32;16384;16384;estimate;9.08111;2.08318;6.99793;
64;16384;16384;estimate;60.1148;2.07976;58.035;
64;16384;16384;estimate;15.374;2.10095;13.2731;
64;16384;16384;estimate;14.7839;2.06191;12.7219;
64;16384;16384;estimate;53.1718;2.0817;51.0901;
64;16384;16384;estimate;18.93;2.08474;16.8453;
64;16384;16384;estimate;43.621;2.07426;41.5468;
64;16384;16384;estimate;43.1974;2.09337;41.104;
64;16384;16384;estimate;45.2927;2.10937;43.1834;
64;16384;16384;estimate;46.1371;2.13633;44.0007;
64;16384;16384;estimate;19.2383;2.08238;17.156;
64;16384;16384;estimate;64.7573;2.09903;62.6582;
64;16384;16384;estimate;18.3208;2.1302;16.1906;
64;16384;16384;estimate;14.3;2.09966;12.2003;
64;16384;16384;estimate;14.1425;2.06071;12.0818;
64;16384;16384;estimate;14.2949;2.05902;12.2359;
64;16384;16384;estimate;15.1118;2.08213;13.0297;
64;16384;16384;estimate;14.4778;2.10342;12.3744;
64;16384;16384;estimate;90.6021;2.11349;88.4886;
64;16384;16384;estimate;69.8978;2.11149;67.7863;
64;16384;16384;estimate;15.2911;2.0939;13.1972;
64;16384;16384;estimate;47.1664;2.05239;45.114;
64;16384;16384;estimate;14.7585;2.12336;12.6351;
64;16384;16384;estimate;47.7187;2.07432;45.6444;
64;16384;16384;estimate;15.741;2.15487;13.5861;
64;16384;16384;estimate;57.1074;2.20724;54.9001;
64;16384;16384;estimate;14.1488;2.09718;12.0517;
64;16384;16384;estimate;18.1371;2.12004;16.0171;
64;16384;16384;estimate;53.2522;2.1344;51.1178;
64;16384;16384;estimate;19.3949;2.13254;17.2623;
64;16384;16384;estimate;14.5366;2.10956;12.4271;
64;16384;16384;estimate;60.9981;2.14452;58.8536;
64;16384;16384;estimate;18.7628;2.09926;16.6636;
64;16384;16384;estimate;70.063;2.10712;67.9559;
64;16384;16384;estimate;90.5262;2.09801;88.4282;
64;16384;16384;estimate;20.6191;2.08663;18.5325;
64;16384;16384;estimate;52.7758;2.14378;50.632;
64;16384;16384;estimate;50.2881;2.07437;48.2137;
64;16384;16384;estimate;14.4127;2.10109;12.3116;
64;16384;16384;estimate;14.5011;2.09813;12.403;
64;16384;16384;estimate;31.4598;2.08622;29.3736;
64;16384;16384;estimate;19.5281;2.0727;17.4554;
64;16384;16384;estimate;14.6777;2.11491;12.5628;
64;16384;16384;estimate;17.249;2.10183;15.1472;
64;16384;16384;estimate;28.9587;2.09681;26.8619;
64;16384;16384;estimate;14.2572;2.10123;12.1559;
64;16384;16384;estimate;14.5177;2.10493;12.4128;
64;16384;16384;estimate;49.2686;2.10052;47.168;
64;16384;16384;estimate;18.9377;2.04507;16.8927;
64;16384;16384;estimate;46.6912;2.09128;44.5999;
64;16384;16384;estimate;56.0265;2.08365;53.9429;
