n_threads;n_x;n_y;plan;run_flag;total;initialization;fft_2d_total;first_fftw;first_trans;second_fftw;second_trans;plan_time;plan_flops;
1;16384;16384;estimate;par;80.7633;2.1298;78.6334;11.6648;28.5659;12.2686;26.1341;0.0296084;1.94665e+10;
1;16384;16384;estimate;par;80.8534;2.08882;78.7645;11.748;28.6526;12.3216;26.0423;0.00901419;1.94665e+10;
1;16384;16384;estimate;par;80.6989;2.09052;78.6083;11.7211;28.4825;12.3406;26.0642;0.00937153;1.94665e+10;
1;16384;16384;estimate;par;80.7955;2.11067;78.6847;11.795;28.5451;12.2388;26.1058;0.00937963;1.94665e+10;
1;16384;16384;estimate;par;80.8716;2.11054;78.7609;11.7492;28.5619;12.3396;26.1103;0.00927421;1.94665e+10;
1;16384;16384;estimate;par;80.8115;2.09022;78.7212;11.7843;28.4991;12.3682;26.0696;0.00902645;1.94665e+10;
1;16384;16384;estimate;par;80.7604;2.07908;78.6812;11.7921;28.5874;12.1926;26.1091;0.00938487;1.94665e+10;
1;16384;16384;estimate;par;80.849;2.08802;78.7609;11.7428;28.5126;12.3723;26.1332;0.00912179;1.94665e+10;
1;16384;16384;estimate;par;80.5784;2.11042;78.4679;11.7477;28.5234;12.2121;25.9847;0.00935421;1.94665e+10;
1;16384;16384;estimate;par;80.8833;2.12026;78.7629;11.7705;28.4794;12.3911;26.1219;0.00940543;1.94665e+10;
1;16384;16384;estimate;par;80.8402;2.1253;78.7149;11.7311;28.5797;12.2845;26.1195;0.00937149;1.94665e+10;
1;16384;16384;estimate;par;80.9763;2.1012;78.875;11.834;28.5826;12.383;26.0754;0.00938205;1.94665e+10;
1;16384;16384;estimate;par;80.789;2.10594;78.683;11.7221;28.5327;12.3616;26.0666;0.0100016;1.94665e+10;
1;16384;16384;estimate;par;80.9825;2.10463;78.8778;11.7491;28.6048;12.4318;26.092;0.00902555;1.94665e+10;
1;16384;16384;estimate;par;80.7083;2.10743;78.6008;11.7651;28.4756;12.2032;26.1569;0.00925211;1.94665e+10;
1;16384;16384;estimate;par;80.7663;2.10956;78.6566;11.6895;28.4721;12.3747;26.1204;0.00941039;1.94665e+10;
1;16384;16384;estimate;par;80.9634;2.12176;78.8416;11.7222;28.5822;12.3424;26.1948;0.00933217;1.94665e+10;
1;16384;16384;estimate;par;80.8547;2.08862;78.766;11.7725;28.5265;12.3934;26.0737;0.00940483;1.94665e+10;
1;16384;16384;estimate;par;80.7362;2.07294;78.6631;11.7124;28.6068;12.2456;26.0983;0.00928191;1.94665e+10;
1;16384;16384;estimate;par;80.9202;2.11198;78.8081;11.7432;28.5729;12.3559;26.1361;0.00930371;1.94665e+10;
1;16384;16384;estimate;par;80.7551;2.08208;78.673;11.7762;28.4694;12.3939;26.0335;0.00883577;1.94665e+10;
1;16384;16384;estimate;par;81.0028;2.10377;78.899;11.8179;28.5459;12.4297;26.1054;0.00929427;1.94665e+10;
1;16384;16384;estimate;par;80.6468;2.09417;78.5526;11.7591;28.54;12.1408;26.1127;0.00926799;1.94665e+10;
1;16384;16384;estimate;par;80.8854;2.11695;78.7684;11.7862;28.4374;12.4384;26.1064;0.00943861;1.94665e+10;
1;16384;16384;estimate;par;80.7548;2.1101;78.6446;11.8412;28.3994;12.2917;26.1123;0.00956455;1.94665e+10;
1;16384;16384;estimate;par;80.8136;2.11322;78.7003;11.8121;28.435;12.3287;26.1245;0.00931841;1.94665e+10;
1;16384;16384;estimate;par;80.5721;2.10472;78.4673;11.7581;28.521;12.2447;25.9436;0.00951053;1.94665e+10;
1;16384;16384;estimate;par;80.9225;2.1173;78.8051;11.7367;28.4678;12.4229;26.1778;0.00938369;1.94665e+10;
1;16384;16384;estimate;par;80.6536;2.10395;78.5496;11.7964;28.4632;12.2834;26.0066;0.00957927;1.94665e+10;
1;16384;16384;estimate;par;80.8857;2.09419;78.7915;11.8004;28.4988;12.4122;26.0801;0.00912217;1.94665e+10;
1;16384;16384;estimate;par;80.7602;2.0909;78.6692;11.7857;28.55;12.2485;26.0849;0.00946327;1.94665e+10;
1;16384;16384;estimate;par;80.7255;2.08549;78.6399;11.7016;28.5336;12.3748;26.0299;0.00934809;1.94665e+10;
1;16384;16384;estimate;par;80.7988;2.08835;78.7104;11.7904;28.499;12.3;26.1211;0.00927325;1.94665e+10;
1;16384;16384;estimate;par;80.7541;2.10048;78.6535;11.7348;28.5416;12.3006;26.0766;0.00911177;1.94665e+10;
1;16384;16384;estimate;par;80.9868;2.10539;78.8813;11.8225;28.5406;12.4089;26.1093;0.00929607;1.94665e+10;
1;16384;16384;estimate;par;80.8941;2.10544;78.7886;11.7582;28.5676;12.34;26.1228;0.00946923;1.94665e+10;
1;16384;16384;estimate;par;80.942;2.10795;78.834;11.7461;28.546;12.4545;26.0874;0.00900897;1.94665e+10;
1;16384;16384;estimate;par;80.731;2.08017;78.6507;11.7532;28.4765;12.2925;26.1285;0.00933439;1.94665e+10;
1;16384;16384;estimate;par;80.9301;2.10148;78.8286;11.8491;28.5342;12.3485;26.0967;0.00931639;1.94665e+10;
1;16384;16384;estimate;par;80.8523;2.07573;78.7765;11.7126;28.5736;12.3776;26.1127;0.00912479;1.94665e+10;
1;16384;16384;estimate;par;80.9596;2.08004;78.8795;11.8054;28.5581;12.3864;26.1295;0.00933031;1.94665e+10;
1;16384;16384;estimate;par;80.8634;2.11028;78.753;11.7897;28.5069;12.3901;26.0664;0.00934937;1.94665e+10;
1;16384;16384;estimate;par;80.669;2.12334;78.5455;11.8277;28.5223;12.405;25.7905;0.00948971;1.94665e+10;
1;16384;16384;estimate;par;80.744;2.09941;78.6444;11.731;28.4983;12.3543;26.0608;0.00936775;1.94665e+10;
1;16384;16384;estimate;par;80.7882;2.09568;78.6925;11.7682;28.5353;12.3297;26.0592;0.00899631;1.94665e+10;
1;16384;16384;estimate;par;80.88;2.10252;78.7774;11.7517;28.5471;12.3872;26.0913;0.00946481;1.94665e+10;
1;16384;16384;estimate;par;80.9072;2.11414;78.793;11.7792;28.5124;12.4027;26.0986;0.00938815;1.94665e+10;
1;16384;16384;estimate;par;80.8569;2.11647;78.7404;11.7614;28.5827;12.2838;26.1125;0.00883373;1.94665e+10;
1;16384;16384;estimate;par;80.7301;2.09198;78.638;11.7257;28.5547;12.3408;26.0167;0.00942485;1.94665e+10;
1;16384;16384;estimate;par;80.7645;2.06119;78.7032;11.7612;28.4684;12.4158;26.0578;0.00946175;1.94665e+10;
2;16384;16384;estimate;par;44.7738;2.11369;42.66;6.43336;14.5315;7.69644;13.9986;0.00921833;1.94665e+10;
2;16384;16384;estimate;par;44.5384;2.09185;42.4465;6.29695;14.4536;7.68237;14.0136;0.00960093;1.94665e+10;
2;16384;16384;estimate;par;44.3858;2.10274;42.283;6.41431;14.5155;7.3164;14.0368;0.00953515;1.94665e+10;
2;16384;16384;estimate;par;44.5075;2.09352;42.4139;6.4039;14.4543;7.56465;13.9911;0.00961655;1.94665e+10;
2;16384;16384;estimate;par;44.3276;2.07733;42.2502;6.4006;14.517;7.30398;14.0285;0.00909847;1.94665e+10;
2;16384;16384;estimate;par;44.5253;2.10087;42.4243;6.39991;14.478;7.51624;14.0302;0.00952947;1.94665e+10;
2;16384;16384;estimate;par;44.5089;2.10476;42.404;6.33946;14.536;7.50467;14.0238;0.00954271;1.94665e+10;
2;16384;16384;estimate;par;44.4992;2.09481;42.4043;6.36127;14.4553;7.56837;14.0193;0.00967813;1.94665e+10;
2;16384;16384;estimate;par;44.3314;2.05952;42.2718;6.34725;14.4727;7.42544;14.0264;0.00920993;1.94665e+10;
2;16384;16384;estimate;par;44.5577;2.11461;42.443;6.33923;14.5393;7.52741;14.0371;0.00952611;1.94665e+10;
2;16384;16384;estimate;par;44.214;2.04251;42.1714;6.33989;14.4784;7.29374;14.0594;0.00961373;1.94665e+10;
2;16384;16384;estimate;par;44.4243;2.09281;42.3314;6.37125;14.4636;7.47897;14.0176;0.00961499;1.94665e+10;
2;16384;16384;estimate;par;44.687;2.11564;42.5712;6.34028;14.5322;7.66119;14.0375;0.010121;1.94665e+10;
2;16384;16384;estimate;par;44.5576;2.09934;42.4582;6.34232;14.4903;7.58878;14.0368;0.00957491;1.94665e+10;
2;16384;16384;estimate;par;44.6774;2.1235;42.5538;6.39917;14.5194;7.59906;14.0362;0.00966351;1.94665e+10;
2;16384;16384;estimate;par;44.5238;2.10595;42.4178;6.30436;14.4532;7.62821;14.032;0.00950691;1.94665e+10;
2;16384;16384;estimate;par;44.5226;2.11329;42.4093;6.35605;14.5044;7.51796;14.0308;0.00957761;1.94665e+10;
2;16384;16384;estimate;par;44.4199;2.09874;42.3211;6.40463;14.508;7.38277;14.0257;0.00940839;1.94665e+10;
2;16384;16384;estimate;par;44.5958;2.08584;42.5099;6.34188;14.4986;7.64378;14.0257;0.00954721;1.94665e+10;
2;16384;16384;estimate;par;44.5703;2.10095;42.4693;6.34486;14.4919;7.59615;14.0364;0.00939607;1.94665e+10;
2;16384;16384;estimate;par;44.6393;2.1011;42.5381;6.46225;14.5293;7.53163;14.015;0.00959061;1.94665e+10;
2;16384;16384;estimate;par;44.5594;2.09996;42.4593;6.32317;14.5015;7.61779;14.0168;0.00956513;1.94665e+10;
2;16384;16384;estimate;par;44.4992;2.09466;42.4044;6.36919;14.5337;7.48183;14.0197;0.00954819;1.94665e+10;
2;16384;16384;estimate;par;44.4789;2.09146;42.3873;6.31485;14.4789;7.57413;14.0195;0.00952063;1.94665e+10;
2;16384;16384;estimate;par;44.5719;2.0965;42.4753;6.36653;14.5018;7.5788;14.0282;0.00947495;1.94665e+10;
2;16384;16384;estimate;par;44.4451;2.04951;42.3955;6.4199;14.4732;7.49185;14.0106;0.00955349;1.94665e+10;
2;16384;16384;estimate;par;44.5957;2.08674;42.5089;6.35615;14.5134;7.59552;14.0438;0.00966851;1.94665e+10;
2;16384;16384;estimate;par;44.5404;2.0848;42.4556;6.35913;14.4908;7.58828;14.0174;0.00950461;1.94665e+10;
2;16384;16384;estimate;par;44.5171;2.08865;42.4284;6.34391;14.479;7.59454;14.0109;0.00953465;1.94665e+10;
2;16384;16384;estimate;par;44.6368;2.11198;42.5247;6.42552;14.5371;7.5275;14.0345;0.00926033;1.94665e+10;
2;16384;16384;estimate;par;44.5213;2.05539;42.4658;6.36164;14.44;7.67043;13.9937;0.00931209;1.94665e+10;
2;16384;16384;estimate;par;44.5541;2.09022;42.4639;6.35928;14.4774;7.61059;14.0166;0.00988611;1.94665e+10;
2;16384;16384;estimate;par;44.2565;2.06316;42.1933;6.37789;14.4641;7.30003;14.0513;0.00931815;1.94665e+10;
2;16384;16384;estimate;par;44.5319;2.11745;42.4144;6.38739;14.4977;7.51665;14.0126;0.00951569;1.94665e+10;
2;16384;16384;estimate;par;44.4582;2.08652;42.3717;6.3659;14.4498;7.49441;14.0615;0.00907315;1.94665e+10;
2;16384;16384;estimate;par;44.5092;2.06808;42.4411;6.31834;14.5197;7.54823;14.0548;0.00962423;1.94665e+10;
2;16384;16384;estimate;par;44.5282;2.09657;42.4316;6.34874;14.4987;7.56302;14.0212;0.00924219;1.94665e+10;
2;16384;16384;estimate;par;44.7683;2.12765;42.6405;6.40359;14.534;7.66562;14.0373;0.00975853;1.94665e+10;
2;16384;16384;estimate;par;44.52;2.10519;42.4147;6.39647;14.5269;7.46989;14.0215;0.00965521;1.94665e+10;
2;16384;16384;estimate;par;44.5266;2.09735;42.4292;6.32883;14.4882;7.58721;14.0249;0.00958533;1.94665e+10;
2;16384;16384;estimate;par;44.4986;2.11165;42.3869;6.3753;14.4705;7.45338;14.0877;0.00955567;1.94665e+10;
2;16384;16384;estimate;par;44.682;2.09789;42.5841;6.41289;14.5579;7.59277;14.0205;0.00933815;1.94665e+10;
2;16384;16384;estimate;par;44.4673;2.09466;42.3726;6.369;14.5175;7.44737;14.0387;0.00934883;1.94665e+10;
2;16384;16384;estimate;par;44.6165;2.09527;42.5211;6.33999;14.486;7.65954;14.0356;0.00964651;1.94665e+10;
2;16384;16384;estimate;par;44.5289;2.05784;42.471;6.3144;14.4589;7.62872;14.069;0.00940859;1.94665e+10;
2;16384;16384;estimate;par;44.4995;2.11683;42.3826;6.3876;14.4636;7.48678;14.0446;0.00965277;1.94665e+10;
2;16384;16384;estimate;par;44.5804;2.06079;42.5195;6.40201;14.4721;7.61645;14.0289;0.00966143;1.94665e+10;
2;16384;16384;estimate;par;44.5727;2.10372;42.4689;6.34349;14.4832;7.58425;14.058;0.00955497;1.94665e+10;
2;16384;16384;estimate;par;44.3305;2.08238;42.248;6.39728;14.5045;7.31029;14.0359;0.00963737;1.94665e+10;
2;16384;16384;estimate;par;44.5675;2.07983;42.4876;6.42576;14.5049;7.53904;14.0179;0.00945999;1.94665e+10;
4;16384;16384;estimate;par;25.0076;2.09696;22.9105;4.21484;7.24461;4.62121;6.82986;0.00967151;1.94665e+10;
4;16384;16384;estimate;par;25.2538;2.13553;23.1182;4.19735;7.25935;4.89575;6.76575;0.00952423;1.94665e+10;
4;16384;16384;estimate;par;24.9719;2.08199;22.8898;4.20429;7.29805;4.78008;6.60741;0.00909303;1.94665e+10;
4;16384;16384;estimate;par;25.0415;2.1311;22.9103;4.2081;7.13886;4.71072;6.8526;0.00986783;1.94665e+10;
4;16384;16384;estimate;par;25.0562;2.13799;22.9181;4.17545;7.13704;4.84882;6.75676;0.00919165;1.94665e+10;
4;16384;16384;estimate;par;25.0351;2.07554;22.9595;4.22695;7.02791;4.98635;6.71826;0.00966623;1.94665e+10;
4;16384;16384;estimate;par;24.7283;2.08304;22.6451;4.17384;7.12648;4.71636;6.62843;0.00930315;1.94665e+10;
4;16384;16384;estimate;par;24.8395;2.0987;22.7407;4.27543;7.00366;4.79131;6.67031;0.0100315;1.94665e+10;
4;16384;16384;estimate;par;25.0238;2.0992;22.9245;4.18646;7.28609;4.81164;6.64036;0.00973865;1.94665e+10;
4;16384;16384;estimate;par;24.6545;2.11719;22.5372;4.19402;6.8982;4.86626;6.57875;0.00965987;1.94665e+10;
4;16384;16384;estimate;par;24.7929;2.12504;22.6677;4.18127;7.1574;4.62777;6.70128;0.00973291;1.94665e+10;
4;16384;16384;estimate;par;24.9589;2.10079;22.858;4.22061;7.15647;4.84041;6.64056;0.00991335;1.94665e+10;
4;16384;16384;estimate;par;24.8345;2.10874;22.7257;4.23677;7.01736;4.93507;6.53646;0.00941209;1.94665e+10;
4;16384;16384;estimate;par;25.0745;2.14151;22.9329;4.20558;7.14847;4.80206;6.77676;0.00960543;1.94665e+10;
4;16384;16384;estimate;par;24.7558;2.11551;22.6402;4.17377;7.09344;4.76803;6.60493;0.00959565;1.94665e+10;
4;16384;16384;estimate;par;24.9082;2.10314;22.805;4.18283;7.09908;4.85569;6.66742;0.00967073;1.94665e+10;
4;16384;16384;estimate;par;24.8454;2.10308;22.7422;4.21637;7.00798;4.91734;6.60049;0.00950221;1.94665e+10;
4;16384;16384;estimate;par;25.1732;2.06379;23.1093;4.19574;7.28811;4.89589;6.72957;0.00963657;1.94665e+10;
4;16384;16384;estimate;par;24.9234;2.11231;22.811;4.14583;7.02748;4.92922;6.70846;0.00951269;1.94665e+10;
4;16384;16384;estimate;par;24.9113;2.0531;22.8581;4.16279;7.16484;4.78628;6.74415;0.00969683;1.94665e+10;
4;16384;16384;estimate;par;25.154;2.09771;23.0561;4.19787;7.1866;4.91564;6.75603;0.00969759;1.94665e+10;
4;16384;16384;estimate;par;25.2581;2.12798;23.13;4.30502;7.24122;4.84225;6.74149;0.00950433;1.94665e+10;
4;16384;16384;estimate;par;25.2414;2.11386;23.1274;4.28998;7.1525;4.73019;6.95474;0.00960351;1.94665e+10;
4;16384;16384;estimate;par;24.8268;2.09104;22.7356;4.17447;7.07405;4.73768;6.74944;0.00956959;1.94665e+10;
4;16384;16384;estimate;par;25.1633;2.10721;23.0561;4.23008;7.23573;4.7845;6.80575;0.00966599;1.94665e+10;
4;16384;16384;estimate;par;25.1855;2.11268;23.0728;4.19771;7.21575;4.96265;6.69666;0.00962485;1.94665e+10;
4;16384;16384;estimate;par;25.1822;2.10895;23.0732;4.29302;7.11822;4.93517;6.72679;0.00962097;1.94665e+10;
4;16384;16384;estimate;par;25.3491;2.1144;23.2346;4.17337;7.32495;4.86326;6.87304;0.00966867;1.94665e+10;
4;16384;16384;estimate;par;25.0765;2.11321;22.9632;4.2399;7.14623;4.86813;6.70893;0.00958423;1.94665e+10;
4;16384;16384;estimate;par;24.9279;2.12581;22.802;4.20218;7.05881;4.83438;6.70663;0.00923155;1.94665e+10;
4;16384;16384;estimate;par;24.8923;2.07598;22.8162;4.16313;7.16171;4.77925;6.71209;0.00963665;1.94665e+10;
4;16384;16384;estimate;par;24.9388;2.09976;22.839;4.21197;7.1088;4.83717;6.68103;0.00927321;1.94665e+10;
4;16384;16384;estimate;par;25.0738;2.09069;22.983;4.21803;7.25126;4.92968;6.58404;0.00950239;1.94665e+10;
4;16384;16384;estimate;par;24.9017;2.10141;22.8002;4.23535;7.14902;4.80394;6.61187;0.00960409;1.94665e+10;
4;16384;16384;estimate;par;25.0918;2.11247;22.9792;4.29311;7.17316;4.82456;6.68837;0.00968019;1.94665e+10;
4;16384;16384;estimate;par;25.2223;2.09838;23.1238;4.18547;7.17593;4.82892;6.93348;0.00973363;1.94665e+10;
4;16384;16384;estimate;par;25.2182;2.08883;23.1293;4.2191;7.18314;4.83391;6.89311;0.00956789;1.94665e+10;
4;16384;16384;estimate;par;25.4051;2.11921;23.2858;4.22228;7.15802;4.89707;7.00841;0.00928149;1.94665e+10;
4;16384;16384;estimate;par;25.2131;2.09822;23.1148;4.23474;7.23874;4.87572;6.76556;0.00957731;1.94665e+10;
4;16384;16384;estimate;par;25.0962;2.10837;22.9877;4.25738;7.26777;4.61038;6.85214;0.00931391;1.94665e+10;
4;16384;16384;estimate;par;24.8982;2.12816;22.7699;4.15624;6.98893;4.7785;6.84625;0.00965301;1.94665e+10;
4;16384;16384;estimate;par;24.9967;2.10314;22.8935;4.20697;7.12853;4.76364;6.79433;0.00979697;1.94665e+10;
4;16384;16384;estimate;par;24.936;2.08863;22.8473;4.19509;7.18939;4.72968;6.7331;0.00953943;1.94665e+10;
4;16384;16384;estimate;par;25.1711;2.06192;23.1091;4.21422;7.13627;4.96428;6.79431;0.00953913;1.94665e+10;
4;16384;16384;estimate;par;25.0155;2.08857;22.9269;4.26561;7.2141;4.73142;6.71574;0.00936837;1.94665e+10;
4;16384;16384;estimate;par;24.9086;2.10915;22.7993;4.29376;7.14095;4.58958;6.77502;0.00958351;1.94665e+10;
4;16384;16384;estimate;par;24.9311;2.08992;22.8411;4.16922;7.08324;4.84854;6.74008;0.00962671;1.94665e+10;
4;16384;16384;estimate;par;24.9122;2.09845;22.8137;4.19011;7.18157;4.74012;6.70191;0.00963415;1.94665e+10;
4;16384;16384;estimate;par;24.7367;2.0889;22.6477;4.23987;7.0445;4.73748;6.62581;0.00960337;1.94665e+10;
4;16384;16384;estimate;par;25.2579;2.11539;23.1424;4.29299;7.35922;4.84302;6.64713;0.00951165;1.94665e+10;
8;16384;16384;estimate;par;12.2017;2.06939;10.1323;2.14758;3.09434;2.35879;2.53154;0.00936255;1.94665e+10;
8;16384;16384;estimate;par;11.3455;2.11295;9.2324;2.16167;2.36921;2.38157;2.31996;0.00930659;1.94665e+10;
8;16384;16384;estimate;par;11.2651;2.06763;9.19737;2.13966;2.35249;2.3565;2.34871;0.00938375;1.94665e+10;
8;16384;16384;estimate;par;11.3362;2.10932;9.22682;2.12364;2.40881;2.35833;2.33604;0.00936271;1.94665e+10;
8;16384;16384;estimate;par;11.3236;2.08687;9.23667;2.13448;2.39001;2.38557;2.32661;0.00946015;1.94665e+10;
8;16384;16384;estimate;par;11.4771;2.12441;9.35258;2.13678;2.55092;2.33861;2.32626;0.00927371;1.94665e+10;
8;16384;16384;estimate;par;11.4333;2.05351;9.37975;2.1432;2.35194;2.34528;2.53933;0.00933871;1.94665e+10;
8;16384;16384;estimate;par;11.3685;2.07995;9.28843;2.17204;2.39545;2.40593;2.31502;0.00934613;1.94665e+10;
8;16384;16384;estimate;par;11.9679;2.12358;9.84426;2.16257;3.00485;2.36151;2.31534;0.00930657;1.94665e+10;
8;16384;16384;estimate;par;11.4178;2.06352;9.35423;2.16029;2.35289;2.28031;2.56074;0.00937615;1.94665e+10;
8;16384;16384;estimate;par;11.6542;2.08806;9.56606;2.1667;2.43279;2.35575;2.61081;0.00921509;1.94665e+10;
8;16384;16384;estimate;par;11.1528;2.06485;9.08787;2.14436;2.35564;2.38375;2.20412;0.00959837;1.94665e+10;
8;16384;16384;estimate;par;11.3217;2.07397;9.24762;2.13355;2.39634;2.40123;2.31651;0.00938151;1.94665e+10;
8;16384;16384;estimate;par;11.2483;2.07771;9.17053;2.15505;2.42467;2.37524;2.21557;0.00937669;1.94665e+10;
8;16384;16384;estimate;par;12.1547;2.13381;10.0208;2.14923;3.30269;2.38686;2.18199;0.00931177;1.94665e+10;
8;16384;16384;estimate;par;11.3011;2.10081;9.20018;2.16548;2.42341;2.34882;2.26247;0.00945807;1.94665e+10;
8;16384;16384;estimate;par;11.2859;2.13298;9.15285;2.14065;2.3496;2.39615;2.26645;0.00922441;1.94665e+10;
8;16384;16384;estimate;par;11.2425;2.08284;9.15956;2.12914;2.3721;2.3635;2.29481;0.00929585;1.94665e+10;
8;16384;16384;estimate;par;11.6345;2.10926;9.52511;2.15298;2.38684;2.35788;2.62742;0.00922305;1.94665e+10;
8;16384;16384;estimate;par;11.5695;2.10405;9.46536;2.12925;2.6115;2.38979;2.33482;0.00938507;1.94665e+10;
8;16384;16384;estimate;par;11.5251;2.06993;9.45513;2.14319;2.63768;2.40565;2.26861;0.00932765;1.94665e+10;
8;16384;16384;estimate;par;11.2891;2.06061;9.2284;2.14759;2.37127;2.3603;2.34924;0.00929733;1.94665e+10;
8;16384;16384;estimate;par;11.7882;2.06335;9.72474;2.12208;2.34178;2.33876;2.92212;0.00930215;1.94665e+10;
8;16384;16384;estimate;par;11.2148;2.05997;9.15475;2.12687;2.3794;2.37524;2.27323;0.00941001;1.94665e+10;
8;16384;16384;estimate;par;11.4623;2.06421;9.39798;2.13834;2.6513;2.36902;2.23932;0.00940661;1.94665e+10;
8;16384;16384;estimate;par;11.4118;2.0883;9.32344;2.12185;2.51197;2.38232;2.3073;0.00931299;1.94665e+10;
8;16384;16384;estimate;par;11.2324;2.09003;9.14228;2.15224;2.32319;2.35082;2.31603;0.00937929;1.94665e+10;
8;16384;16384;estimate;par;11.4842;2.0926;9.3915;2.12752;2.56733;2.39051;2.30614;0.00935339;1.94665e+10;
8;16384;16384;estimate;par;11.6197;2.08761;9.532;2.14341;2.80661;2.34327;2.23872;0.00941369;1.94665e+10;
8;16384;16384;estimate;par;11.8982;2.0625;9.8356;2.13939;2.78617;2.38057;2.52947;0.00936145;1.94665e+10;
8;16384;16384;estimate;par;11.4994;2.1095;9.38982;2.13896;2.51335;2.41165;2.32586;0.00935667;1.94665e+10;
8;16384;16384;estimate;par;11.5667;2.09487;9.47177;2.15209;2.40215;2.33734;2.58019;0.00932869;1.94665e+10;
8;16384;16384;estimate;par;11.6957;2.11587;9.57973;2.14983;2.50249;2.39763;2.52978;0.00931799;1.94665e+10;
8;16384;16384;estimate;par;11.5476;2.04478;9.50273;2.10896;2.52266;2.37063;2.50049;0.00924069;1.94665e+10;
8;16384;16384;estimate;par;12.1934;2.10898;10.0843;2.14971;2.96331;2.3463;2.62502;0.00939181;1.94665e+10;
8;16384;16384;estimate;par;11.5442;2.114;9.43012;2.12133;2.35824;2.38358;2.56697;0.00935917;1.94665e+10;
8;16384;16384;estimate;par;11.3101;2.07818;9.23181;2.14304;2.38481;2.39921;2.30476;0.00922421;1.94665e+10;
8;16384;16384;estimate;par;11.9897;2.07603;9.91357;2.14849;3.15903;2.35697;2.24908;0.00927613;1.94665e+10;
8;16384;16384;estimate;par;11.1743;2.04951;9.12468;2.15044;2.36582;2.30606;2.30236;0.00938593;1.94665e+10;
8;16384;16384;estimate;par;11.3166;2.08309;9.23338;2.14098;2.357;2.39677;2.33862;0.00928971;1.94665e+10;
8;16384;16384;estimate;par;11.622;2.05718;9.56476;2.15268;2.81398;2.36585;2.23225;0.00933231;1.94665e+10;
8;16384;16384;estimate;par;11.9568;2.09188;9.86483;2.12973;3.05204;2.38003;2.30303;0.00933971;1.94665e+10;
8;16384;16384;estimate;par;11.2373;2.03512;9.2021;2.15964;2.39617;2.38352;2.26277;0.00937667;1.94665e+10;
8;16384;16384;estimate;par;11.5089;2.0735;9.43537;2.14644;2.34252;2.40416;2.54226;0.00953349;1.94665e+10;
8;16384;16384;estimate;par;12.0307;2.10976;9.92088;2.17803;3.04148;2.38406;2.31731;0.00937679;1.94665e+10;
8;16384;16384;estimate;par;11.6315;2.09605;9.53539;2.14112;2.49569;2.35031;2.54828;0.00948267;1.94665e+10;
8;16384;16384;estimate;par;11.2843;2.05707;9.22716;2.14321;2.48238;2.36661;2.23497;0.00929221;1.94665e+10;
8;16384;16384;estimate;par;11.2649;2.10864;9.1562;2.12833;2.40341;2.38872;2.23574;0.00928833;1.94665e+10;
8;16384;16384;estimate;par;11.5761;2.06519;9.51081;2.15301;2.64718;2.4036;2.30703;0.00936065;1.94665e+10;
8;16384;16384;estimate;par;11.7468;2.06765;9.67912;2.13539;2.50598;2.36797;2.66978;0.00935271;1.94665e+10;
16;16384;16384;estimate;par;7.47548;2.11192;5.36352;1.15687;1.35171;1.22944;1.6255;0.00949191;1.94665e+10;
16;16384;16384;estimate;par;7.43273;2.09972;5.33298;1.14334;1.30529;1.2553;1.62904;0.00984209;1.94665e+10;
16;16384;16384;estimate;par;7.55051;2.13528;5.41518;1.14559;1.3754;1.25552;1.63867;0.0101253;1.94665e+10;
16;16384;16384;estimate;par;7.48823;2.14408;5.34409;1.14572;1.32401;1.23891;1.63545;0.0100566;1.94665e+10;
16;16384;16384;estimate;par;7.47152;2.07693;5.39455;1.16426;1.35077;1.25851;1.62101;0.00993483;1.94665e+10;
16;16384;16384;estimate;par;7.51404;2.1104;5.40361;1.15827;1.35332;1.25311;1.6389;0.0101325;1.94665e+10;
16;16384;16384;estimate;par;7.42221;2.07866;5.34351;1.13873;1.33688;1.24428;1.62361;0.00978263;1.94665e+10;
16;16384;16384;estimate;par;7.46214;2.09205;5.37004;1.13477;1.35879;1.23957;1.6369;0.00986551;1.94665e+10;
16;16384;16384;estimate;par;7.48442;2.07891;5.40547;1.14507;1.37088;1.26594;1.62358;0.00966015;1.94665e+10;
16;16384;16384;estimate;par;7.51463;2.10984;5.40476;1.16862;1.3197;1.25708;1.65935;0.00986005;1.94665e+10;
16;16384;16384;estimate;par;7.49851;2.09141;5.40702;1.17031;1.31843;1.27337;1.6449;0.00962079;1.94665e+10;
16;16384;16384;estimate;par;7.47887;2.10155;5.37725;1.13995;1.34467;1.27229;1.62034;0.0101275;1.94665e+10;
16;16384;16384;estimate;par;7.41612;2.11709;5.29896;1.15324;1.26304;1.28873;1.59396;0.0100739;1.94665e+10;
16;16384;16384;estimate;par;7.41282;2.09203;5.32075;1.15662;1.31321;1.26591;1.58501;0.00967293;1.94665e+10;
16;16384;16384;estimate;par;7.47883;2.12097;5.35781;1.14457;1.34876;1.26002;1.60445;0.00997543;1.94665e+10;
16;16384;16384;estimate;par;7.48172;2.07738;5.40427;1.1702;1.3431;1.25496;1.63601;0.00986081;1.94665e+10;
16;16384;16384;estimate;par;7.46796;2.08843;5.37946;1.14433;1.31905;1.29094;1.62514;0.00997219;1.94665e+10;
16;16384;16384;estimate;par;7.50357;2.09308;5.41045;1.14528;1.37067;1.27432;1.62018;0.0101037;1.94665e+10;
16;16384;16384;estimate;par;7.41561;2.11336;5.30218;1.14718;1.29909;1.2237;1.63221;0.00980817;1.94665e+10;
16;16384;16384;estimate;par;7.43169;2.07739;5.35423;1.14961;1.33772;1.24294;1.62396;0.00955189;1.94665e+10;
16;16384;16384;estimate;par;7.44423;2.10396;5.3402;1.15509;1.31843;1.24834;1.61834;0.00959423;1.94665e+10;
16;16384;16384;estimate;par;7.44053;2.08258;5.35788;1.14751;1.31716;1.27877;1.61443;0.00988125;1.94665e+10;
16;16384;16384;estimate;par;7.50221;2.13446;5.36768;1.14999;1.34769;1.23955;1.63045;0.0100723;1.94665e+10;
16;16384;16384;estimate;par;7.49129;2.0817;5.40951;1.14268;1.34801;1.29028;1.62855;0.00995693;1.94665e+10;
16;16384;16384;estimate;par;7.43978;2.07927;5.36047;1.15451;1.29562;1.25941;1.65092;0.010067;1.94665e+10;
16;16384;16384;estimate;par;7.42399;2.06751;5.35641;1.14338;1.33578;1.26373;1.61352;0.00970361;1.94665e+10;
16;16384;16384;estimate;par;7.49238;2.10648;5.38586;1.16335;1.3312;1.26357;1.62773;0.00958935;1.94665e+10;
16;16384;16384;estimate;par;7.41947;2.0679;5.35149;1.15108;1.32597;1.2569;1.61754;0.010047;1.94665e+10;
16;16384;16384;estimate;par;7.48549;2.12167;5.36375;1.15737;1.29754;1.25315;1.6557;0.0100024;1.94665e+10;
16;16384;16384;estimate;par;7.54324;2.10389;5.43927;1.14255;1.37071;1.26872;1.65729;0.0100371;1.94665e+10;
16;16384;16384;estimate;par;7.28701;2.07592;5.21103;1.15723;1.22114;1.23547;1.59719;0.00994141;1.94665e+10;
16;16384;16384;estimate;par;7.46713;2.07219;5.39487;1.18431;1.33553;1.2575;1.61753;0.0100648;1.94665e+10;
16;16384;16384;estimate;par;7.44647;2.10207;5.34432;1.1459;1.33303;1.2458;1.61959;0.0102113;1.94665e+10;
16;16384;16384;estimate;par;7.43277;2.07253;5.36016;1.1464;1.33711;1.25698;1.61967;0.00990615;1.94665e+10;
16;16384;16384;estimate;par;7.45312;2.0852;5.36784;1.14563;1.36193;1.25921;1.60106;0.0101883;1.94665e+10;
16;16384;16384;estimate;par;7.54452;2.1266;5.41788;1.19253;1.34777;1.25792;1.61966;0.0100442;1.94665e+10;
16;16384;16384;estimate;par;7.49114;2.12324;5.36785;1.1654;1.31358;1.25222;1.63665;0.00967765;1.94665e+10;
16;16384;16384;estimate;par;7.43784;2.08182;5.35594;1.1471;1.33516;1.25168;1.62201;0.00964216;1.94665e+10;
16;16384;16384;estimate;par;7.50764;2.06884;5.43875;1.15508;1.34716;1.29509;1.64142;0.0101301;1.94665e+10;
16;16384;16384;estimate;par;7.4948;2.05792;5.43684;1.16098;1.35061;1.30227;1.62298;0.00998915;1.94665e+10;
16;16384;16384;estimate;par;7.49602;2.12206;5.37392;1.14184;1.34155;1.26203;1.6285;0.00996807;1.94665e+10;
16;16384;16384;estimate;par;7.44747;2.08763;5.35978;1.13847;1.32462;1.2427;1.65398;0.00997723;1.94665e+10;
16;16384;16384;estimate;par;7.51136;2.15583;5.35549;1.15147;1.30965;1.24289;1.65148;0.010105;1.94665e+10;
16;16384;16384;estimate;par;7.49628;2.11903;5.37721;1.1525;1.30391;1.27194;1.64885;0.0100399;1.94665e+10;
16;16384;16384;estimate;par;7.41838;2.06508;5.35323;1.15842;1.32644;1.25621;1.61217;0.00967045;1.94665e+10;
16;16384;16384;estimate;par;7.39503;2.06829;5.32667;1.14147;1.30172;1.27333;1.61014;0.0100243;1.94665e+10;
16;16384;16384;estimate;par;7.50389;2.11955;5.38426;1.15403;1.31895;1.27813;1.63316;0.00988993;1.94665e+10;
16;16384;16384;estimate;par;7.44812;2.07269;5.37538;1.1472;1.35327;1.27001;1.6049;0.00959423;1.94665e+10;
16;16384;16384;estimate;par;7.40488;2.08228;5.32253;1.15975;1.29886;1.22481;1.63912;0.00992873;1.94665e+10;
16;16384;16384;estimate;par;7.50952;2.10991;5.39954;1.14468;1.33574;1.27263;1.64649;0.0100291;1.94665e+10;
32;16384;16384;estimate;par;7.30061;2.05732;5.24325;1.10094;1.54646;0.913307;1.68254;0.0103695;1.94665e+10;
32;16384;16384;estimate;par;7.26563;2.05452;5.21103;0.78907;1.61878;0.903951;1.89922;0.0104124;1.94665e+10;
32;16384;16384;estimate;par;7.88473;2.11652;5.76815;0.777264;1.68244;0.894158;2.41429;0.0105938;1.94665e+10;
32;16384;16384;estimate;par;7.77252;2.05404;5.71843;1.20392;1.89848;0.902927;1.71311;0.0103961;1.94665e+10;
32;16384;16384;estimate;par;7.73348;2.03407;5.69936;1.18062;1.92959;0.896935;1.69221;0.0103398;1.94665e+10;
32;16384;16384;estimate;par;7.50431;2.08015;5.42412;0.757749;1.85692;0.9034;1.90606;0.0104799;1.94665e+10;
32;16384;16384;estimate;par;7.30345;2.06987;5.23352;0.795285;1.47092;0.914743;2.05257;0.0104064;1.94665e+10;
32;16384;16384;estimate;par;7.44337;2.06259;5.38072;1.13158;1.49842;0.907429;1.84329;0.0103855;1.94665e+10;
32;16384;16384;estimate;par;7.46737;2.11441;5.3529;0.814762;1.79521;0.813858;1.92907;0.0105584;1.94665e+10;
32;16384;16384;estimate;par;8.07232;2.07418;5.9981;1.65868;1.81193;0.93404;1.59345;0.0101911;1.94665e+10;
32;16384;16384;estimate;par;7.09962;2.10394;4.99561;0.759237;1.50936;0.888822;1.8382;0.0103715;1.94665e+10;
32;16384;16384;estimate;par;7.48458;2.09744;5.3871;0.820494;1.54896;0.797075;2.22057;0.0103986;1.94665e+10;
32;16384;16384;estimate;par;8.10383;2.13983;5.96393;0.8162;1.92586;0.886957;2.33491;0.0103338;1.94665e+10;
32;16384;16384;estimate;par;7.18279;2.10772;5.075;0.799731;1.70291;0.797825;1.77453;0.0101853;1.94665e+10;
32;16384;16384;estimate;par;7.13485;2.10315;5.03165;0.790266;1.56308;0.880743;1.79756;0.0103074;1.94665e+10;
32;16384;16384;estimate;par;7.16773;2.0609;5.10676;0.76364;1.66162;0.81612;1.86538;0.0104272;1.94665e+10;
32;16384;16384;estimate;par;8.23517;2.09534;6.13977;1.57696;2.18414;0.869619;1.50905;0.0105489;1.94665e+10;
32;16384;16384;estimate;par;7.55249;2.10382;5.4486;0.779752;1.94427;0.807091;1.91749;0.0100797;1.94665e+10;
32;16384;16384;estimate;par;7.5865;2.12711;5.45932;1.11722;1.8062;0.826881;1.70903;0.0104057;1.94665e+10;
32;16384;16384;estimate;par;7.32118;2.12084;5.20028;0.775016;1.52919;0.911033;1.98503;0.0104467;1.94665e+10;
32;16384;16384;estimate;par;7.61337;2.10162;5.51168;0.775663;1.95979;0.90281;1.87342;0.0104242;1.94665e+10;
32;16384;16384;estimate;par;7.83803;2.0898;5.74815;1.63295;1.84374;0.809778;1.46167;0.0105548;1.94665e+10;
32;16384;16384;estimate;par;7.49601;2.09862;5.39732;0.801693;1.70685;0.848376;2.0404;0.0106123;1.94665e+10;
32;16384;16384;estimate;par;7.49487;2.12867;5.36613;0.790601;1.69997;0.926234;1.94933;0.0103738;1.94665e+10;
32;16384;16384;estimate;par;7.39346;2.10249;5.2909;0.798512;1.74481;0.91172;1.83585;0.0104288;1.94665e+10;
32;16384;16384;estimate;par;7.39032;2.08531;5.30493;0.791058;1.95435;0.81141;1.74812;0.0103225;1.94665e+10;
32;16384;16384;estimate;par;7.47981;2.08096;5.39877;1.10044;1.79222;0.800854;1.70525;0.00997613;1.94665e+10;
32;16384;16384;estimate;par;7.22038;2.10017;5.12016;0.797304;1.69206;0.911838;1.71896;0.0100635;1.94665e+10;
32;16384;16384;estimate;par;6.90453;2.07857;4.82591;0.787093;1.48667;0.779581;1.77256;0.0101835;1.94665e+10;
32;16384;16384;estimate;par;7.62418;2.12703;5.49708;1.23125;1.49176;0.80069;1.97337;0.0107214;1.94665e+10;
32;16384;16384;estimate;par;7.50971;2.12277;5.38689;1.13203;1.51073;0.909593;1.83453;0.010231;1.94665e+10;
32;16384;16384;estimate;par;7.66817;2.09545;5.57265;0.809539;1.87705;0.928375;1.95768;0.0103377;1.94665e+10;
32;16384;16384;estimate;par;7.48027;2.05271;5.42749;0.850513;1.50974;0.915136;2.1521;0.0103909;1.94665e+10;
32;16384;16384;estimate;par;7.11499;2.11868;4.99623;1.14721;1.4445;0.776979;1.62754;0.0104995;1.94665e+10;
32;16384;16384;estimate;par;7.64104;2.12435;5.51661;0.786805;1.85731;0.920477;1.95202;0.0100911;1.94665e+10;
32;16384;16384;estimate;par;7.72109;2.12836;5.59266;0.860361;1.64751;0.8766;2.20819;0.0103338;1.94665e+10;
32;16384;16384;estimate;par;7.64946;2.11968;5.52974;0.793361;1.8271;0.958146;1.95113;0.010121;1.94665e+10;
32;16384;16384;estimate;par;7.93953;2.08833;5.85114;1.50064;1.83021;0.903796;1.6165;0.0106221;1.94665e+10;
32;16384;16384;estimate;par;7.49612;2.12862;5.36746;0.798733;1.86646;0.789757;1.91251;0.0105613;1.94665e+10;
32;16384;16384;estimate;par;7.79867;2.12717;5.67144;1.11359;1.78737;0.912036;1.85845;0.0106783;1.94665e+10;
32;16384;16384;estimate;par;8.03177;2.05462;5.97708;2.04908;1.58663;0.957395;1.38398;0.0100838;1.94665e+10;
32;16384;16384;estimate;par;7.456;2.09876;5.35717;0.768118;1.7274;0.899054;1.9626;0.010298;1.94665e+10;
32;16384;16384;estimate;par;7.76552;2.10133;5.66415;1.37176;1.72848;0.89293;1.67098;0.0105689;1.94665e+10;
32;16384;16384;estimate;par;7.21049;2.08005;5.13037;0.753891;1.57379;0.896252;1.90644;0.0106006;1.94665e+10;
32;16384;16384;estimate;par;7.94387;2.17451;5.76932;1.3204;1.72557;0.904723;1.81862;0.0102816;1.94665e+10;
32;16384;16384;estimate;par;7.88307;2.1056;5.77739;0.794145;2.10459;0.914125;1.96454;0.0103717;1.94665e+10;
32;16384;16384;estimate;par;7.26346;2.12259;5.14083;0.773641;1.6672;0.809904;1.89009;0.0104618;1.94665e+10;
32;16384;16384;estimate;par;7.6223;2.07624;5.54601;1.14303;1.50716;0.909312;1.98651;0.0101461;1.94665e+10;
32;16384;16384;estimate;par;7.72502;2.05202;5.67292;1.38984;1.65428;0.900718;1.72808;0.0101529;1.94665e+10;
32;16384;16384;estimate;par;7.68171;2.08411;5.59756;1.7453;1.60071;0.793585;1.45797;0.0106453;1.94665e+10;
64;16384;16384;estimate;par;9.48136;2.07528;7.40602;3.01632;1.89665;0.715308;1.77775;0.0104225;1.94665e+10;
64;16384;16384;estimate;par;8.49521;2.06327;6.43187;2.58287;1.51557;0.702907;1.63053;0.0103846;1.94665e+10;
64;16384;16384;estimate;par;17.2109;2.10292;15.1079;9.64656;1.73248;0.71987;3.00901;0.0104529;1.94665e+10;
64;16384;16384;estimate;par;8.82423;2.04962;6.77454;2.71132;1.59657;0.714492;1.75216;0.0105228;1.94665e+10;
64;16384;16384;estimate;par;10.3416;2.0812;8.26028;3.59124;1.87101;0.898471;1.89956;0.0103913;1.94665e+10;
64;16384;16384;estimate;par;15.2628;2.08899;13.1737;8.28431;1.76374;1.25969;1.86594;0.0104117;1.94665e+10;
64;16384;16384;estimate;par;9.75406;2.08215;7.67178;3.36337;1.63007;0.897208;1.78114;0.0104359;1.94665e+10;
64;16384;16384;estimate;par;16.2868;2.11676;14.1699;8.61389;2.167;0.95817;2.43084;0.0106633;1.94665e+10;
64;16384;16384;estimate;par;9.1302;2.07139;7.05873;2.8481;1.67241;0.741675;1.79655;0.0104626;1.94665e+10;
64;16384;16384;estimate;par;9.33965;2.07381;7.26574;3.34281;1.53726;0.776023;1.60964;0.0104399;1.94665e+10;
64;16384;16384;estimate;par;11.8204;2.05054;9.76968;5.04748;1.72874;0.855776;2.13769;0.0105705;1.94665e+10;
64;16384;16384;estimate;par;13.144;2.08118;11.0625;6.56905;1.53448;0.74469;2.21428;0.0105066;1.94665e+10;
64;16384;16384;estimate;par;10.9325;2.0535;8.87887;4.3971;1.73385;0.855524;1.8924;0.0103496;1.94665e+10;
64;16384;16384;estimate;par;16.6871;2.12286;14.5641;9.42406;1.67992;0.73328;2.72688;0.0105778;1.94665e+10;
64;16384;16384;estimate;par;11.8529;2.07679;9.77597;5.09397;1.6898;0.89361;2.09859;0.0104984;1.94665e+10;
64;16384;16384;estimate;par;11.4429;2.09387;9.34887;4.6115;1.71887;0.87163;2.14687;0.0105479;1.94665e+10;
64;16384;16384;estimate;par;13.4742;2.07483;11.3992;6.45894;1.61014;0.757724;2.57243;0.0104282;1.94665e+10;
64;16384;16384;estimate;par;13.0732;2.069;11.004;6.70866;1.73124;0.748266;1.81587;0.010379;1.94665e+10;
64;16384;16384;estimate;par;9.46746;2.11326;7.35412;3.21445;1.64452;0.730675;1.76447;0.0105873;1.94665e+10;
64;16384;16384;estimate;par;12.4051;2.06899;10.3361;5.17765;2.15442;0.834976;2.16903;0.0105455;1.94665e+10;
64;16384;16384;estimate;par;8.83197;2.07912;6.75256;2.51832;1.64455;0.734071;1.85561;0.0104793;1.94665e+10;
64;16384;16384;estimate;par;10.1921;2.08736;8.10459;3.65915;1.62553;0.790557;2.02934;0.0108574;1.94665e+10;
64;16384;16384;estimate;par;11.244;2.07697;9.16689;4.21359;1.83506;0.869475;2.24876;0.0102487;1.94665e+10;
64;16384;16384;estimate;par;7.57942;2.11201;5.46734;1.63377;1.4224;0.755813;1.65537;0.010731;1.94665e+10;
64;16384;16384;estimate;par;9.14282;2.13951;7.00301;2.47863;2.16688;0.751001;1.6065;0.010459;1.94665e+10;
64;16384;16384;estimate;par;9.60091;2.11865;7.48215;2.89287;1.7459;0.875802;1.96758;0.0103885;1.94665e+10;
64;16384;16384;estimate;par;11.7454;2.09722;9.64803;5.14892;1.71963;0.913056;1.86642;0.0105591;1.94665e+10;
64;16384;16384;estimate;par;8.93907;2.12492;6.81407;2.63596;1.67739;0.73099;1.76973;0.0104103;1.94665e+10;
64;16384;16384;estimate;par;9.60709;2.08166;7.52535;3.24357;1.73293;0.763963;1.78489;0.0107663;1.94665e+10;
64;16384;16384;estimate;par;11.2495;2.11073;9.13846;4.69539;1.77036;0.875909;1.79681;0.0103297;1.94665e+10;
64;16384;16384;estimate;par;10.537;2.1272;8.40969;4.23157;1.78575;0.785535;1.60684;0.0109133;1.94665e+10;
64;16384;16384;estimate;par;11.5401;2.05476;9.48506;4.68254;1.6862;0.930545;2.18578;0.0102186;1.94665e+10;
64;16384;16384;estimate;par;14.0902;2.0537;12.0364;7.3287;1.53923;0.787524;2.38092;0.0105506;1.94665e+10;
64;16384;16384;estimate;par;9.82667;2.11242;7.71418;3.35248;1.79127;0.763957;1.80647;0.0105731;1.94665e+10;
64;16384;16384;estimate;par;10.6343;2.05989;8.57435;4.1091;1.85848;0.879408;1.72736;0.0103634;1.94665e+10;
64;16384;16384;estimate;par;15.1878;2.07414;13.1134;8.10196;1.98585;0.751961;2.2736;0.010431;1.94665e+10;
64;16384;16384;estimate;par;11.1005;2.08381;9.01661;4.11643;2.11518;0.823182;1.96181;0.0106598;1.94665e+10;
64;16384;16384;estimate;par;12.3483;2.07113;10.277;5.59565;1.69981;0.839606;2.14198;0.0104995;1.94665e+10;
64;16384;16384;estimate;par;9.47167;2.12357;7.3449;3.1026;1.64867;0.882474;1.71115;0.0103773;1.94665e+10;
64;16384;16384;estimate;par;8.86527;2.11352;6.75169;2.59187;1.67825;0.714359;1.76721;0.010561;1.94665e+10;
64;16384;16384;estimate;par;10.5513;2.14197;8.409;3.75425;2.08293;0.774312;1.7975;0.0104607;1.94665e+10;
64;16384;16384;estimate;par;9.8598;2.06527;7.79414;3.22034;1.60305;0.887151;2.08359;0.0103702;1.94665e+10;
64;16384;16384;estimate;par;13.6059;2.10914;11.4967;6.85266;1.77648;0.740093;2.12745;0.0105131;1.94665e+10;
64;16384;16384;estimate;par;11.1563;2.12828;9.02793;4.20783;2.12241;0.79904;1.89864;0.0104567;1.94665e+10;
64;16384;16384;estimate;par;9.57363;2.12748;7.44609;3.08323;1.72315;0.723457;1.91624;0.0103154;1.94665e+10;
64;16384;16384;estimate;par;9.75582;2.14544;7.61032;2.71665;2.49618;0.760554;1.63694;0.0103767;1.94665e+10;
64;16384;16384;estimate;par;10.4379;2.06503;8.37279;3.86087;1.68176;0.802817;2.02735;0.0108657;1.94665e+10;
64;16384;16384;estimate;par;14.4596;2.06556;12.3939;7.57924;1.56719;0.841993;2.40552;0.0106982;1.94665e+10;
64;16384;16384;estimate;par;12.1085;2.07349;10.0349;5.31536;1.84251;0.878951;1.9981;0.0104617;1.94665e+10;
64;16384;16384;estimate;par;12.9029;2.05626;10.8465;6.7358;1.62778;0.732418;1.75049;0.0103911;1.94665e+10;
