n_threads;n_x;n_y;plan;total;initialization;fft_2d_total;
1;16384;16384;estimate;80.0035;2.12042;77.8831;
1;16384;16384;estimate;79.8879;2.13046;77.7574;
1;16384;16384;estimate;79.8844;2.16697;77.7174;
1;16384;16384;estimate;79.8319;2.13554;77.6963;
1;16384;16384;estimate;79.6949;2.12955;77.5653;
1;16384;16384;estimate;79.6127;2.12951;77.4832;
1;16384;16384;estimate;79.7203;2.16522;77.5551;
1;16384;16384;estimate;80.019;2.10801;77.911;
1;16384;16384;estimate;79.9798;2.13713;77.8427;
1;16384;16384;estimate;79.971;2.12496;77.8461;
1;16384;16384;estimate;79.8154;2.09813;77.7172;
1;16384;16384;estimate;80.0275;2.12393;77.9036;
1;16384;16384;estimate;79.9203;2.12009;77.8002;
1;16384;16384;estimate;79.8529;2.11392;77.739;
1;16384;16384;estimate;79.795;2.14252;77.6524;
1;16384;16384;estimate;79.9787;2.11857;77.8601;
1;16384;16384;estimate;79.8881;2.127;77.7611;
1;16384;16384;estimate;79.8016;2.11606;77.6855;
1;16384;16384;estimate;79.9237;2.12682;77.7969;
1;16384;16384;estimate;79.9173;2.13437;77.7829;
1;16384;16384;estimate;79.7294;2.12549;77.6039;
1;16384;16384;estimate;79.662;2.15207;77.5099;
1;16384;16384;estimate;79.776;2.11578;77.6603;
1;16384;16384;estimate;79.7195;2.12314;77.5963;
1;16384;16384;estimate;79.9186;2.1248;77.7938;
1;16384;16384;estimate;79.9089;2.12991;77.779;
1;16384;16384;estimate;79.8381;2.13168;77.7064;
1;16384;16384;estimate;80.0107;2.07162;77.9391;
1;16384;16384;estimate;79.9567;2.10466;77.852;
1;16384;16384;estimate;79.6858;2.11033;77.5755;
1;16384;16384;estimate;79.7169;2.12768;77.5892;
1;16384;16384;estimate;79.8105;2.143;77.6675;
1;16384;16384;estimate;79.6948;2.10693;77.5879;
1;16384;16384;estimate;79.7365;2.12113;77.6153;
1;16384;16384;estimate;79.653;2.11453;77.5384;
1;16384;16384;estimate;79.9087;2.12076;77.7879;
1;16384;16384;estimate;79.9947;2.10634;77.8883;
1;16384;16384;estimate;79.8071;2.11608;77.691;
1;16384;16384;estimate;80.0129;2.11371;77.8992;
1;16384;16384;estimate;79.8014;2.14163;77.6598;
1;16384;16384;estimate;79.7721;2.10394;77.6682;
1;16384;16384;estimate;79.8979;2.11959;77.7783;
1;16384;16384;estimate;79.7868;2.12454;77.6623;
1;16384;16384;estimate;79.8166;2.10337;77.7132;
1;16384;16384;estimate;79.8014;2.14163;77.6598;
1;16384;16384;estimate;79.7721;2.10394;77.6682;
1;16384;16384;estimate;79.8979;2.11959;77.7783;
1;16384;16384;estimate;79.7868;2.12454;77.6623;
1;16384;16384;estimate;79.8166;2.10337;77.7132;
1;16384;16384;estimate;79.8381;2.13168;77.7064;
2;16384;16384;estimate;46.8264;2.08786;44.7385;
2;16384;16384;estimate;46.874;2.14983;44.7242;
2;16384;16384;estimate;46.6933;2.11098;44.5823;
2;16384;16384;estimate;46.8887;2.12453;44.7642;
2;16384;16384;estimate;46.9428;2.08894;44.8539;
2;16384;16384;estimate;46.7671;2.09309;44.674;
2;16384;16384;estimate;46.9092;2.11552;44.7937;
2;16384;16384;estimate;46.9867;2.10429;44.8824;
2;16384;16384;estimate;46.8587;2.12873;44.7299;
2;16384;16384;estimate;46.879;2.10816;44.7709;
2;16384;16384;estimate;47.0432;2.10753;44.9357;
2;16384;16384;estimate;46.7665;2.09103;44.6755;
2;16384;16384;estimate;46.9505;2.11268;44.8379;
2;16384;16384;estimate;46.7867;2.09313;44.6936;
2;16384;16384;estimate;46.8304;2.11111;44.7193;
2;16384;16384;estimate;46.983;2.09569;44.8873;
2;16384;16384;estimate;46.6258;2.10628;44.5195;
2;16384;16384;estimate;47.1335;2.12455;45.009;
2;16384;16384;estimate;46.6583;2.11136;44.547;
2;16384;16384;estimate;46.7896;2.11835;44.6712;
2;16384;16384;estimate;46.857;2.10425;44.7528;
2;16384;16384;estimate;46.6816;2.12324;44.5583;
2;16384;16384;estimate;46.7428;2.12123;44.6216;
2;16384;16384;estimate;46.8622;2.11992;44.7423;
2;16384;16384;estimate;46.8243;2.08539;44.7389;
2;16384;16384;estimate;47.1544;2.07534;45.079;
2;16384;16384;estimate;46.7807;2.10569;44.675;
2;16384;16384;estimate;46.6845;2.08099;44.6035;
2;16384;16384;estimate;46.7785;2.10903;44.6695;
2;16384;16384;estimate;46.7299;2.14539;44.5845;
2;16384;16384;estimate;47.0193;2.12492;44.8944;
2;16384;16384;estimate;46.5539;2.09144;44.4625;
2;16384;16384;estimate;47.2307;2.14192;45.0887;
2;16384;16384;estimate;46.6753;2.11136;44.564;
2;16384;16384;estimate;46.8468;2.11403;44.7328;
2;16384;16384;estimate;47.1079;2.11729;44.9906;
2;16384;16384;estimate;47.0502;2.10653;44.9436;
2;16384;16384;estimate;47.1069;2.12252;44.9844;
2;16384;16384;estimate;46.598;2.11325;44.4848;
2;16384;16384;estimate;46.6792;2.10475;44.5744;
2;16384;16384;estimate;46.7862;2.06358;44.7226;
2;16384;16384;estimate;46.3665;2.09483;44.2716;
2;16384;16384;estimate;46.7932;2.11745;44.6758;
2;16384;16384;estimate;47.1263;2.16275;44.9636;
2;16384;16384;estimate;46.7816;2.12219;44.6594;
2;16384;16384;estimate;46.705;2.10892;44.5961;
2;16384;16384;estimate;46.7552;2.10361;44.6516;
2;16384;16384;estimate;46.7306;2.1141;44.6165;
2;16384;16384;estimate;46.7563;2.11366;44.6427;
2;16384;16384;estimate;46.8872;2.14205;44.7452;
4;16384;16384;estimate;28.3731;2.14035;26.2327;
4;16384;16384;estimate;28.4127;2.13173;26.281;
4;16384;16384;estimate;28.2908;2.15045;26.1403;
4;16384;16384;estimate;28.4538;2.11141;26.3423;
4;16384;16384;estimate;28.4183;2.16182;26.2565;
4;16384;16384;estimate;28.4459;2.11687;26.329;
4;16384;16384;estimate;28.3607;2.11426;26.2464;
4;16384;16384;estimate;28.3827;2.08596;26.2967;
4;16384;16384;estimate;28.3021;2.08538;26.2168;
4;16384;16384;estimate;28.4083;2.11644;26.2919;
4;16384;16384;estimate;28.373;2.13389;26.2391;
4;16384;16384;estimate;28.4083;2.10824;26.3;
4;16384;16384;estimate;28.3975;2.11894;26.2785;
4;16384;16384;estimate;28.4131;2.08056;26.3326;
4;16384;16384;estimate;28.4118;2.12157;26.2902;
4;16384;16384;estimate;28.2944;2.0968;26.1976;
4;16384;16384;estimate;28.4168;2.11214;26.3046;
4;16384;16384;estimate;28.4389;2.11395;26.325;
4;16384;16384;estimate;28.4116;2.1164;26.2952;
4;16384;16384;estimate;28.421;2.14551;26.2755;
4;16384;16384;estimate;28.4318;2.10565;26.3261;
4;16384;16384;estimate;28.4674;2.10399;26.3634;
4;16384;16384;estimate;28.267;2.13081;26.1362;
4;16384;16384;estimate;28.3406;2.08494;26.2557;
4;16384;16384;estimate;28.5632;2.10989;26.4533;
4;16384;16384;estimate;28.42;2.14823;26.2717;
4;16384;16384;estimate;28.4093;2.1164;26.2929;
4;16384;16384;estimate;28.3742;2.11414;26.2601;
4;16384;16384;estimate;28.4788;2.11746;26.3613;
4;16384;16384;estimate;28.4208;2.16558;26.2553;
4;16384;16384;estimate;28.4291;2.13847;26.2906;
4;16384;16384;estimate;28.3699;2.11418;26.2558;
4;16384;16384;estimate;28.3865;2.16561;26.2209;
4;16384;16384;estimate;28.3843;2.10124;26.2831;
4;16384;16384;estimate;28.5637;2.11301;26.4507;
4;16384;16384;estimate;28.3966;2.10191;26.2947;
4;16384;16384;estimate;28.492;2.15038;26.3416;
4;16384;16384;estimate;28.3525;2.13566;26.2169;
4;16384;16384;estimate;28.4049;2.11932;26.2855;
4;16384;16384;estimate;28.2599;2.10269;26.1572;
4;16384;16384;estimate;28.2774;2.12711;26.1503;
4;16384;16384;estimate;28.4386;2.09599;26.3426;
4;16384;16384;estimate;28.4335;2.14739;26.2861;
4;16384;16384;estimate;28.4369;2.11298;26.3239;
4;16384;16384;estimate;28.3585;2.12724;26.2313;
4;16384;16384;estimate;28.2996;2.12207;26.1775;
4;16384;16384;estimate;28.4594;2.09373;26.3657;
4;16384;16384;estimate;28.2963;2.13137;26.165;
4;16384;16384;estimate;28.5162;2.12447;26.3917;
4;16384;16384;estimate;28.3795;2.14563;26.2339;
8;16384;16384;estimate;14.5511;2.05873;12.4924;
8;16384;16384;estimate;14.4552;2.07838;12.3768;
8;16384;16384;estimate;14.5172;2.05935;12.4579;
8;16384;16384;estimate;14.3319;2.071;12.2609;
8;16384;16384;estimate;14.4275;2.10284;12.3247;
8;16384;16384;estimate;14.4447;2.06083;12.3839;
8;16384;16384;estimate;14.5014;2.11743;12.384;
8;16384;16384;estimate;14.4799;2.08774;12.3922;
8;16384;16384;estimate;14.4912;2.12623;12.365;
8;16384;16384;estimate;14.4465;2.11265;12.3338;
8;16384;16384;estimate;14.2681;2.08122;12.1869;
8;16384;16384;estimate;14.4744;2.11413;12.3602;
8;16384;16384;estimate;14.5712;2.10397;12.4672;
8;16384;16384;estimate;14.3712;2.08252;12.2887;
8;16384;16384;estimate;14.4081;2.05481;12.3533;
8;16384;16384;estimate;14.434;2.11793;12.3161;
8;16384;16384;estimate;14.4667;2.11092;12.3558;
8;16384;16384;estimate;14.4321;2.14807;12.2841;
8;16384;16384;estimate;14.3733;2.11895;12.2544;
8;16384;16384;estimate;14.4491;2.10821;12.3409;
8;16384;16384;estimate;14.3785;2.11085;12.2677;
8;16384;16384;estimate;14.5161;2.13491;12.3812;
8;16384;16384;estimate;14.5011;2.09768;12.4034;
8;16384;16384;estimate;14.4777;2.13332;12.3444;
8;16384;16384;estimate;14.5149;2.09221;12.4227;
8;16384;16384;estimate;14.407;2.08257;12.3245;
8;16384;16384;estimate;14.3842;2.05266;12.3316;
8;16384;16384;estimate;14.3971;2.10474;12.2923;
8;16384;16384;estimate;14.3522;2.13063;12.2216;
8;16384;16384;estimate;14.4657;2.10558;12.3601;
8;16384;16384;estimate;14.3601;2.1003;12.2598;
8;16384;16384;estimate;14.4464;2.12617;12.3202;
8;16384;16384;estimate;14.313;2.08489;12.2281;
8;16384;16384;estimate;14.4276;2.11343;12.3141;
8;16384;16384;estimate;14.4907;2.08797;12.4027;
8;16384;16384;estimate;14.3955;2.11934;12.2761;
8;16384;16384;estimate;14.256;2.11957;12.1364;
8;16384;16384;estimate;14.4474;2.08376;12.3637;
8;16384;16384;estimate;14.4804;2.07722;12.4032;
8;16384;16384;estimate;14.3883;2.08265;12.3056;
8;16384;16384;estimate;14.3882;2.10776;12.2804;
8;16384;16384;estimate;14.5188;2.11004;12.4088;
8;16384;16384;estimate;14.4629;2.12461;12.3383;
8;16384;16384;estimate;14.4226;2.0787;12.3439;
8;16384;16384;estimate;14.3924;2.12677;12.2657;
8;16384;16384;estimate;14.3975;2.1093;12.2882;
8;16384;16384;estimate;14.4437;2.09295;12.3507;
8;16384;16384;estimate;14.4242;2.14045;12.2838;
8;16384;16384;estimate;14.5032;2.11136;12.3919;
8;16384;16384;estimate;14.4309;2.09655;12.3344;
16;16384;16384;estimate;10.1327;2.10503;8.0277;
16;16384;16384;estimate;10.0388;2.08908;7.94976;
16;16384;16384;estimate;10.1873;2.0924;8.09488;
16;16384;16384;estimate;9.972;2.11866;7.85334;
16;16384;16384;estimate;10.2305;2.14737;8.08318;
16;16384;16384;estimate;10.0418;2.11561;7.92615;
16;16384;16384;estimate;10.0929;2.10385;7.98906;
16;16384;16384;estimate;9.9879;2.07959;7.90831;
16;16384;16384;estimate;10.0743;2.09596;7.97831;
16;16384;16384;estimate;10.1502;2.1098;8.04037;
16;16384;16384;estimate;10.0114;2.10466;7.90674;
16;16384;16384;estimate;10.0443;2.08937;7.95495;
16;16384;16384;estimate;10.0291;2.09674;7.93238;
16;16384;16384;estimate;10.1594;2.10307;8.0563;
16;16384;16384;estimate;10.2159;2.16129;8.05462;
16;16384;16384;estimate;9.90051;2.1151;7.78541;
16;16384;16384;estimate;10.1799;2.14098;8.03891;
16;16384;16384;estimate;9.99792;2.1121;7.88583;
16;16384;16384;estimate;10.0743;2.09154;7.98273;
16;16384;16384;estimate;10.1019;2.13109;7.97082;
16;16384;16384;estimate;10.1489;2.10093;8.04793;
16;16384;16384;estimate;10.0127;2.09488;7.91785;
16;16384;16384;estimate;9.88947;2.06606;7.82341;
16;16384;16384;estimate;10.0831;2.10248;7.98059;
16;16384;16384;estimate;10.111;2.14389;7.96714;
16;16384;16384;estimate;10.0636;2.09936;7.96422;
16;16384;16384;estimate;10.0339;2.11245;7.9215;
16;16384;16384;estimate;10.0883;2.11972;7.96858;
16;16384;16384;estimate;10.1076;2.08486;8.02277;
16;16384;16384;estimate;10.0138;2.10874;7.90508;
16;16384;16384;estimate;10.1292;2.09729;8.03192;
16;16384;16384;estimate;10.1282;2.09257;8.0356;
16;16384;16384;estimate;10.0585;2.12276;7.93577;
16;16384;16384;estimate;10.156;2.0935;8.06247;
16;16384;16384;estimate;10.0755;2.11344;7.96205;
16;16384;16384;estimate;10.1539;2.13146;8.02246;
16;16384;16384;estimate;10.1896;2.122;8.06764;
16;16384;16384;estimate;10.1011;2.11258;7.98847;
16;16384;16384;estimate;10.0703;2.10029;7.97001;
16;16384;16384;estimate;10.0704;2.08811;7.98232;
16;16384;16384;estimate;10.1523;2.08953;8.06278;
16;16384;16384;estimate;10.1086;2.12389;7.9847;
16;16384;16384;estimate;10.0592;2.10417;7.955;
16;16384;16384;estimate;9.97967;2.10891;7.87077;
16;16384;16384;estimate;10.068;2.09034;7.97764;
16;16384;16384;estimate;10.0604;2.08261;7.97774;
16;16384;16384;estimate;10.0014;2.073;7.92839;
16;16384;16384;estimate;10.0411;2.13931;7.90183;
16;16384;16384;estimate;9.96929;2.09733;7.87195;
16;16384;16384;estimate;10.0844;2.0678;8.01656;
32;16384;16384;estimate;10.9239;2.10612;8.81782;
32;16384;16384;estimate;10.31;2.10822;8.20174;
32;16384;16384;estimate;10.3907;2.08226;8.30846;
32;16384;16384;estimate;10.3964;2.15147;8.24492;
32;16384;16384;estimate;11.8765;2.10889;9.76759;
32;16384;16384;estimate;10.8713;2.1125;8.75882;
32;16384;16384;estimate;10.4258;2.13105;8.29475;
32;16384;16384;estimate;9.87743;2.13833;7.7391;
32;16384;16384;estimate;10.9989;2.10755;8.89131;
32;16384;16384;estimate;10.4171;2.11985;8.29728;
32;16384;16384;estimate;9.84586;2.11626;7.7296;
32;16384;16384;estimate;10.9798;2.13239;8.84744;
32;16384;16384;estimate;10.8049;2.1193;8.68558;
32;16384;16384;estimate;10.8572;2.11203;8.74514;
32;16384;16384;estimate;10.9597;2.1221;8.83763;
32;16384;16384;estimate;10.0887;2.11762;7.97109;
32;16384;16384;estimate;10.9058;2.15874;8.74708;
32;16384;16384;estimate;9.78608;2.09037;7.69571;
32;16384;16384;estimate;9.80214;2.07986;7.72228;
32;16384;16384;estimate;10.0738;2.07534;7.99849;
32;16384;16384;estimate;9.88026;2.09089;7.78937;
32;16384;16384;estimate;10.6468;2.11736;8.52944;
32;16384;16384;estimate;10.9621;2.12866;8.83342;
32;16384;16384;estimate;10.5025;2.08096;8.42152;
32;16384;16384;estimate;10.0841;2.10836;7.97569;
32;16384;16384;estimate;9.99904;2.1169;7.88213;
32;16384;16384;estimate;9.4941;2.11383;7.38028;
32;16384;16384;estimate;11.0206;2.14626;8.87438;
32;16384;16384;estimate;10.3465;2.08978;8.25673;
32;16384;16384;estimate;10.7446;2.08548;8.65909;
32;16384;16384;estimate;10.8757;2.11335;8.76239;
32;16384;16384;estimate;10.8892;2.13722;8.75193;
32;16384;16384;estimate;10.472;2.11928;8.35273;
32;16384;16384;estimate;11.4281;2.12922;9.29884;
32;16384;16384;estimate;9.94119;2.08886;7.85233;
32;16384;16384;estimate;10.1784;2.13944;8.03896;
32;16384;16384;estimate;10.148;2.12753;8.02048;
32;16384;16384;estimate;11.7477;2.12408;9.62363;
32;16384;16384;estimate;11.0547;2.11594;8.93879;
32;16384;16384;estimate;10.7983;2.12399;8.67429;
32;16384;16384;estimate;10.0528;2.10229;7.95055;
32;16384;16384;estimate;10.7745;2.12758;8.64688;
32;16384;16384;estimate;9.43176;2.12434;7.30742;
32;16384;16384;estimate;9.96375;2.11343;7.85031;
32;16384;16384;estimate;11.2981;2.16217;9.13598;
32;16384;16384;estimate;10.9431;2.11774;8.82536;
32;16384;16384;estimate;11.0532;2.10192;8.95125;
32;16384;16384;estimate;10.9205;2.08588;8.83463;
32;16384;16384;estimate;10.6131;2.12507;8.48807;
32;16384;16384;estimate;10.9865;2.12294;8.86352;
64;16384;16384;estimate;32.3576;2.0954;30.2622;
64;16384;16384;estimate;53.0699;2.13434;50.9356;
64;16384;16384;estimate;17.5274;2.12028;15.4071;
64;16384;16384;estimate;80.0358;2.10876;77.9271;
64;16384;16384;estimate;38.56;2.10054;36.4595;
64;16384;16384;estimate;35.7819;2.07374;33.7082;
64;16384;16384;estimate;74.0106;2.11216;71.8985;
64;16384;16384;estimate;32.9169;2.0948;30.8221;
64;16384;16384;estimate;40.9853;2.10776;38.8775;
64;16384;16384;estimate;18.3079;2.10875;16.1992;
64;16384;16384;estimate;36.0019;2.10709;33.8948;
64;16384;16384;estimate;16.1033;2.0419;14.0614;
64;16384;16384;estimate;30.7591;2.11161;28.6475;
64;16384;16384;estimate;32.8997;2.11634;30.7834;
64;16384;16384;estimate;17.301;2.08248;15.2185;
64;16384;16384;estimate;33.0905;2.06914;31.0213;
64;16384;16384;estimate;45.5814;2.10437;43.477;
64;16384;16384;estimate;47.6471;2.109;45.5381;
64;16384;16384;estimate;17.7834;2.10349;15.6799;
64;16384;16384;estimate;33.1716;2.09864;31.073;
64;16384;16384;estimate;34.6153;2.0875;32.5278;
64;16384;16384;estimate;17.6419;2.10652;15.5353;
64;16384;16384;estimate;34.1748;2.11052;32.0643;
64;16384;16384;estimate;17.6044;2.1089;15.4955;
64;16384;16384;estimate;32.2559;2.13097;30.1249;
64;16384;16384;estimate;18.1578;2.08276;16.075;
64;16384;16384;estimate;32.5328;2.08886;30.444;
64;16384;16384;estimate;17.3776;2.1333;15.2443;
64;16384;16384;estimate;30.9333;2.09898;28.8344;
64;16384;16384;estimate;38.6723;2.12792;36.5444;
64;16384;16384;estimate;41.5362;2.13327;39.4029;
64;16384;16384;estimate;33.5075;2.09638;31.4111;
64;16384;16384;estimate;32.5213;2.12906;30.3923;
64;16384;16384;estimate;17.949;2.09134;15.8577;
64;16384;16384;estimate;31.0221;2.08779;28.9343;
64;16384;16384;estimate;31.9865;2.11391;29.8726;
64;16384;16384;estimate;42.8114;2.11752;40.6939;
64;16384;16384;estimate;18.457;2.10255;16.3544;
64;16384;16384;estimate;41.7535;2.08488;39.6686;
64;16384;16384;estimate;43.6117;2.11175;41.4999;
64;16384;16384;estimate;82.2678;2.07821;80.1896;
64;16384;16384;estimate;17.8359;2.12645;15.7094;
64;16384;16384;estimate;42.18;2.09507;40.0849;
64;16384;16384;estimate;18.0267;2.11489;15.9118;
64;16384;16384;estimate;17.8017;2.06874;15.7329;
64;16384;16384;estimate;17.1738;2.13384;15.04;
64;16384;16384;estimate;79.4027;2.09356;77.3092;
64;16384;16384;estimate;46.8737;2.07458;44.7991;
64;16384;16384;estimate;18.117;2.13526;15.9817;
64;16384;16384;estimate;18.2785;2.09364;16.1848;