n_threads;n_x;n_y;plan;planning;fftw_2d_r2c;plan_flops;
1;16384;16384;estimate;0.00957351;70.774;1.27229e+10;
1;16384;16384;estimate;0.00996563;70.4747;1.27229e+10;
1;16384;16384;estimate;0.00968239;70.4968;1.27229e+10;
1;16384;16384;estimate;0.00922535;70.5924;1.27229e+10;
1;16384;16384;estimate;0.009517;70.7128;1.27229e+10;
1;16384;16384;estimate;0.00965039;70.3915;1.27229e+10;
1;16384;16384;estimate;0.00939077;70.5936;1.27229e+10;
1;16384;16384;estimate;0.00971173;70.4173;1.27229e+10;
1;16384;16384;estimate;0.00978605;69.8885;1.27229e+10;
1;16384;16384;estimate;0.00929079;70.4298;1.27229e+10;
1;16384;16384;estimate;0.00973949;69.8085;1.27229e+10;
1;16384;16384;estimate;0.00915721;69.8415;1.27229e+10;
1;16384;16384;estimate;0.00957633;70.0207;1.27229e+10;
1;16384;16384;estimate;0.00950113;71.0809;1.27229e+10;
1;16384;16384;estimate;0.00959011;70.6554;1.27229e+10;
1;16384;16384;estimate;0.00956451;70.1049;1.27229e+10;
1;16384;16384;estimate;0.0100008;70.5626;1.27229e+10;
1;16384;16384;estimate;0.00951361;70.702;1.27229e+10;
1;16384;16384;estimate;0.00960345;70.8136;1.27229e+10;
1;16384;16384;estimate;0.00969393;70.7924;1.27229e+10;
1;16384;16384;estimate;0.00958485;71.0109;1.27229e+10;
1;16384;16384;estimate;0.00955825;69.8811;1.27229e+10;
1;16384;16384;estimate;0.00982223;70.7107;1.27229e+10;
1;16384;16384;estimate;0.00993831;71.0387;1.27229e+10;
1;16384;16384;estimate;0.00928915;70.6358;1.27229e+10;
1;16384;16384;estimate;0.00949985;70.3445;1.27229e+10;
1;16384;16384;estimate;0.00950759;70.554;1.27229e+10;
1;16384;16384;estimate;0.00964615;70.1422;1.27229e+10;
1;16384;16384;estimate;0.00968421;70.3472;1.27229e+10;
1;16384;16384;estimate;0.00962699;70.6509;1.27229e+10;
1;16384;16384;estimate;0.00928064;70.6666;1.27229e+10;
1;16384;16384;estimate;0.00961919;70.3857;1.27229e+10;
1;16384;16384;estimate;0.00966151;70.3;1.27229e+10;
1;16384;16384;estimate;0.00939735;70.4232;1.27229e+10;
1;16384;16384;estimate;0.00968237;70.6701;1.27229e+10;
1;16384;16384;estimate;0.00909529;70.0908;1.27229e+10;
1;16384;16384;estimate;0.00966883;70.2912;1.27229e+10;
1;16384;16384;estimate;0.00961693;70.7444;1.27229e+10;
1;16384;16384;estimate;0.00938885;70.1367;1.27229e+10;
1;16384;16384;estimate;0.00985261;70.9205;1.27229e+10;
1;16384;16384;estimate;0.00964209;70.783;1.27229e+10;
1;16384;16384;estimate;0.00915239;70.6451;1.27229e+10;
1;16384;16384;estimate;0.00960681;70.4596;1.27229e+10;
1;16384;16384;estimate;0.00970058;70.4364;1.27229e+10;
1;16384;16384;estimate;0.00943945;70.3423;1.27229e+10;
1;16384;16384;estimate;0.00954075;70.079;1.27229e+10;
1;16384;16384;estimate;0.00962363;70.3072;1.27229e+10;
1;16384;16384;estimate;0.00970131;70.6261;1.27229e+10;
1;16384;16384;estimate;0.00931361;70.9992;1.27229e+10;
1;16384;16384;estimate;0.00974165;69.6825;1.27229e+10;
2;16384;16384;estimate;0.0103507;48.3244;1.27229e+10;
2;16384;16384;estimate;0.0101215;48.1012;1.27229e+10;
2;16384;16384;estimate;0.0105663;48.0313;1.27229e+10;
2;16384;16384;estimate;0.0105013;48.2074;1.27229e+10;
2;16384;16384;estimate;0.0103415;48.4725;1.27229e+10;
2;16384;16384;estimate;0.0101912;48.0682;1.27229e+10;
2;16384;16384;estimate;0.0106346;48.1341;1.27229e+10;
2;16384;16384;estimate;0.010394;48.3688;1.27229e+10;
2;16384;16384;estimate;0.010626;48.241;1.27229e+10;
2;16384;16384;estimate;0.0103172;48.3004;1.27229e+10;
2;16384;16384;estimate;0.0103747;48.4274;1.27229e+10;
2;16384;16384;estimate;0.0104815;48.2725;1.27229e+10;
2;16384;16384;estimate;0.0105368;48.158;1.27229e+10;
2;16384;16384;estimate;0.0103075;48.127;1.27229e+10;
2;16384;16384;estimate;0.0103733;48.1491;1.27229e+10;
2;16384;16384;estimate;0.0104928;48.2715;1.27229e+10;
2;16384;16384;estimate;0.0103388;48.1459;1.27229e+10;
2;16384;16384;estimate;0.0103703;47.9455;1.27229e+10;
2;16384;16384;estimate;0.0103073;48.2868;1.27229e+10;
2;16384;16384;estimate;0.01077;48.2336;1.27229e+10;
2;16384;16384;estimate;0.0100112;48.1018;1.27229e+10;
2;16384;16384;estimate;0.0103587;47.9854;1.27229e+10;
2;16384;16384;estimate;0.0102488;48.0905;1.27229e+10;
2;16384;16384;estimate;0.0108567;48.2675;1.27229e+10;
2;16384;16384;estimate;0.0108021;47.9232;1.27229e+10;
2;16384;16384;estimate;0.00999921;48.1327;1.27229e+10;
2;16384;16384;estimate;0.00992017;48.2494;1.27229e+10;
2;16384;16384;estimate;0.0104213;48.4441;1.27229e+10;
2;16384;16384;estimate;0.0104177;48.1711;1.27229e+10;
2;16384;16384;estimate;0.0103729;48.0363;1.27229e+10;
2;16384;16384;estimate;0.0107516;48.1726;1.27229e+10;
2;16384;16384;estimate;0.0104516;48.0683;1.27229e+10;
2;16384;16384;estimate;0.0107437;48.0229;1.27229e+10;
2;16384;16384;estimate;0.0102972;48.1157;1.27229e+10;
2;16384;16384;estimate;0.0100376;48.1568;1.27229e+10;
2;16384;16384;estimate;0.0105147;48.0155;1.27229e+10;
2;16384;16384;estimate;0.0104701;48.1557;1.27229e+10;
2;16384;16384;estimate;0.0102053;47.9742;1.27229e+10;
2;16384;16384;estimate;0.0105904;48.1899;1.27229e+10;
2;16384;16384;estimate;0.00998327;48.3064;1.27229e+10;
2;16384;16384;estimate;0.0103931;48.4053;1.27229e+10;
2;16384;16384;estimate;0.0103416;47.9498;1.27229e+10;
2;16384;16384;estimate;0.010323;48.2438;1.27229e+10;
2;16384;16384;estimate;0.0103554;48.2842;1.27229e+10;
2;16384;16384;estimate;0.0104996;48.1785;1.27229e+10;
2;16384;16384;estimate;0.0104797;48.2305;1.27229e+10;
2;16384;16384;estimate;0.0104295;48.117;1.27229e+10;
2;16384;16384;estimate;0.0106438;48.2067;1.27229e+10;
2;16384;16384;estimate;0.0103776;48.1215;1.27229e+10;
2;16384;16384;estimate;0.0104653;48.2463;1.27229e+10;
4;16384;16384;estimate;0.0127788;26.0249;1.27229e+10;
4;16384;16384;estimate;0.0129937;26.0958;1.27229e+10;
4;16384;16384;estimate;0.0128228;26.2337;1.27229e+10;
4;16384;16384;estimate;0.0128164;26.1454;1.27229e+10;
4;16384;16384;estimate;0.0124386;26.1116;1.27229e+10;
4;16384;16384;estimate;0.0128746;26.0076;1.27229e+10;
4;16384;16384;estimate;0.0133292;26.2483;1.27229e+10;
4;16384;16384;estimate;0.0128492;26.0761;1.27229e+10;
4;16384;16384;estimate;0.012989;25.9664;1.27229e+10;
4;16384;16384;estimate;0.0129365;25.9229;1.27229e+10;
4;16384;16384;estimate;0.0136475;26.0759;1.27229e+10;
4;16384;16384;estimate;0.0129345;26.0154;1.27229e+10;
4;16384;16384;estimate;0.0128881;26.0547;1.27229e+10;
4;16384;16384;estimate;0.0128574;26.1507;1.27229e+10;
4;16384;16384;estimate;0.0128718;25.9537;1.27229e+10;
4;16384;16384;estimate;0.0128706;25.9414;1.27229e+10;
4;16384;16384;estimate;0.0127028;26.0975;1.27229e+10;
4;16384;16384;estimate;0.0128872;26.0106;1.27229e+10;
4;16384;16384;estimate;0.0125412;25.8619;1.27229e+10;
4;16384;16384;estimate;0.0128873;25.9369;1.27229e+10;
4;16384;16384;estimate;0.0127581;25.989;1.27229e+10;
4;16384;16384;estimate;0.0128844;25.8756;1.27229e+10;
4;16384;16384;estimate;0.0128314;26.226;1.27229e+10;
4;16384;16384;estimate;0.0131426;26.0547;1.27229e+10;
4;16384;16384;estimate;0.0136033;26.0858;1.27229e+10;
4;16384;16384;estimate;0.012838;26.2395;1.27229e+10;
4;16384;16384;estimate;0.0127956;25.9975;1.27229e+10;
4;16384;16384;estimate;0.0124799;25.9685;1.27229e+10;
4;16384;16384;estimate;0.0129643;26.0307;1.27229e+10;
4;16384;16384;estimate;0.0129234;26.0754;1.27229e+10;
4;16384;16384;estimate;0.0128828;25.9144;1.27229e+10;
4;16384;16384;estimate;0.0124744;26.1472;1.27229e+10;
4;16384;16384;estimate;0.0128768;26.08;1.27229e+10;
4;16384;16384;estimate;0.0127781;26.3544;1.27229e+10;
4;16384;16384;estimate;0.0128109;26.0227;1.27229e+10;
4;16384;16384;estimate;0.0125666;25.9879;1.27229e+10;
4;16384;16384;estimate;0.0125315;26.1218;1.27229e+10;
4;16384;16384;estimate;0.0132585;26.0699;1.27229e+10;
4;16384;16384;estimate;0.0128362;26.0578;1.27229e+10;
4;16384;16384;estimate;0.0128668;26.0227;1.27229e+10;
4;16384;16384;estimate;0.0127931;26.0071;1.27229e+10;
4;16384;16384;estimate;0.0129884;25.9784;1.27229e+10;
4;16384;16384;estimate;0.0128235;25.927;1.27229e+10;
4;16384;16384;estimate;0.0131391;25.9066;1.27229e+10;
4;16384;16384;estimate;0.0129376;25.9975;1.27229e+10;
4;16384;16384;estimate;0.012898;26.0729;1.27229e+10;
4;16384;16384;estimate;0.0137263;26.1104;1.27229e+10;
4;16384;16384;estimate;0.0125366;26.0163;1.27229e+10;
4;16384;16384;estimate;0.0128336;26.0606;1.27229e+10;
4;16384;16384;estimate;0.0129312;26.1128;1.27229e+10;
8;16384;16384;estimate;0.0150142;10.7282;1.27229e+10;
8;16384;16384;estimate;0.0145911;10.8625;1.27229e+10;
8;16384;16384;estimate;0.0151081;10.8655;1.27229e+10;
8;16384;16384;estimate;0.0144311;10.729;1.27229e+10;
8;16384;16384;estimate;0.0147892;10.8436;1.27229e+10;
8;16384;16384;estimate;0.0149035;10.8431;1.27229e+10;
8;16384;16384;estimate;0.014917;10.9995;1.27229e+10;
8;16384;16384;estimate;0.0149457;10.6427;1.27229e+10;
8;16384;16384;estimate;0.0148157;10.6977;1.27229e+10;
8;16384;16384;estimate;0.015084;10.6742;1.27229e+10;
8;16384;16384;estimate;0.0148192;10.6469;1.27229e+10;
8;16384;16384;estimate;0.0148931;10.7272;1.27229e+10;
8;16384;16384;estimate;0.0147476;10.5209;1.27229e+10;
8;16384;16384;estimate;0.0146003;10.6739;1.27229e+10;
8;16384;16384;estimate;0.014777;10.7967;1.27229e+10;
8;16384;16384;estimate;0.0146062;10.6329;1.27229e+10;
8;16384;16384;estimate;0.0148585;10.8176;1.27229e+10;
8;16384;16384;estimate;0.0151348;10.9653;1.27229e+10;
8;16384;16384;estimate;0.0148931;10.7196;1.27229e+10;
8;16384;16384;estimate;0.0149773;10.6978;1.27229e+10;
8;16384;16384;estimate;0.0148189;10.5644;1.27229e+10;
8;16384;16384;estimate;0.0149069;10.6652;1.27229e+10;
8;16384;16384;estimate;0.0149957;10.5567;1.27229e+10;
8;16384;16384;estimate;0.0147362;10.7526;1.27229e+10;
8;16384;16384;estimate;0.0147043;10.7767;1.27229e+10;
8;16384;16384;estimate;0.0145358;10.6591;1.27229e+10;
8;16384;16384;estimate;0.0149587;10.7668;1.27229e+10;
8;16384;16384;estimate;0.0149112;10.5752;1.27229e+10;
8;16384;16384;estimate;0.0148278;10.5715;1.27229e+10;
8;16384;16384;estimate;0.0152626;10.8008;1.27229e+10;
8;16384;16384;estimate;0.0144396;10.7849;1.27229e+10;
8;16384;16384;estimate;0.0150021;10.8655;1.27229e+10;
8;16384;16384;estimate;0.0154624;10.7329;1.27229e+10;
8;16384;16384;estimate;0.0148735;10.7371;1.27229e+10;
8;16384;16384;estimate;0.0148317;10.7206;1.27229e+10;
8;16384;16384;estimate;0.0149727;10.6647;1.27229e+10;
8;16384;16384;estimate;0.0148829;10.9322;1.27229e+10;
8;16384;16384;estimate;0.0158465;10.7862;1.27229e+10;
8;16384;16384;estimate;0.0148653;10.6845;1.27229e+10;
8;16384;16384;estimate;0.0157774;10.6963;1.27229e+10;
8;16384;16384;estimate;0.0149185;10.6226;1.27229e+10;
8;16384;16384;estimate;0.0152464;10.892;1.27229e+10;
8;16384;16384;estimate;0.0149181;10.5392;1.27229e+10;
8;16384;16384;estimate;0.0144776;10.5501;1.27229e+10;
8;16384;16384;estimate;0.0150631;10.6645;1.27229e+10;
8;16384;16384;estimate;0.0148037;10.7923;1.27229e+10;
8;16384;16384;estimate;0.0150836;10.6046;1.27229e+10;
8;16384;16384;estimate;0.0148277;10.6551;1.27229e+10;
8;16384;16384;estimate;0.0148677;10.6436;1.27229e+10;
8;16384;16384;estimate;0.0150106;10.6965;1.27229e+10;
16;16384;16384;estimate;0.0179893;5.72864;1.27229e+10;
16;16384;16384;estimate;0.0187635;5.69844;1.27229e+10;
16;16384;16384;estimate;0.018318;5.78822;1.27229e+10;
16;16384;16384;estimate;0.0184581;5.67123;1.27229e+10;
16;16384;16384;estimate;0.0183378;5.71617;1.27229e+10;
16;16384;16384;estimate;0.017936;5.70114;1.27229e+10;
16;16384;16384;estimate;0.0184059;5.69095;1.27229e+10;
16;16384;16384;estimate;0.0183387;5.78356;1.27229e+10;
16;16384;16384;estimate;0.0190293;5.72676;1.27229e+10;
16;16384;16384;estimate;0.0186304;5.73755;1.27229e+10;
16;16384;16384;estimate;0.0184072;5.66156;1.27229e+10;
16;16384;16384;estimate;0.0183517;5.80819;1.27229e+10;
16;16384;16384;estimate;0.0184902;5.79612;1.27229e+10;
16;16384;16384;estimate;0.0190635;5.84648;1.27229e+10;
16;16384;16384;estimate;0.0180767;5.74106;1.27229e+10;
16;16384;16384;estimate;0.0180732;5.79246;1.27229e+10;
16;16384;16384;estimate;0.018016;5.88319;1.27229e+10;
16;16384;16384;estimate;0.0183109;5.77347;1.27229e+10;
16;16384;16384;estimate;0.0185751;5.74519;1.27229e+10;
16;16384;16384;estimate;0.0182064;5.69306;1.27229e+10;
16;16384;16384;estimate;0.0183394;5.6479;1.27229e+10;
16;16384;16384;estimate;0.0186303;5.73992;1.27229e+10;
16;16384;16384;estimate;0.0195344;5.64562;1.27229e+10;
16;16384;16384;estimate;0.0183928;5.53273;1.27229e+10;
16;16384;16384;estimate;0.0179922;5.71852;1.27229e+10;
16;16384;16384;estimate;0.0183458;5.59028;1.27229e+10;
16;16384;16384;estimate;0.0184649;5.65008;1.27229e+10;
16;16384;16384;estimate;0.0180975;5.76445;1.27229e+10;
16;16384;16384;estimate;0.018638;5.65412;1.27229e+10;
16;16384;16384;estimate;0.0190254;5.73157;1.27229e+10;
16;16384;16384;estimate;0.018358;5.71933;1.27229e+10;
16;16384;16384;estimate;0.0179005;5.7294;1.27229e+10;
16;16384;16384;estimate;0.0184623;5.78134;1.27229e+10;
16;16384;16384;estimate;0.0183283;5.60457;1.27229e+10;
16;16384;16384;estimate;0.0180637;5.74003;1.27229e+10;
16;16384;16384;estimate;0.0183561;5.62658;1.27229e+10;
16;16384;16384;estimate;0.0183086;5.74867;1.27229e+10;
16;16384;16384;estimate;0.018321;5.76781;1.27229e+10;
16;16384;16384;estimate;0.018266;5.70518;1.27229e+10;
16;16384;16384;estimate;0.0184271;5.47216;1.27229e+10;
16;16384;16384;estimate;0.0183322;5.67545;1.27229e+10;
16;16384;16384;estimate;0.0184632;5.63026;1.27229e+10;
16;16384;16384;estimate;0.018307;5.82574;1.27229e+10;
16;16384;16384;estimate;0.0185663;5.93275;1.27229e+10;
16;16384;16384;estimate;0.0183803;5.72601;1.27229e+10;
16;16384;16384;estimate;0.0184555;5.69504;1.27229e+10;
16;16384;16384;estimate;0.0184716;5.77896;1.27229e+10;
16;16384;16384;estimate;0.0186522;5.71791;1.27229e+10;
16;16384;16384;estimate;0.0187523;5.75865;1.27229e+10;
16;16384;16384;estimate;0.0184332;5.68907;1.27229e+10;
32;16384;16384;estimate;0.0242401;2.5966;1.27229e+10;
32;16384;16384;estimate;0.0238649;2.57766;1.27229e+10;
32;16384;16384;estimate;0.0241897;2.53877;1.27229e+10;
32;16384;16384;estimate;0.0245535;2.58456;1.27229e+10;
32;16384;16384;estimate;0.0242351;2.46862;1.27229e+10;
32;16384;16384;estimate;0.0240118;2.59379;1.27229e+10;
32;16384;16384;estimate;0.0237308;2.61674;1.27229e+10;
32;16384;16384;estimate;0.0244188;2.53616;1.27229e+10;
32;16384;16384;estimate;0.0243662;2.50209;1.27229e+10;
32;16384;16384;estimate;0.0242278;2.50206;1.27229e+10;
32;16384;16384;estimate;0.024078;2.54901;1.27229e+10;
32;16384;16384;estimate;0.0240257;2.57684;1.27229e+10;
32;16384;16384;estimate;0.0238339;2.64075;1.27229e+10;
32;16384;16384;estimate;0.0241125;2.6086;1.27229e+10;
32;16384;16384;estimate;0.0243712;2.53142;1.27229e+10;
32;16384;16384;estimate;0.0240829;2.61076;1.27229e+10;
32;16384;16384;estimate;0.0239401;2.51899;1.27229e+10;
32;16384;16384;estimate;0.0240966;2.62278;1.27229e+10;
32;16384;16384;estimate;0.0246061;2.56763;1.27229e+10;
32;16384;16384;estimate;0.0241441;2.58692;1.27229e+10;
32;16384;16384;estimate;0.0241746;2.55852;1.27229e+10;
32;16384;16384;estimate;0.0240456;2.63736;1.27229e+10;
32;16384;16384;estimate;0.0237029;2.63985;1.27229e+10;
32;16384;16384;estimate;0.0246347;2.61365;1.27229e+10;
32;16384;16384;estimate;0.0242184;2.50105;1.27229e+10;
32;16384;16384;estimate;0.0241382;2.64586;1.27229e+10;
32;16384;16384;estimate;0.0240207;2.57071;1.27229e+10;
32;16384;16384;estimate;0.0238389;2.66862;1.27229e+10;
32;16384;16384;estimate;0.0239063;2.6584;1.27229e+10;
32;16384;16384;estimate;0.0239194;2.60707;1.27229e+10;
32;16384;16384;estimate;0.0243884;2.48812;1.27229e+10;
32;16384;16384;estimate;0.0240072;2.32548;1.27229e+10;
32;16384;16384;estimate;0.0241245;2.27848;1.27229e+10;
32;16384;16384;estimate;0.0242962;2.43906;1.27229e+10;
32;16384;16384;estimate;0.0241199;2.60826;1.27229e+10;
32;16384;16384;estimate;0.0240316;2.62254;1.27229e+10;
32;16384;16384;estimate;0.0241474;2.52496;1.27229e+10;
32;16384;16384;estimate;0.0242223;2.5823;1.27229e+10;
32;16384;16384;estimate;0.0240352;2.61302;1.27229e+10;
32;16384;16384;estimate;0.0240065;2.5155;1.27229e+10;
32;16384;16384;estimate;0.0239769;2.57048;1.27229e+10;
32;16384;16384;estimate;0.0243596;2.5584;1.27229e+10;
32;16384;16384;estimate;0.0241458;2.52877;1.27229e+10;
32;16384;16384;estimate;0.0236044;2.68527;1.27229e+10;
32;16384;16384;estimate;0.0241613;2.60567;1.27229e+10;
32;16384;16384;estimate;0.0240318;2.57191;1.27229e+10;
32;16384;16384;estimate;0.0243319;2.38641;1.27229e+10;
32;16384;16384;estimate;0.0256943;2.60421;1.27229e+10;
32;16384;16384;estimate;0.0240709;2.63447;1.27229e+10;
32;16384;16384;estimate;0.0241496;2.53891;1.27229e+10;
64;16384;16384;estimate;0.0338868;62.5356;1.27229e+10;
64;16384;16384;estimate;0.033815;30.9214;1.27229e+10;
64;16384;16384;estimate;0.0335728;54.4401;1.27229e+10;
64;16384;16384;estimate;0.0335196;67.5767;1.27229e+10;
64;16384;16384;estimate;0.033767;73.0072;1.27229e+10;
64;16384;16384;estimate;0.0337465;52.2051;1.27229e+10;
64;16384;16384;estimate;0.0337561;57.0242;1.27229e+10;
64;16384;16384;estimate;0.0343258;64.9497;1.27229e+10;
64;16384;16384;estimate;0.0337358;58.5975;1.27229e+10;
64;16384;16384;estimate;0.0337724;49.7174;1.27229e+10;
64;16384;16384;estimate;0.0338076;61.467;1.27229e+10;
64;16384;16384;estimate;0.0336816;44.5285;1.27229e+10;
64;16384;16384;estimate;0.0335899;77.4031;1.27229e+10;
64;16384;16384;estimate;0.0337128;41.5552;1.27229e+10;
64;16384;16384;estimate;0.0337384;54.3598;1.27229e+10;
64;16384;16384;estimate;0.0335218;74.7018;1.27229e+10;
64;16384;16384;estimate;0.0332111;26.1609;1.27229e+10;
64;16384;16384;estimate;0.0336952;59.6551;1.27229e+10;
64;16384;16384;estimate;0.0347434;51.638;1.27229e+10;
64;16384;16384;estimate;0.0340014;63.7712;1.27229e+10;
64;16384;16384;estimate;0.0336025;71.8059;1.27229e+10;
64;16384;16384;estimate;0.0361583;24.6966;1.27229e+10;
64;16384;16384;estimate;0.0335202;51.6336;1.27229e+10;
64;16384;16384;estimate;0.0338849;50.0968;1.27229e+10;
64;16384;16384;estimate;0.0339187;72.3373;1.27229e+10;
64;16384;16384;estimate;0.0339555;74.738;1.27229e+10;
64;16384;16384;estimate;0.0337182;32.3758;1.27229e+10;
64;16384;16384;estimate;0.0334461;55.1582;1.27229e+10;
64;16384;16384;estimate;0.0333469;53.96;1.27229e+10;
64;16384;16384;estimate;0.0339181;54.0918;1.27229e+10;
64;16384;16384;estimate;0.0336035;62.0473;1.27229e+10;
64;16384;16384;estimate;0.0342085;27.3229;1.27229e+10;
64;16384;16384;estimate;0.0338273;65.7089;1.27229e+10;
64;16384;16384;estimate;0.0339715;25.4526;1.27229e+10;
64;16384;16384;estimate;0.0342102;68.3869;1.27229e+10;
64;16384;16384;estimate;0.0336884;64.8101;1.27229e+10;
64;16384;16384;estimate;0.0341898;55.0257;1.27229e+10;
64;16384;16384;estimate;0.0340909;57.8493;1.27229e+10;
64;16384;16384;estimate;0.0336165;64.5152;1.27229e+10;
64;16384;16384;estimate;0.0332015;66.3292;1.27229e+10;
64;16384;16384;estimate;0.0339568;54.0017;1.27229e+10;
64;16384;16384;estimate;0.0337028;37.7248;1.27229e+10;
64;16384;16384;estimate;0.0337136;47.1465;1.27229e+10;
64;16384;16384;estimate;0.0339423;53.3635;1.27229e+10;
64;16384;16384;estimate;0.0336507;39.031;1.27229e+10;
64;16384;16384;estimate;0.0337403;55.0093;1.27229e+10;
64;16384;16384;estimate;0.0366403;40.724;1.27229e+10;
64;16384;16384;estimate;0.0342465;73.3916;1.27229e+10;
64;16384;16384;estimate;0.0336956;71.228;1.27229e+10;
64;16384;16384;estimate;0.0338701;70.6297;1.27229e+10;