n_threads;n_x;n_y;plan;planning;fftw_2d_r2c;plan_flops;
1;16384;16384;estimate;0.00941093;65.0773;1.27229e+10;
1;16384;16384;estimate;0.00972447;64.8082;1.27229e+10;
1;16384;16384;estimate;0.00949939;66.2034;1.27229e+10;
1;16384;16384;estimate;0.00943691;65.1725;1.27229e+10;
1;16384;16384;estimate;0.00936255;66.4802;1.27229e+10;
1;16384;16384;estimate;0.00952631;66.2407;1.27229e+10;
1;16384;16384;estimate;0.00978417;66.3977;1.27229e+10;
1;16384;16384;estimate;0.00931599;65.8971;1.27229e+10;
1;16384;16384;estimate;0.00937909;65.852;1.27229e+10;
1;16384;16384;estimate;0.00955409;66.3973;1.27229e+10;
1;16384;16384;estimate;0.00944297;66.0533;1.27229e+10;
1;16384;16384;estimate;0.00960681;66.2693;1.27229e+10;
1;16384;16384;estimate;0.00941369;66.5625;1.27229e+10;
1;16384;16384;estimate;0.00938287;66.1575;1.27229e+10;
1;16384;16384;estimate;0.00948617;65.0948;1.27229e+10;
1;16384;16384;estimate;0.00953017;65.7813;1.27229e+10;
1;16384;16384;estimate;0.00936889;66.0424;1.27229e+10;
1;16384;16384;estimate;0.00962923;66.3782;1.27229e+10;
1;16384;16384;estimate;0.00934863;66.0959;1.27229e+10;
1;16384;16384;estimate;0.00946233;65.4874;1.27229e+10;
1;16384;16384;estimate;0.00922391;65.962;1.27229e+10;
1;16384;16384;estimate;0.00952518;66.0524;1.27229e+10;
1;16384;16384;estimate;0.00941131;65.1996;1.27229e+10;
1;16384;16384;estimate;0.00932749;66.1604;1.27229e+10;
1;16384;16384;estimate;0.00980755;66.2118;1.27229e+10;
1;16384;16384;estimate;0.00932381;65.8536;1.27229e+10;
1;16384;16384;estimate;0.00952387;66.3795;1.27229e+10;
1;16384;16384;estimate;0.00960593;66.4344;1.27229e+10;
1;16384;16384;estimate;0.00962635;66.3748;1.27229e+10;
1;16384;16384;estimate;0.00950171;66.2425;1.27229e+10;
1;16384;16384;estimate;0.00959221;66.2646;1.27229e+10;
1;16384;16384;estimate;0.00938583;66.0309;1.27229e+10;
1;16384;16384;estimate;0.00938771;65.9471;1.27229e+10;
1;16384;16384;estimate;0.00944395;66.2409;1.27229e+10;
1;16384;16384;estimate;0.00952563;66.0719;1.27229e+10;
1;16384;16384;estimate;0.00933203;66.4499;1.27229e+10;
1;16384;16384;estimate;0.00931805;66.7238;1.27229e+10;
1;16384;16384;estimate;0.00940809;65.8846;1.27229e+10;
1;16384;16384;estimate;0.00932651;66.4738;1.27229e+10;
1;16384;16384;estimate;0.00961499;65.6831;1.27229e+10;
1;16384;16384;estimate;0.00949743;65.8265;1.27229e+10;
1;16384;16384;estimate;0.00941999;65.8696;1.27229e+10;
1;16384;16384;estimate;0.00949763;66.661;1.27229e+10;
1;16384;16384;estimate;0.00957369;66.272;1.27229e+10;
1;16384;16384;estimate;0.00935107;65.7199;1.27229e+10;
1;16384;16384;estimate;0.00933407;66.2023;1.27229e+10;
1;16384;16384;estimate;0.00939091;65.7869;1.27229e+10;
1;16384;16384;estimate;0.00977237;64.7054;1.27229e+10;
1;16384;16384;estimate;0.00956821;66.1868;1.27229e+10;
1;16384;16384;estimate;0.00936169;66.6351;1.27229e+10;
2;16384;16384;estimate;0.0105855;48.6175;1.27229e+10;
2;16384;16384;estimate;0.0105639;48.787;1.27229e+10;
2;16384;16384;estimate;0.0105197;48.7526;1.27229e+10;
2;16384;16384;estimate;0.0107049;48.8773;1.27229e+10;
2;16384;16384;estimate;0.0106548;48.9293;1.27229e+10;
2;16384;16384;estimate;0.0105687;48.85;1.27229e+10;
2;16384;16384;estimate;0.0105315;48.852;1.27229e+10;
2;16384;16384;estimate;0.0106592;48.7812;1.27229e+10;
2;16384;16384;estimate;0.0106829;48.8868;1.27229e+10;
2;16384;16384;estimate;0.0105166;48.6259;1.27229e+10;
2;16384;16384;estimate;0.0106662;48.7482;1.27229e+10;
2;16384;16384;estimate;0.0104995;48.7999;1.27229e+10;
2;16384;16384;estimate;0.010496;48.6379;1.27229e+10;
2;16384;16384;estimate;0.0105135;48.7228;1.27229e+10;
2;16384;16384;estimate;0.0105922;48.7733;1.27229e+10;
2;16384;16384;estimate;0.0105152;48.8697;1.27229e+10;
2;16384;16384;estimate;0.0105134;48.6207;1.27229e+10;
2;16384;16384;estimate;0.0105343;48.8477;1.27229e+10;
2;16384;16384;estimate;0.0104869;48.8113;1.27229e+10;
2;16384;16384;estimate;0.010484;48.7082;1.27229e+10;
2;16384;16384;estimate;0.01078;48.802;1.27229e+10;
2;16384;16384;estimate;0.0104147;48.7504;1.27229e+10;
2;16384;16384;estimate;0.0104984;48.6139;1.27229e+10;
2;16384;16384;estimate;0.010552;48.7582;1.27229e+10;
2;16384;16384;estimate;0.0104195;48.6911;1.27229e+10;
2;16384;16384;estimate;0.010781;48.7097;1.27229e+10;
2;16384;16384;estimate;0.010745;48.628;1.27229e+10;
2;16384;16384;estimate;0.0104829;48.6269;1.27229e+10;
2;16384;16384;estimate;0.0104703;48.6807;1.27229e+10;
2;16384;16384;estimate;0.0106332;48.7602;1.27229e+10;
2;16384;16384;estimate;0.0105041;48.7983;1.27229e+10;
2;16384;16384;estimate;0.0104704;48.6188;1.27229e+10;
2;16384;16384;estimate;0.0106496;48.8382;1.27229e+10;
2;16384;16384;estimate;0.0105541;48.865;1.27229e+10;
2;16384;16384;estimate;0.0106434;48.5259;1.27229e+10;
2;16384;16384;estimate;0.0105308;48.7137;1.27229e+10;
2;16384;16384;estimate;0.0104738;48.6451;1.27229e+10;
2;16384;16384;estimate;0.0104201;48.8813;1.27229e+10;
2;16384;16384;estimate;0.01059;48.722;1.27229e+10;
2;16384;16384;estimate;0.0107055;48.6875;1.27229e+10;
2;16384;16384;estimate;0.0105188;48.7435;1.27229e+10;
2;16384;16384;estimate;0.0105474;48.7343;1.27229e+10;
2;16384;16384;estimate;0.0106435;49.1779;1.27229e+10;
2;16384;16384;estimate;0.0107321;48.9054;1.27229e+10;
2;16384;16384;estimate;0.0106977;48.8307;1.27229e+10;
2;16384;16384;estimate;0.0104757;48.9659;1.27229e+10;
2;16384;16384;estimate;0.0105608;48.7097;1.27229e+10;
2;16384;16384;estimate;0.0107113;48.6288;1.27229e+10;
2;16384;16384;estimate;0.0106194;48.8671;1.27229e+10;
2;16384;16384;estimate;0.0107155;48.6421;1.27229e+10;
4;16384;16384;estimate;0.012994;26.2798;1.27229e+10;
4;16384;16384;estimate;0.0130607;26.3825;1.27229e+10;
4;16384;16384;estimate;0.0129046;26.2911;1.27229e+10;
4;16384;16384;estimate;0.0133344;26.4149;1.27229e+10;
4;16384;16384;estimate;0.0134058;26.252;1.27229e+10;
4;16384;16384;estimate;0.0131083;26.2609;1.27229e+10;
4;16384;16384;estimate;0.0131175;26.2706;1.27229e+10;
4;16384;16384;estimate;0.0130197;26.2911;1.27229e+10;
4;16384;16384;estimate;0.0128989;26.1411;1.27229e+10;
4;16384;16384;estimate;0.0132056;26.3301;1.27229e+10;
4;16384;16384;estimate;0.0133067;26.4023;1.27229e+10;
4;16384;16384;estimate;0.0129634;26.309;1.27229e+10;
4;16384;16384;estimate;0.0129823;26.3188;1.27229e+10;
4;16384;16384;estimate;0.0130891;26.3467;1.27229e+10;
4;16384;16384;estimate;0.0130388;26.3102;1.27229e+10;
4;16384;16384;estimate;0.0132591;26.2574;1.27229e+10;
4;16384;16384;estimate;0.0129152;26.2448;1.27229e+10;
4;16384;16384;estimate;0.0129508;26.3577;1.27229e+10;
4;16384;16384;estimate;0.012915;26.2551;1.27229e+10;
4;16384;16384;estimate;0.013128;26.1342;1.27229e+10;
4;16384;16384;estimate;0.0129254;26.1581;1.27229e+10;
4;16384;16384;estimate;0.0131634;26.2866;1.27229e+10;
4;16384;16384;estimate;0.0131088;26.1805;1.27229e+10;
4;16384;16384;estimate;0.012995;26.4456;1.27229e+10;
4;16384;16384;estimate;0.0129654;26.144;1.27229e+10;
4;16384;16384;estimate;0.0130497;26.2577;1.27229e+10;
4;16384;16384;estimate;0.013;26.1907;1.27229e+10;
4;16384;16384;estimate;0.0129919;26.2059;1.27229e+10;
4;16384;16384;estimate;0.0129732;26.2688;1.27229e+10;
4;16384;16384;estimate;0.0129638;26.3384;1.27229e+10;
4;16384;16384;estimate;0.0130143;26.3523;1.27229e+10;
4;16384;16384;estimate;0.0132435;26.3379;1.27229e+10;
4;16384;16384;estimate;0.0130053;26.337;1.27229e+10;
4;16384;16384;estimate;0.0132172;26.2477;1.27229e+10;
4;16384;16384;estimate;0.0129029;26.3011;1.27229e+10;
4;16384;16384;estimate;0.0128673;26.1815;1.27229e+10;
4;16384;16384;estimate;0.0130863;26.3499;1.27229e+10;
4;16384;16384;estimate;0.0129164;26.3514;1.27229e+10;
4;16384;16384;estimate;0.012947;26.2145;1.27229e+10;
4;16384;16384;estimate;0.0130149;26.2274;1.27229e+10;
4;16384;16384;estimate;0.0131182;26.2461;1.27229e+10;
4;16384;16384;estimate;0.012992;26.2193;1.27229e+10;
4;16384;16384;estimate;0.0131716;26.3322;1.27229e+10;
4;16384;16384;estimate;0.0129351;26.3776;1.27229e+10;
4;16384;16384;estimate;0.0129834;26.2967;1.27229e+10;
4;16384;16384;estimate;0.013085;26.2514;1.27229e+10;
4;16384;16384;estimate;0.0132092;26.3251;1.27229e+10;
4;16384;16384;estimate;0.0129058;26.2525;1.27229e+10;
4;16384;16384;estimate;0.0131839;26.2979;1.27229e+10;
4;16384;16384;estimate;0.0132777;26.3209;1.27229e+10;
8;16384;16384;estimate;0.0157335;10.7641;1.27229e+10;
8;16384;16384;estimate;0.0159764;10.9522;1.27229e+10;
8;16384;16384;estimate;0.0159203;10.5503;1.27229e+10;
8;16384;16384;estimate;0.015639;11.0299;1.27229e+10;
8;16384;16384;estimate;0.0157565;11.2401;1.27229e+10;
8;16384;16384;estimate;0.0164076;11.0832;1.27229e+10;
8;16384;16384;estimate;0.0157425;11.0974;1.27229e+10;
8;16384;16384;estimate;0.0161315;11.1261;1.27229e+10;
8;16384;16384;estimate;0.0159135;10.9597;1.27229e+10;
8;16384;16384;estimate;0.0157354;12.0131;1.27229e+10;
8;16384;16384;estimate;0.0157578;10.8307;1.27229e+10;
8;16384;16384;estimate;0.0155082;11.082;1.27229e+10;
8;16384;16384;estimate;0.015814;11.3745;1.27229e+10;
8;16384;16384;estimate;0.0157416;11.3305;1.27229e+10;
8;16384;16384;estimate;0.0155932;11.1374;1.27229e+10;
8;16384;16384;estimate;0.0157368;11.1168;1.27229e+10;
8;16384;16384;estimate;0.0155311;11.2079;1.27229e+10;
8;16384;16384;estimate;0.0155154;11.1515;1.27229e+10;
8;16384;16384;estimate;0.0156033;11.8194;1.27229e+10;
8;16384;16384;estimate;0.0160373;10.9572;1.27229e+10;
8;16384;16384;estimate;0.0155718;10.988;1.27229e+10;
8;16384;16384;estimate;0.0161109;11.2394;1.27229e+10;
8;16384;16384;estimate;0.0157975;10.9557;1.27229e+10;
8;16384;16384;estimate;0.0155582;10.9256;1.27229e+10;
8;16384;16384;estimate;0.0393298;10.61;1.27229e+10;
8;16384;16384;estimate;0.0155351;11.1274;1.27229e+10;
8;16384;16384;estimate;0.0155637;11.0909;1.27229e+10;
8;16384;16384;estimate;0.0156711;10.8056;1.27229e+10;
8;16384;16384;estimate;0.0159699;10.8619;1.27229e+10;
8;16384;16384;estimate;0.0157502;10.7819;1.27229e+10;
8;16384;16384;estimate;0.015725;10.7696;1.27229e+10;
8;16384;16384;estimate;0.015547;10.9564;1.27229e+10;
8;16384;16384;estimate;0.0157132;10.7554;1.27229e+10;
8;16384;16384;estimate;0.0154235;11.0736;1.27229e+10;
8;16384;16384;estimate;0.0157503;10.8313;1.27229e+10;
8;16384;16384;estimate;0.0157318;10.9222;1.27229e+10;
8;16384;16384;estimate;0.0157685;12.0035;1.27229e+10;
8;16384;16384;estimate;0.0155471;10.8376;1.27229e+10;
8;16384;16384;estimate;0.0155552;11.0945;1.27229e+10;
8;16384;16384;estimate;0.0156009;10.817;1.27229e+10;
8;16384;16384;estimate;0.0160043;11.344;1.27229e+10;
8;16384;16384;estimate;0.0156216;11.062;1.27229e+10;
8;16384;16384;estimate;0.0155466;11.22;1.27229e+10;
8;16384;16384;estimate;0.0154435;10.9993;1.27229e+10;
8;16384;16384;estimate;0.0158072;11.3313;1.27229e+10;
8;16384;16384;estimate;0.0154175;11.0327;1.27229e+10;
8;16384;16384;estimate;0.0355706;10.9317;1.27229e+10;
8;16384;16384;estimate;0.0155288;11.2;1.27229e+10;
8;16384;16384;estimate;0.0156737;11.0735;1.27229e+10;
8;16384;16384;estimate;0.0154646;11.7303;1.27229e+10;
16;16384;16384;estimate;0.0196356;6.08505;1.27229e+10;
16;16384;16384;estimate;0.0193334;6.10817;1.27229e+10;
16;16384;16384;estimate;0.0195896;5.92854;1.27229e+10;
16;16384;16384;estimate;0.0199686;6.00351;1.27229e+10;
16;16384;16384;estimate;0.019483;6.058;1.27229e+10;
16;16384;16384;estimate;0.0194132;6.02518;1.27229e+10;
16;16384;16384;estimate;0.0193447;6.14078;1.27229e+10;
16;16384;16384;estimate;0.0195392;6.01641;1.27229e+10;
16;16384;16384;estimate;0.0499964;5.93808;1.27229e+10;
16;16384;16384;estimate;0.0195262;5.93992;1.27229e+10;
16;16384;16384;estimate;0.0195635;6.09574;1.27229e+10;
16;16384;16384;estimate;0.0195767;5.8062;1.27229e+10;
16;16384;16384;estimate;0.0193673;6.02755;1.27229e+10;
16;16384;16384;estimate;0.0195119;5.91117;1.27229e+10;
16;16384;16384;estimate;0.0197298;6.01155;1.27229e+10;
16;16384;16384;estimate;0.0194183;5.98585;1.27229e+10;
16;16384;16384;estimate;0.0194895;5.99456;1.27229e+10;
16;16384;16384;estimate;0.0194591;5.85487;1.27229e+10;
16;16384;16384;estimate;0.0194336;6.08477;1.27229e+10;
16;16384;16384;estimate;0.019597;6.10474;1.27229e+10;
16;16384;16384;estimate;0.0192922;5.74122;1.27229e+10;
16;16384;16384;estimate;0.034935;5.90799;1.27229e+10;
16;16384;16384;estimate;0.0426959;5.89437;1.27229e+10;
16;16384;16384;estimate;0.0395917;5.99967;1.27229e+10;
16;16384;16384;estimate;0.0193061;5.90916;1.27229e+10;
16;16384;16384;estimate;0.0196096;5.9266;1.27229e+10;
16;16384;16384;estimate;0.03963;6.04867;1.27229e+10;
16;16384;16384;estimate;0.0394843;5.8753;1.27229e+10;
16;16384;16384;estimate;0.019629;5.94339;1.27229e+10;
16;16384;16384;estimate;0.0200345;5.89759;1.27229e+10;
16;16384;16384;estimate;0.0393903;5.90515;1.27229e+10;
16;16384;16384;estimate;0.0194667;5.88623;1.27229e+10;
16;16384;16384;estimate;0.0192529;5.87768;1.27229e+10;
16;16384;16384;estimate;0.0196661;6.05164;1.27229e+10;
16;16384;16384;estimate;0.0396185;5.92651;1.27229e+10;
16;16384;16384;estimate;0.0394414;6.00104;1.27229e+10;
16;16384;16384;estimate;0.039552;5.94029;1.27229e+10;
16;16384;16384;estimate;0.0394928;5.98136;1.27229e+10;
16;16384;16384;estimate;0.039455;6.06297;1.27229e+10;
16;16384;16384;estimate;0.0397193;5.65633;1.27229e+10;
16;16384;16384;estimate;0.0197943;5.93263;1.27229e+10;
16;16384;16384;estimate;0.0195342;5.99521;1.27229e+10;
16;16384;16384;estimate;0.0399062;5.75558;1.27229e+10;
16;16384;16384;estimate;0.0395683;6.10254;1.27229e+10;
16;16384;16384;estimate;0.0199175;6.0371;1.27229e+10;
16;16384;16384;estimate;0.0396677;5.80595;1.27229e+10;
16;16384;16384;estimate;0.0401362;6.05879;1.27229e+10;
16;16384;16384;estimate;0.0192635;6.0712;1.27229e+10;
16;16384;16384;estimate;0.0436042;5.5947;1.27229e+10;
16;16384;16384;estimate;0.0395406;5.87174;1.27229e+10;
32;16384;16384;estimate;0.0253614;41.3418;1.27229e+10;
32;16384;16384;estimate;0.0455138;40.6272;1.27229e+10;
32;16384;16384;estimate;0.0256363;40.8367;1.27229e+10;
32;16384;16384;estimate;0.0259664;42.4465;1.27229e+10;
32;16384;16384;estimate;0.0254727;41.0777;1.27229e+10;
32;16384;16384;estimate;0.0454619;40.6191;1.27229e+10;
32;16384;16384;estimate;0.0261636;39.8831;1.27229e+10;
32;16384;16384;estimate;0.0253887;42.5136;1.27229e+10;
32;16384;16384;estimate;0.0256444;41.8215;1.27229e+10;
32;16384;16384;estimate;0.0258155;42.128;1.27229e+10;
32;16384;16384;estimate;0.0663506;40.3658;1.27229e+10;
32;16384;16384;estimate;0.0460588;41.6277;1.27229e+10;
32;16384;16384;estimate;0.0465589;41.7749;1.27229e+10;
32;16384;16384;estimate;0.0470752;40.4161;1.27229e+10;
32;16384;16384;estimate;0.0386856;41.3212;1.27229e+10;
32;16384;16384;estimate;0.0463126;40.4359;1.27229e+10;
32;16384;16384;estimate;0.0661536;41.0737;1.27229e+10;
32;16384;16384;estimate;0.0258895;41.3;1.27229e+10;
32;16384;16384;estimate;0.0260872;41.0922;1.27229e+10;
32;16384;16384;estimate;0.0310854;39.1928;1.27229e+10;
32;16384;16384;estimate;0.02545;42.5057;1.27229e+10;
32;16384;16384;estimate;0.0555124;41.961;1.27229e+10;
32;16384;16384;estimate;0.0254886;41.183;1.27229e+10;
32;16384;16384;estimate;0.0461649;41.992;1.27229e+10;
32;16384;16384;estimate;0.0458421;39.2644;1.27229e+10;
32;16384;16384;estimate;0.0659549;39.8044;1.27229e+10;
32;16384;16384;estimate;0.0257475;42.8259;1.27229e+10;
32;16384;16384;estimate;0.0254003;42.0415;1.27229e+10;
32;16384;16384;estimate;0.0262911;41.6363;1.27229e+10;
32;16384;16384;estimate;0.0258649;39.3511;1.27229e+10;
32;16384;16384;estimate;0.0252499;41.9774;1.27229e+10;
32;16384;16384;estimate;0.0459994;39.5705;1.27229e+10;
32;16384;16384;estimate;0.0257266;40.6057;1.27229e+10;
32;16384;16384;estimate;0.0453209;41.5784;1.27229e+10;
32;16384;16384;estimate;0.0619815;41.4172;1.27229e+10;
32;16384;16384;estimate;0.0261046;40.2076;1.27229e+10;
32;16384;16384;estimate;0.0254887;40.9653;1.27229e+10;
32;16384;16384;estimate;0.0458727;42.5085;1.27229e+10;
32;16384;16384;estimate;0.0460359;39.615;1.27229e+10;
32;16384;16384;estimate;0.0252727;41.4888;1.27229e+10;
32;16384;16384;estimate;0.0458449;41.302;1.27229e+10;
32;16384;16384;estimate;0.0457264;41.6969;1.27229e+10;
32;16384;16384;estimate;0.0255779;41.3472;1.27229e+10;
32;16384;16384;estimate;0.0466484;41.3728;1.27229e+10;
32;16384;16384;estimate;0.0254735;41.6672;1.27229e+10;
32;16384;16384;estimate;0.0254803;41.1154;1.27229e+10;
32;16384;16384;estimate;0.0531487;40.7725;1.27229e+10;
32;16384;16384;estimate;0.0458409;41.2339;1.27229e+10;
32;16384;16384;estimate;0.0454078;40.0559;1.27229e+10;
32;16384;16384;estimate;0.0254315;41.5828;1.27229e+10;
64;16384;16384;6;0.0368498;988.184;1.27229e+10;
64;16384;16384;6;0.0368498;988.184;1.27229e+10;
64;16384;16384;6;0.0368498;988.184;1.27229e+10;
64;16384;16384;6;0.0368498;988.184;1.27229e+10;
64;16384;16384;6;0.0368498;988.184;1.27229e+10;
64;16384;16384;6;0.0368498;988.184;1.27229e+10;
64;16384;16384;6;0.0368498;988.184;1.27229e+10;
64;16384;16384;6;0.0368498;988.184;1.27229e+10;
64;16384;16384;6;0.0368498;988.184;1.27229e+10;
64;16384;16384;6;0.0368498;988.184;1.27229e+10;
64;16384;16384;6;0.0368498;988.184;1.27229e+10;
64;16384;16384;6;0.0368498;988.184;1.27229e+10;
64;16384;16384;6;0.0368498;988.184;1.27229e+10;
64;16384;16384;6;0.0368498;988.184;1.27229e+10;
64;16384;16384;6;0.0368498;988.184;1.27229e+10;
64;16384;16384;6;0.0368498;988.184;1.27229e+10;
64;16384;16384;6;0.0368498;988.184;1.27229e+10;
64;16384;16384;6;0.0368498;988.184;1.27229e+10;
64;16384;16384;6;0.0368498;988.184;1.27229e+10;
64;16384;16384;6;0.0368498;988.184;1.27229e+10;
64;16384;16384;6;0.0368498;988.184;1.27229e+10;
64;16384;16384;6;0.0368498;988.184;1.27229e+10;
64;16384;16384;6;0.0368498;988.184;1.27229e+10;
64;16384;16384;6;0.0368498;988.184;1.27229e+10;
64;16384;16384;6;0.0368498;988.184;1.27229e+10;
64;16384;16384;6;0.0368498;988.184;1.27229e+10;
64;16384;16384;6;0.0368498;988.184;1.27229e+10;
64;16384;16384;6;0.0368498;988.184;1.27229e+10;
64;16384;16384;6;0.0368498;988.184;1.27229e+10;
64;16384;16384;6;0.0368498;988.184;1.27229e+10;
64;16384;16384;6;0.0368498;988.184;1.27229e+10;
64;16384;16384;6;0.0368498;988.184;1.27229e+10;
64;16384;16384;6;0.0368498;988.184;1.27229e+10;
64;16384;16384;6;0.0368498;988.184;1.27229e+10;
64;16384;16384;6;0.0368498;988.184;1.27229e+10;
64;16384;16384;6;0.0368498;988.184;1.27229e+10;
64;16384;16384;6;0.0368498;988.184;1.27229e+10;
64;16384;16384;6;0.0368498;988.184;1.27229e+10;
64;16384;16384;6;0.0368498;988.184;1.27229e+10;
64;16384;16384;6;0.0368498;988.184;1.27229e+10;
64;16384;16384;6;0.0368498;988.184;1.27229e+10;
64;16384;16384;6;0.0368498;988.184;1.27229e+10;
64;16384;16384;6;0.0368498;988.184;1.27229e+10;
64;16384;16384;6;0.0368498;988.184;1.27229e+10;
64;16384;16384;6;0.0368498;988.184;1.27229e+10;
64;16384;16384;6;0.0368498;988.184;1.27229e+10;
64;16384;16384;6;0.0368498;988.184;1.27229e+10;
64;16384;16384;6;0.0368498;988.184;1.27229e+10;
64;16384;16384;6;0.0368498;988.184;1.27229e+10;
64;16384;16384;6;0.0368498;988.184;1.27229e+10;