n_threads;n_x;n_y;plan;run_flag;total;initialization;fft_2d_total;
48;16384;16384;measure;scatter;5.19335;2.74716;2.44619;
48;16384;16384;measure;scatter;5.24358;2.69902;2.54455;
48;16384;16384;measure;scatter;5.19684;2.73758;2.45925;
48;16384;16384;measure;scatter;5.17142;2.72638;2.44504;
48;16384;16384;measure;scatter;5.21924;2.6877;2.53153;
48;16384;16384;measure;scatter;5.15352;2.72301;2.43052;
48;16384;16384;measure;scatter;5.26745;2.70499;2.56247;
48;16384;16384;measure;scatter;5.09256;2.71394;2.37862;
48;16384;16384;measure;scatter;5.44903;2.9021;2.54693;
48;16384;16384;measure;scatter;4.64944;2.23868;2.41076;
48;16384;16384;measure;scatter;4.6216;2.24503;2.37657;
48;16384;16384;measure;scatter;5.14446;2.70654;2.43792;
48;16384;16384;measure;scatter;4.66688;2.26021;2.40668;
48;16384;16384;measure;scatter;4.66873;2.26153;2.40719;
48;16384;16384;measure;scatter;4.71678;2.28474;2.43204;
48;16384;16384;measure;scatter;4.66496;2.24277;2.42219;
48;16384;16384;measure;scatter;4.66679;2.25229;2.4145;
48;16384;16384;measure;scatter;4.63795;2.25366;2.38429;
48;16384;16384;measure;scatter;5.05901;2.69207;2.36694;
48;16384;16384;measure;scatter;4.66927;2.25257;2.4167;
48;16384;16384;measure;scatter;4.6132;2.21952;2.39368;
48;16384;16384;measure;scatter;4.6479;2.23497;2.41294;
48;16384;16384;measure;scatter;4.62385;2.23052;2.39334;
48;16384;16384;measure;scatter;4.58645;2.23739;2.34906;
48;16384;16384;measure;scatter;5.15258;2.70636;2.44622;
48;16384;16384;measure;scatter;4.59926;2.25689;2.34236;
48;16384;16384;measure;scatter;4.6302;2.24084;2.38936;
48;16384;16384;measure;scatter;4.62989;2.25235;2.37754;
48;16384;16384;measure;scatter;5.21362;2.7691;2.44452;
48;16384;16384;measure;scatter;4.59637;2.22171;2.37466;
48;16384;16384;measure;scatter;4.58899;2.2299;2.35909;
48;16384;16384;measure;scatter;4.62707;2.24531;2.38176;
48;16384;16384;measure;scatter;4.64935;2.24568;2.40367;
48;16384;16384;measure;scatter;4.69556;2.23785;2.45771;
48;16384;16384;measure;scatter;4.64061;2.24742;2.39318;
48;16384;16384;measure;scatter;4.9539;2.46071;2.49318;
48;16384;16384;measure;scatter;5.21324;2.77642;2.43682;
48;16384;16384;measure;scatter;4.57097;2.22048;2.35049;
48;16384;16384;measure;scatter;4.56906;2.22549;2.34357;
48;16384;16384;measure;scatter;4.54979;2.24687;2.30291;
48;16384;16384;measure;scatter;5.23493;2.79256;2.44237;
48;16384;16384;measure;scatter;5.23405;2.77322;2.46083;
48;16384;16384;measure;scatter;4.66528;2.21967;2.44561;
48;16384;16384;measure;scatter;4.95624;2.45397;2.50227;
48;16384;16384;measure;scatter;4.6766;2.22311;2.45349;
48;16384;16384;measure;scatter;5.049;2.65148;2.39752;
48;16384;16384;measure;scatter;4.66484;2.23376;2.43107;
48;16384;16384;measure;scatter;4.58733;2.24077;2.34656;
48;16384;16384;measure;scatter;5.09018;2.67693;2.41325;
48;16384;16384;measure;scatter;4.59312;2.24066;2.35245;
48;16384;16384;measure;scatter;3.78745;1.17858;2.60887;
48;16384;16384;measure;scatter;3.74317;1.18608;2.55709;
48;16384;16384;measure;scatter;3.92925;1.19261;2.73664;
48;16384;16384;measure;scatter;3.74019;1.17863;2.56156;
48;16384;16384;measure;scatter;3.88474;1.16343;2.72131;
48;16384;16384;measure;scatter;3.69044;1.17631;2.51413;
48;16384;16384;measure;scatter;3.87619;1.17049;2.7057;
48;16384;16384;measure;scatter;3.67486;1.14985;2.52501;
48;16384;16384;measure;scatter;3.82838;1.16576;2.66262;
48;16384;16384;measure;scatter;3.75567;1.16706;2.58861;
48;16384;16384;measure;scatter;3.64481;1.16669;2.47812;
48;16384;16384;measure;scatter;3.74784;1.17118;2.57666;
48;16384;16384;measure;scatter;3.72714;1.16809;2.55905;
48;16384;16384;measure;scatter;3.78639;1.16562;2.62077;
48;16384;16384;measure;scatter;3.64999;1.16308;2.48691;
48;16384;16384;measure;scatter;3.87155;1.17207;2.69948;
48;16384;16384;measure;scatter;3.86976;1.16547;2.7043;
48;16384;16384;measure;scatter;3.84678;1.16798;2.6788;
48;16384;16384;measure;scatter;3.6837;1.16535;2.51835;
48;16384;16384;measure;scatter;3.71888;1.17587;2.54302;
48;16384;16384;measure;scatter;3.66583;1.16561;2.50022;
48;16384;16384;measure;scatter;3.69422;1.16637;2.52785;
48;16384;16384;measure;scatter;4.20902;1.16947;3.03954;
48;16384;16384;measure;scatter;4.12355;1.16774;2.9558;
48;16384;16384;measure;scatter;3.58318;1.16734;2.41584;
48;16384;16384;measure;scatter;3.69882;1.15891;2.53991;
48;16384;16384;measure;scatter;3.69915;1.16369;2.53547;
48;16384;16384;measure;scatter;3.95034;1.17343;2.77691;
48;16384;16384;measure;scatter;3.76256;1.16545;2.59711;
48;16384;16384;measure;scatter;3.68489;1.17175;2.51314;
48;16384;16384;measure;scatter;3.86228;1.16595;2.69633;
48;16384;16384;measure;scatter;3.92424;1.1677;2.75654;
48;16384;16384;measure;scatter;3.88128;1.17112;2.71016;
48;16384;16384;measure;scatter;3.7103;1.16897;2.54133;
48;16384;16384;measure;scatter;3.74532;1.16863;2.57669;
48;16384;16384;measure;scatter;3.79501;1.17314;2.62187;
48;16384;16384;measure;scatter;3.77554;1.1659;2.60964;
48;16384;16384;measure;scatter;3.8001;1.16968;2.63042;
48;16384;16384;measure;scatter;3.63232;1.18054;2.45178;
48;16384;16384;measure;scatter;3.63445;1.16974;2.46471;
48;16384;16384;measure;scatter;3.82681;1.17504;2.65178;
48;16384;16384;measure;scatter;3.79043;1.17387;2.61656;
48;16384;16384;measure;scatter;3.62817;1.16567;2.4625;
48;16384;16384;measure;scatter;3.89215;1.16452;2.72763;
48;16384;16384;measure;scatter;3.72736;1.16497;2.5624;
48;16384;16384;measure;scatter;3.63307;1.17416;2.45891;
48;16384;16384;measure;scatter;3.90316;1.17168;2.73147;
48;16384;16384;measure;scatter;3.73617;1.16763;2.56855;
48;16384;16384;measure;scatter;3.86306;1.17563;2.68742;
48;16384;16384;measure;scatter;3.87098;1.70774;2.16324;
48;16384;16384;measure;scatter;2.7811;1.28582;1.49529;
48;16384;16384;measure;scatter;2.83117;1.28754;1.54363;
48;16384;16384;measure;scatter;3.71323;1.26402;2.44921;
48;16384;16384;measure;scatter;2.82085;1.28079;1.54007;
48;16384;16384;measure;scatter;3.34989;1.28594;2.06396;
48;16384;16384;measure;scatter;3.78873;1.27708;2.51164;
48;16384;16384;measure;scatter;2.56878;1.28558;1.2832;
48;16384;16384;measure;scatter;4.14198;1.28365;2.85833;
48;16384;16384;measure;scatter;3.52167;1.28438;2.23729;
48;16384;16384;measure;scatter;3.59752;1.30088;2.29665;
48;16384;16384;measure;scatter;3.20783;1.28892;1.91892;
48;16384;16384;measure;scatter;2.71628;1.29084;1.42544;
48;16384;16384;measure;scatter;2.50265;1.31181;1.19084;
48;16384;16384;measure;scatter;2.93479;1.28815;1.64664;
48;16384;16384;measure;scatter;3.80868;1.30095;2.50774;
48;16384;16384;measure;scatter;2.7352;1.29155;1.44366;
48;16384;16384;measure;scatter;3.70879;1.30015;2.40864;
48;16384;16384;measure;scatter;3.47332;1.28673;2.1866;
48;16384;16384;measure;scatter;3.58926;1.29821;2.29105;
48;16384;16384;measure;scatter;3.76111;1.28864;2.47247;
48;16384;16384;measure;scatter;2.47565;1.28889;1.18676;
48;16384;16384;measure;scatter;3.16746;1.29122;1.87624;
48;16384;16384;measure;scatter;3.61959;1.29394;2.32565;
48;16384;16384;measure;scatter;2.95075;1.30422;1.64653;
48;16384;16384;measure;scatter;2.7618;1.28375;1.47806;
48;16384;16384;measure;scatter;3.93236;1.28843;2.64393;
48;16384;16384;measure;scatter;3.93113;1.30219;2.62895;
48;16384;16384;measure;scatter;3.18853;1.283;1.90553;
48;16384;16384;measure;scatter;3.75776;1.3021;2.45566;
48;16384;16384;measure;scatter;2.80866;1.3041;1.50456;
48;16384;16384;measure;scatter;4.04458;1.29997;2.74462;
48;16384;16384;measure;scatter;4.02842;1.28776;2.74066;
48;16384;16384;measure;scatter;2.94433;1.29092;1.6534;
48;16384;16384;measure;scatter;2.92165;1.28554;1.63611;
48;16384;16384;measure;scatter;2.87173;1.28845;1.58328;
48;16384;16384;measure;scatter;2.46681;1.29149;1.17532;
48;16384;16384;measure;scatter;3.08185;1.29246;1.78938;
48;16384;16384;measure;scatter;2.66695;1.29499;1.37196;
48;16384;16384;measure;scatter;3.60302;1.28552;2.3175;
48;16384;16384;measure;scatter;3.9184;1.30014;2.61826;
48;16384;16384;measure;scatter;3.88277;1.29068;2.59208;
48;16384;16384;measure;scatter;3.0566;1.29237;1.76423;
48;16384;16384;measure;scatter;2.61331;1.29097;1.32234;
48;16384;16384;measure;scatter;3.2904;1.29376;1.99664;
48;16384;16384;measure;scatter;4.37175;1.29029;3.08146;
48;16384;16384;measure;scatter;3.2836;1.30219;1.98141;
48;16384;16384;measure;scatter;4.1721;1.2999;2.87221;
48;16384;16384;measure;scatter;3.97353;1.2846;2.68893;
48;16384;16384;measure;scatter;2.70049;1.30012;1.40038;
48;16384;16384;measure;scatter;3.82357;1.28637;2.5372;
48;16384;16384;measure;scatter;2.37387;1.16278;1.21109;
48;16384;16384;measure;scatter;2.1649;0.951825;1.21307;
48;16384;16384;measure;scatter;2.1763;0.957789;1.21851;
48;16384;16384;measure;scatter;2.18035;1.10064;1.07971;
48;16384;16384;measure;scatter;2.32943;1.09164;1.23779;
48;16384;16384;measure;scatter;2.23132;1.08813;1.14318;
48;16384;16384;measure;scatter;2.32697;1.07439;1.25258;
48;16384;16384;measure;scatter;2.17765;1.04998;1.12767;
48;16384;16384;measure;scatter;2.08464;1.03031;1.05432;
48;16384;16384;measure;scatter;2.18063;1.05921;1.12143;
48;16384;16384;measure;scatter;2.42604;1.08001;1.34603;
48;16384;16384;measure;scatter;2.32657;1.07431;1.25226;
48;16384;16384;measure;scatter;2.45389;1.09653;1.35736;
48;16384;16384;measure;scatter;2.00447;0.961499;1.04297;
48;16384;16384;measure;scatter;2.02221;0.959498;1.06271;
48;16384;16384;measure;scatter;2.28552;0.956036;1.32948;
48;16384;16384;measure;scatter;2.3027;1.09468;1.20802;
48;16384;16384;measure;scatter;2.28768;1.09818;1.1895;
48;16384;16384;measure;scatter;2.40289;1.09354;1.30934;
48;16384;16384;measure;scatter;1.92804;0.956274;0.971768;
48;16384;16384;measure;scatter;2.27407;1.09272;1.18134;
48;16384;16384;measure;scatter;2.48971;1.08531;1.4044;
48;16384;16384;measure;scatter;2.22958;1.08335;1.14623;
48;16384;16384;measure;scatter;1.98819;0.960106;1.02808;
48;16384;16384;measure;scatter;2.21568;1.09063;1.12504;
48;16384;16384;measure;scatter;2.25172;1.10458;1.14713;
48;16384;16384;measure;scatter;2.46759;1.08925;1.37834;
48;16384;16384;measure;scatter;2.20246;1.0916;1.11085;
48;16384;16384;measure;scatter;2.17386;1.09758;1.07628;
48;16384;16384;measure;scatter;2.15568;0.958031;1.19765;
48;16384;16384;measure;scatter;2.50596;1.07738;1.42858;
48;16384;16384;measure;scatter;2.03045;0.958367;1.07208;
48;16384;16384;measure;scatter;1.95473;0.954729;0.999998;
48;16384;16384;measure;scatter;1.93399;0.959107;0.974886;
48;16384;16384;measure;scatter;2.27378;1.0894;1.18438;
48;16384;16384;measure;scatter;2.53602;1.1093;1.42672;
48;16384;16384;measure;scatter;2.0576;1.10012;0.957476;
48;16384;16384;measure;scatter;2.06149;0.970026;1.09146;
48;16384;16384;measure;scatter;2.27256;1.094;1.17855;
48;16384;16384;measure;scatter;2.49956;1.08352;1.41604;
48;16384;16384;measure;scatter;2.70258;1.20078;1.5018;
48;16384;16384;measure;scatter;2.04062;0.960745;1.07988;
48;16384;16384;measure;scatter;2.26609;1.09235;1.17375;
48;16384;16384;measure;scatter;2.19493;0.960861;1.23407;
48;16384;16384;measure;scatter;2.17471;1.05566;1.11906;
48;16384;16384;measure;scatter;2.393;1.10035;1.29266;
48;16384;16384;measure;scatter;2.44083;1.09661;1.34422;
48;16384;16384;measure;scatter;2.35183;1.0865;1.26533;
48;16384;16384;measure;scatter;2.18276;1.06665;1.11611;
48;16384;16384;measure;scatter;2.12943;0.955828;1.1736;
48;16384;16384;measure;scatter;1.66044;0.933907;0.726529;
48;16384;16384;measure;scatter;1.67908;0.923237;0.755843;
48;16384;16384;measure;scatter;1.51936;0.91576;0.603596;
48;16384;16384;measure;scatter;1.56392;0.922276;0.64164;
48;16384;16384;measure;scatter;1.64795;0.93037;0.717585;
48;16384;16384;measure;scatter;1.56172;0.898866;0.662858;
48;16384;16384;measure;scatter;1.75473;0.927152;0.827577;
48;16384;16384;measure;scatter;2.04959;0.942036;1.10755;
48;16384;16384;measure;scatter;1.58699;0.921775;0.665213;
48;16384;16384;measure;scatter;1.63575;0.929278;0.706477;
48;16384;16384;measure;scatter;1.79951;0.964381;0.835131;
48;16384;16384;measure;scatter;1.65086;0.919445;0.731411;
48;16384;16384;measure;scatter;1.78675;0.938412;0.848342;
48;16384;16384;measure;scatter;1.69087;0.924883;0.765986;
48;16384;16384;measure;scatter;1.65364;0.923017;0.730624;
48;16384;16384;measure;scatter;1.58095;0.930051;0.650896;
48;16384;16384;measure;scatter;1.60737;0.938449;0.668924;
48;16384;16384;measure;scatter;1.6918;0.92815;0.763648;
48;16384;16384;measure;scatter;1.60298;0.927675;0.675306;
48;16384;16384;measure;scatter;1.58952;0.930698;0.658817;
48;16384;16384;measure;scatter;1.66465;0.927741;0.736906;
48;16384;16384;measure;scatter;1.61552;0.923699;0.691817;
48;16384;16384;measure;scatter;1.54689;0.926313;0.620575;
48;16384;16384;measure;scatter;1.66496;0.955855;0.709103;
48;16384;16384;measure;scatter;1.59489;0.938932;0.655961;
48;16384;16384;measure;scatter;1.65255;0.930124;0.722424;
48;16384;16384;measure;scatter;1.70142;0.958882;0.742534;
48;16384;16384;measure;scatter;1.71614;0.944032;0.772105;
48;16384;16384;measure;scatter;1.60218;0.941474;0.660704;
48;16384;16384;measure;scatter;1.61431;0.918859;0.695448;
48;16384;16384;measure;scatter;1.67337;0.937534;0.735841;
48;16384;16384;measure;scatter;1.66974;0.927093;0.742644;
48;16384;16384;measure;scatter;1.64277;0.932941;0.709834;
48;16384;16384;measure;scatter;1.62532;0.929587;0.695731;
48;16384;16384;measure;scatter;1.65017;0.91385;0.736319;
48;16384;16384;measure;scatter;1.88961;0.952676;0.936931;
48;16384;16384;measure;scatter;1.65178;0.918663;0.733113;
48;16384;16384;measure;scatter;1.84446;0.953261;0.8912;
48;16384;16384;measure;scatter;1.61265;0.944934;0.66772;
48;16384;16384;measure;scatter;1.78525;0.931566;0.853686;
48;16384;16384;measure;scatter;1.6566;0.937733;0.718867;
48;16384;16384;measure;scatter;1.68618;0.914102;0.772081;
48;16384;16384;measure;scatter;1.63456;0.926917;0.707641;
48;16384;16384;measure;scatter;1.67926;0.907316;0.771944;
48;16384;16384;measure;scatter;1.70592;0.936128;0.769789;
48;16384;16384;measure;scatter;1.5806;0.926404;0.654201;
48;16384;16384;measure;scatter;1.60356;0.933814;0.669743;
48;16384;16384;measure;scatter;1.65039;0.925786;0.724609;
48;16384;16384;measure;scatter;1.79741;0.930612;0.866799;
48;16384;16384;measure;scatter;1.57159;0.921918;0.649675;