n_threads;n_x;n_y;plan;comm_flag;total;initialization;fft_2d_total;first_fftw;first_split;first_comm;first_trans;second_fftw;second_split;second_comm;second_trans;
48;16384;16384;measure;all_to_all;1.87603;1.54284;0.333171;0.0486458;0.0554756;2.26399e-06;0.059696;0.0624348;0.0550671;1.1492e-05;0.0518378;
48;16384;16384;measure;all_to_all;1.8567;1.53764;0.319043;0.0485461;0.055579;1.50304e-06;0.0597133;0.0482678;0.055501;4.81901e-06;0.0514294;
48;16384;16384;measure;all_to_all;1.87167;1.55203;0.319618;0.0487947;0.0557476;1.27201e-06;0.060244;0.0479579;0.055358;1.3345e-05;0.0515011;
48;16384;16384;measure;all_to_all;1.8751;1.55591;0.319167;0.0495404;0.0553422;1.573e-06;0.060029;0.0471763;0.0555791;1.7603e-05;0.0514808;
48;16384;16384;measure;all_to_all;1.86034;1.54084;0.319473;0.0490001;0.0556914;2.54501e-06;0.0599166;0.0473003;0.0553354;7.38399e-06;0.0522196;
48;16384;16384;measure;all_to_all;1.87435;1.54995;0.324383;0.0526942;0.0558068;1.85403e-06;0.0589168;0.0496222;0.0557535;1.6571e-05;0.0515707;
48;16384;16384;measure;all_to_all;1.88062;1.55538;0.325228;0.0538799;0.055404;1.72399e-06;0.0604928;0.0485264;0.0554846;1.4427e-05;0.0514245;
48;16384;16384;measure;all_to_all;1.88034;1.54611;0.334215;0.0487198;0.0556105;1.61305e-06;0.0595168;0.0631603;0.0553737;1.2674e-05;0.0518198;
48;16384;16384;measure;all_to_all;1.87771;1.55662;0.321077;0.0488428;0.0555684;1.79303e-06;0.0603822;0.0482852;0.0555911;0.000312958;0.0520928;
48;16384;16384;measure;all_to_all;1.86276;1.54258;0.320157;0.0492495;0.0556111;2.274e-06;0.0596785;0.0489338;0.0553656;1.6281e-05;0.0513004;
48;16384;16384;measure;all_to_all;1.87591;1.53636;0.339536;0.0480809;0.0557229;1.54297e-06;0.0603787;0.0685308;0.055368;1.4086e-05;0.0514393;
48;16384;16384;measure;all_to_all;1.89296;1.55828;0.334665;0.0490416;0.0552658;1.56299e-06;0.0596619;0.0638875;0.0556167;1.3385e-05;0.0511761;
48;16384;16384;measure;all_to_all;1.87791;1.55537;0.322518;0.0487099;0.0553749;1.45298e-06;0.0600924;0.0511658;0.0555815;4.79899e-06;0.0515872;
48;16384;16384;measure;all_to_all;1.86634;1.54674;0.319584;0.0494588;0.055364;1.79303e-06;0.0596702;0.0479323;0.0554764;1.5449e-05;0.0516651;
48;16384;16384;measure;all_to_all;1.85667;1.53515;0.321496;0.0501442;0.0559572;1.81299e-06;0.0590449;0.0485329;0.0558415;4.43798e-06;0.0519693;
48;16384;16384;measure;all_to_all;1.87723;1.5544;0.32281;0.0493013;0.0559058;1.673e-06;0.0602284;0.0486296;0.0553677;1.5679e-05;0.0533596;
48;16384;16384;measure;all_to_all;1.8811;1.54658;0.334507;0.0489184;0.05598;1.573e-06;0.0597937;0.0633301;0.0557542;1.2874e-05;0.0507161;
48;16384;16384;measure;all_to_all;1.86314;1.5454;0.317731;0.0478927;0.05529;1.54303e-06;0.0599381;0.0482045;0.0554101;1.3546e-05;0.0509806;
48;16384;16384;measure;all_to_all;1.8722;1.55246;0.319723;0.0487627;0.0555126;1.72295e-06;0.0600586;0.0483804;0.0554695;5.50103e-06;0.0515323;
48;16384;16384;measure;all_to_all;1.87421;1.55519;0.319003;0.048303;0.05577;2.174e-06;0.0598324;0.0480309;0.0555521;1.0099e-05;0.0515024;
48;16384;16384;measure;all_to_all;1.87706;1.55712;0.319927;0.0489381;0.0556428;1.98401e-06;0.0595934;0.0485969;0.0555594;1.06e-05;0.0515833;
48;16384;16384;measure;all_to_all;1.86326;1.54159;0.321649;0.0495598;0.0554054;1.45298e-06;0.0599743;0.0488251;0.055437;1.0359e-05;0.052436;
48;16384;16384;measure;all_to_all;1.88328;1.54144;0.34182;0.0492768;0.0553968;1.74303e-06;0.0595885;0.0699374;0.0554149;1.069e-05;0.0521933;
48;16384;16384;measure;all_to_all;1.86293;1.54214;0.320777;0.0489723;0.0555445;1.89396e-06;0.0597748;0.0486149;0.0554873;9.94897e-06;0.052371;
48;16384;16384;measure;all_to_all;1.87084;1.55149;0.319329;0.0492022;0.0561178;2.05403e-06;0.0596784;0.0478497;0.0552645;1.3966e-05;0.0512;
48;16384;16384;measure;all_to_all;1.87238;1.55236;0.319999;0.0485592;0.0560053;1.51299e-06;0.0590907;0.0488171;0.0555788;1.3195e-05;0.0519337;
48;16384;16384;measure;all_to_all;1.87349;1.55184;0.321634;0.0486693;0.0556277;1.55304e-06;0.0599271;0.0508189;0.0552444;1.6621e-05;0.0513287;
48;16384;16384;measure;all_to_all;1.89045;1.5522;0.338233;0.0489631;0.0557536;1.61299e-06;0.0597894;0.0666328;0.0559428;1.1562e-05;0.0511385;
48;16384;16384;measure;all_to_all;1.8901;1.55278;0.337298;0.0483685;0.0554993;1.71299e-06;0.0604753;0.0664354;0.0553991;1.4146e-05;0.0511047;
48;16384;16384;measure;all_to_all;1.87325;1.55282;0.32041;0.0494507;0.0555932;1.63296e-06;0.0599934;0.049228;0.0553127;1.5639e-05;0.0508151;
48;16384;16384;measure;all_to_all;1.88201;1.54684;0.335147;0.0500743;0.0556557;1.49303e-06;0.059558;0.0626198;0.0554568;1.2233e-05;0.0517686;
48;16384;16384;measure;all_to_all;1.88568;1.56246;0.323202;0.0525786;0.0560307;1.48203e-06;0.059281;0.0481922;0.0556612;1.4387e-05;0.0514429;
48;16384;16384;measure;all_to_all;1.87971;1.54276;0.33693;0.0480179;0.0552386;1.49297e-06;0.0601264;0.0661755;0.0554268;1.093e-05;0.0519324;
48;16384;16384;measure;all_to_all;1.86379;1.5425;0.321273;0.0498956;0.0557458;2.25403e-06;0.059978;0.0477696;0.0555183;1.5479e-05;0.0523477;
48;16384;16384;measure;all_to_all;1.87609;1.55607;0.319995;0.0483926;0.0560559;1.84303e-06;0.0602076;0.0476252;0.0555781;1.3085e-05;0.0521202;
48;16384;16384;measure;all_to_all;1.86773;1.54558;0.322138;0.0488894;0.0560348;1.77295e-06;0.0588947;0.051095;0.0555938;1.5199e-05;0.0516137;
48;16384;16384;measure;all_to_all;1.86736;1.54603;0.321311;0.0490106;0.0559174;2.37499e-06;0.0601588;0.0487468;0.0555087;1.044e-05;0.051956;
48;16384;16384;measure;all_to_all;1.87072;1.55112;0.319586;0.0484431;0.0557898;1.63302e-06;0.059381;0.0483625;0.0559128;1.583e-05;0.051679;
48;16384;16384;measure;all_to_all;1.88829;1.55493;0.333347;0.0484568;0.0559057;1.473e-06;0.0592937;0.0625098;0.0554704;1.3165e-05;0.0516961;
48;16384;16384;measure;all_to_all;1.86599;1.5454;0.320574;0.0493062;0.0554122;2.36498e-06;0.0604645;0.0480102;0.0555557;1.7603e-05;0.051805;
48;16384;16384;measure;all_to_all;1.87572;1.55413;0.321566;0.049785;0.0554169;1.78296e-06;0.0611156;0.0485841;0.0556326;1.2624e-05;0.0510175;
48;16384;16384;measure;all_to_all;1.86822;1.54549;0.322718;0.0489751;0.0560355;1.80298e-06;0.0593112;0.0515246;0.0555215;1.9216e-05;0.0513289;
48;16384;16384;measure;all_to_all;1.89186;1.55363;0.338215;0.0493462;0.0595186;1.673e-06;0.0589424;0.0632597;0.0554575;1.1091e-05;0.0516781;
48;16384;16384;measure;all_to_all;1.87646;1.55636;0.320079;0.0489227;0.0561634;1.43301e-06;0.0595371;0.0478358;0.0556825;0.000433315;0.0515025;
48;16384;16384;measure;all_to_all;1.87886;1.54243;0.336415;0.0504295;0.0552945;1.85403e-06;0.0601122;0.0638202;0.0554885;9.10705e-06;0.0512592;
48;16384;16384;measure;all_to_all;1.89161;1.55463;0.33696;0.0491543;0.0560312;1.85298e-06;0.0604448;0.0641136;0.0556385;7.80501e-06;0.0515675;
48;16384;16384;measure;all_to_all;1.86601;1.54552;0.320472;0.0489538;0.0556535;1.77301e-06;0.0592254;0.0489482;0.0555878;7.55402e-06;0.0520938;
48;16384;16384;measure;all_to_all;1.88297;1.54781;0.33514;0.0484567;0.0553898;1.43296e-06;0.0602341;0.0639531;0.0556247;1.3235e-05;0.0514674;
48;16384;16384;measure;all_to_all;1.86455;1.54156;0.322977;0.0497727;0.055539;1.473e-06;0.0592214;0.0488133;0.055514;1.0349e-05;0.0541046;
48;16384;16384;measure;all_to_all;1.87069;1.55522;0.315454;0.0486312;0.0554322;1.78401e-06;0.0606495;0.0437431;0.0557692;1.6781e-05;0.0512101;
48;16384;16384;measure;all_to_all;13.5376;1.2078;12.3298;0.0407998;0.0354867;5.13012;0.209974;0.0307887;0.0294898;6.65027;0.20286;
48;16384;16384;measure;all_to_all;13.9417;1.19705;12.7446;0.0412284;0.0423861;5.35415;0.208093;0.0304586;0.0294539;6.85011;0.188738;
48;16384;16384;measure;all_to_all;11.106;1.16646;9.93944;0.0405381;0.0354297;2.93761;0.180235;0.103036;0.0391957;6.44745;0.155952;
48;16384;16384;measure;all_to_all;8.84882;1.21;7.6388;0.041851;0.0414181;2.09026;0.185364;0.0255154;0.0290092;5.06024;0.165155;
48;16384;16384;measure;all_to_all;11.9003;1.18221;10.718;0.0397182;0.0390018;3.06933;0.181425;0.0984507;0.0335418;6.46931;0.787259;
48;16384;16384;measure;all_to_all;10.2591;1.1818;9.07724;0.0281725;0.0301846;2.80453;0.19778;0.0659393;0.0371446;5.78249;0.130998;
48;16384;16384;measure;all_to_all;12.5289;1.19985;11.329;0.027537;0.0279717;2.93967;0.209908;0.0324676;0.0291051;7.91396;0.148421;
48;16384;16384;measure;all_to_all;8.78606;1.17402;7.61197;0.0401645;0.0370645;2.22605;0.202306;0.0728266;0.0358994;4.81782;0.179838;
48;16384;16384;measure;all_to_all;8.97707;1.20961;7.76745;0.0421924;0.0414447;2.89586;0.182146;0.0440745;0.0291783;4.37065;0.161903;
48;16384;16384;measure;all_to_all;9.42134;1.20878;8.21255;0.0421755;0.0405878;2.18015;0.179784;0.0327456;0.0291669;5.54555;0.162399;
48;16384;16384;measure;all_to_all;10.6032;1.19345;9.40969;0.0289416;0.0293894;2.92519;0.186578;0.031952;0.0294656;6.01626;0.161926;
48;16384;16384;measure;all_to_all;10.0261;1.21578;8.81034;0.0412844;0.0340092;5.18702;0.212062;0.0357123;0.0276402;3.10883;0.163783;
48;16384;16384;measure;all_to_all;12.081;1.19183;10.8891;0.0409515;0.0330641;5.27204;0.204881;0.0314299;0.0252117;4.52001;0.761524;
48;16384;16384;measure;all_to_all;13.7657;1.17501;12.5907;0.0264402;0.0317214;5.33242;0.215206;0.0442573;0.0241145;6.80627;0.110244;
48;16384;16384;measure;all_to_all;10.4086;1.17999;9.22855;0.0263629;0.0279362;2.94468;0.205212;0.0283219;0.034392;5.85196;0.109677;
48;16384;16384;measure;all_to_all;12.0892;1.20541;10.8838;0.0411468;0.0341759;2.27008;0.180798;0.0316712;0.029291;8.1029;0.193711;
48;16384;16384;measure;all_to_all;9.68693;1.20685;8.48007;0.04096;0.0422022;2.16499;0.183295;0.0307033;0.0293348;5.82464;0.163942;
48;16384;16384;measure;all_to_all;12.3076;1.1698;11.1378;0.0394905;0.041579;2.34715;0.180247;0.0915868;0.0352608;8.26179;0.140729;
48;16384;16384;measure;all_to_all;11.5638;1.2094;10.3544;0.0430728;0.0417169;2.1056;0.182987;0.0306724;0.0293419;7.77999;0.141025;
48;16384;16384;measure;all_to_all;13.4709;1.20116;12.2697;0.042222;0.0375657;4.99673;0.207006;0.0301735;0.0296233;6.7471;0.179277;
48;16384;16384;measure;all_to_all;13.3723;1.21094;12.1613;0.0422017;0.0357621;5.16971;0.205976;0.0330628;0.0284532;6.46875;0.177395;
48;16384;16384;measure;all_to_all;10.6766;1.1972;9.47943;0.0408874;0.0348282;2.89365;0.180168;0.030372;0.028975;6.11;0.160548;
48;16384;16384;measure;all_to_all;12.3955;1.20503;11.1905;0.0393862;0.04183;2.84184;0.198395;0.0295495;0.0290239;7.86905;0.141404;
48;16384;16384;measure;all_to_all;13.6458;1.20428;12.4415;0.0435217;0.0337615;4.95002;0.210366;0.0306;0.0290212;6.99054;0.153657;
48;16384;16384;measure;all_to_all;8.77911;1.20793;7.57116;0.0410679;0.0327714;2.14469;0.18575;0.0299521;0.0286061;4.94142;0.166911;
48;16384;16384;measure;all_to_all;13.7892;1.20904;12.5801;0.0405504;0.0412853;5.11977;0.207631;0.031869;0.0306816;6.93426;0.174076;
48;16384;16384;measure;all_to_all;12.3674;1.23492;11.1325;0.0254648;0.0293206;2.09617;0.181611;0.0322548;0.0292612;8.60235;0.136078;
48;16384;16384;measure;all_to_all;7.76339;1.22222;6.54116;0.0406815;0.0353198;2.1102;0.188196;0.0328119;0.028937;3.88036;0.224645;
48;16384;16384;measure;all_to_all;9.58563;1.17384;8.41173;0.0404143;0.0356982;2.91256;0.17791;0.0488586;0.0452919;4.38049;0.770513;
48;16384;16384;measure;all_to_all;9.31939;1.17374;8.1456;0.0394766;0.0335549;2.34447;0.202896;0.0449175;0.0393886;5.13203;0.308872;
48;16384;16384;measure;all_to_all;9.95078;1.1901;8.76063;0.0400309;0.0335586;2.3091;0.202411;0.0434123;0.0404934;5.28821;0.803418;
48;16384;16384;measure;all_to_all;14.1735;1.21301;12.9605;0.0425645;0.0342861;2.89339;0.186876;0.036735;0.0295602;9.56475;0.172323;
48;16384;16384;measure;all_to_all;12.0885;1.20065;10.8878;0.042107;0.0419138;5.2647;0.211687;0.0308759;0.0293547;5.07571;0.191467;
48;16384;16384;measure;all_to_all;8.81844;1.20621;7.61221;0.0410681;0.040492;2.1178;0.187411;0.0321448;0.0287841;5.00337;0.161139;
48;16384;16384;measure;all_to_all;10.0124;1.20334;8.80902;0.0413649;0.0413485;5.07372;0.217746;0.0258458;0.0289818;3.06916;0.310849;
48;16384;16384;measure;all_to_all;9.68164;1.18166;8.49993;0.0396711;0.0345058;2.30095;0.206512;0.029974;0.041669;5.04452;0.80213;
48;16384;16384;measure;all_to_all;14.7521;1.20332;13.5488;0.0414503;0.0398454;5.14748;0.208782;0.0317317;0.0296517;7.87249;0.177373;
48;16384;16384;measure;all_to_all;8.14985;1.20876;6.94107;0.0407828;0.0427744;2.2742;0.182011;0.0330979;0.0293785;4.15703;0.1818;
48;16384;16384;measure;all_to_all;13.4698;1.21077;12.259;0.0436253;0.0336651;4.95852;0.205984;0.0638563;0.0388215;6.73833;0.176195;
48;16384;16384;measure;all_to_all;10.4201;1.20001;9.21999;0.0428284;0.0425561;2.1415;0.187406;0.0248163;0.0290792;5.98037;0.771431;
48;16384;16384;measure;all_to_all;7.77496;1.20794;6.567;0.0265964;0.0293919;2.17614;0.186471;0.0328945;0.0291355;3.89323;0.193137;
48;16384;16384;measure;all_to_all;13.5233;1.22496;12.2983;0.0420058;0.0418225;5.52235;0.205607;0.0302291;0.0274608;5.99559;0.433206;
48;16384;16384;measure;all_to_all;14.9842;1.19533;13.7888;0.0360967;0.0316303;5.23947;0.213179;0.0307944;0.0275604;8.0159;0.194187;
48;16384;16384;measure;all_to_all;12.086;1.2063;10.8797;0.0265703;0.0292173;2.18898;0.181897;0.0312147;0.028574;8.21601;0.177188;
48;16384;16384;measure;all_to_all;10.731;1.20639;9.52457;0.0411119;0.0417824;2.77903;0.185229;0.025919;0.0294842;6.26261;0.159399;
48;16384;16384;measure;all_to_all;9.62788;1.21923;8.40863;0.0400045;0.0340725;2.73014;0.188814;0.029419;0.0288207;5.14429;0.213072;
48;16384;16384;measure;all_to_all;11.6278;1.20347;10.4243;0.041166;0.0423864;5.26545;0.207947;0.0302381;0.0271973;4.63062;0.179335;
48;16384;16384;measure;all_to_all;9.16987;1.17428;7.99558;0.0266955;0.0294051;2.40651;0.195723;0.0479929;0.0424447;5.11452;0.132289;
48;16384;16384;measure;all_to_all;13.5425;1.21286;12.3296;0.0443872;0.041077;5.12689;0.211756;0.0310692;0.0290362;6.64091;0.204497;
48;16384;16384;measure;all_to_all;9.04805;1.205;7.84304;0.0415374;0.041596;2.15695;0.18299;0.0385888;0.0290166;5.18266;0.169699;
48;16384;16384;measure;all_to_all;11.2134;1.04522;10.1681;0.0156236;0.0127883;1.55194;0.300708;0.0193256;0.412131;7.61102;0.244591;
48;16384;16384;measure;all_to_all;11.068;1.04296;10.025;0.0146259;0.0130478;1.56642;0.303995;0.0159935;0.0133185;7.85981;0.237748;
48;16384;16384;measure;all_to_all;9.55042;1.03608;8.51428;0.0150359;0.0130875;1.28727;0.207096;0.193994;0.243026;6.17538;0.379383;
48;16384;16384;measure;all_to_all;11.7083;1.0375;10.6708;0.0149605;0.012128;2.01046;0.2679;0.0124062;0.0134025;7.91998;0.419544;
48;16384;16384;measure;all_to_all;9.48684;1.03734;8.44948;0.0148722;0.0132675;1.69264;0.283996;0.0161185;0.0133805;6.04052;0.374696;
48;16384;16384;measure;all_to_all;11.252;1.05466;10.1974;0.0161191;0.013312;2.01078;0.106269;0.0836987;0.0911832;7.62497;0.251044;
48;16384;16384;measure;all_to_all;5.86057;1.06434;4.79622;0.0148208;0.0124527;1.56966;0.296403;0.0165434;0.0136758;2.48174;0.39092;
48;16384;16384;measure;all_to_all;15.1291;1.04711;14.0819;0.015304;0.0132771;5.50287;0.270282;0.0121702;0.0183754;7.94942;0.300229;
48;16384;16384;measure;all_to_all;11.5412;1.04797;10.4932;0.0152083;0.0130405;1.4731;0.298306;0.573481;0.0199655;7.89979;0.200301;
48;16384;16384;measure;all_to_all;10.978;1.03763;9.94032;0.0151345;0.0126215;1.32407;0.207381;0.100647;0.0172556;7.93664;0.326583;
48;16384;16384;measure;all_to_all;10.3167;1.03246;9.28419;0.0154969;0.0128623;2.21282;0.103895;0.16779;0.0131724;6.42521;0.332943;
48;16384;16384;measure;all_to_all;5.32924;1.06909;4.26014;0.0145143;0.0129151;1.48812;0.277496;0.0163539;0.0142502;2.12274;0.313746;
48;16384;16384;measure;all_to_all;5.03761;1.03326;4.00433;0.0213369;0.0168956;1.35209;0.281259;0.0215542;0.0161848;2.02212;0.272889;
48;16384;16384;measure;all_to_all;10.7238;1.04747;9.67629;0.0145757;0.0123989;1.4702;0.30234;0.017051;0.0143912;7.54322;0.302111;
48;16384;16384;measure;all_to_all;10.7775;1.04027;9.73721;0.0154495;0.0133224;2.01892;0.190695;0.0859929;0.0191682;7.25762;0.136048;
48;16384;16384;measure;all_to_all;7.04307;1.03204;6.01101;0.0148485;0.0130491;1.53784;0.281501;0.0228384;0.0124503;3.6703;0.458182;
48;16384;16384;measure;all_to_all;11.2146;1.0418;10.1727;0.0156929;0.0129175;1.58231;0.284562;0.021468;0.0135452;8.01015;0.232053;
48;16384;16384;measure;all_to_all;10.112;1.0687;9.0432;0.0149485;0.0130531;1.51767;0.110354;0.190014;0.0177902;7.06853;0.110843;
48;16384;16384;measure;all_to_all;4.94162;1.04634;3.89525;0.0146986;0.0133251;1.4896;0.181649;0.081372;0.0156584;1.65063;0.448317;
48;16384;16384;measure;all_to_all;10.0223;1.03358;8.98869;0.0235574;0.0191203;1.30308;0.110983;0.1941;0.0147481;6.71938;0.603714;
48;16384;16384;measure;all_to_all;11.1052;1.03594;10.0692;0.0172701;0.0136557;1.33221;0.106135;0.180379;2.0381;6.23264;0.148813;
48;16384;16384;measure;all_to_all;5.58753;1.04904;4.53848;0.0150284;0.0123048;1.32601;0.110186;0.171148;0.120202;2.52589;0.257708;
48;16384;16384;measure;all_to_all;18.7569;1.03651;17.7204;0.0149379;0.0120832;6.73447;0.268487;0.0148255;0.0175747;10.385;0.273028;
48;16384;16384;measure;all_to_all;11.4042;1.03013;10.374;0.0150125;0.0135824;1.47875;0.191766;0.71261;0.019854;7.57324;0.369218;
48;16384;16384;measure;all_to_all;11.8417;1.03134;10.8103;0.0153566;0.0134579;1.34524;0.111972;0.09848;0.462702;8.48954;0.273555;
48;16384;16384;measure;all_to_all;10.1874;1.04245;9.14499;0.0235272;0.0213707;1.40996;0.295634;0.0229323;0.015309;6.89889;0.457361;
48;16384;16384;measure;all_to_all;11.4253;1.03719;10.3881;0.0151715;0.0133347;1.31607;0.111608;0.0980611;0.450931;8.02494;0.35799;
48;16384;16384;measure;all_to_all;11.2663;1.0421;10.2242;0.0149551;0.0131424;1.42253;0.104845;0.18008;2.52855;5.59136;0.368724;
48;16384;16384;measure;all_to_all;12.1567;1.03846;11.1182;0.0219329;0.0208946;1.46958;0.318026;0.0138346;0.0148351;8.99916;0.259969;
48;16384;16384;measure;all_to_all;10.2921;1.03959;9.25245;0.0152082;0.0119904;1.61293;0.287425;0.0178389;0.013945;6.95777;0.335346;
48;16384;16384;measure;all_to_all;4.83046;1.04236;3.78806;0.0142722;0.012746;1.20879;0.290406;0.01273;0.0145519;1.6528;0.581764;
48;16384;16384;measure;all_to_all;10.6443;1.05181;9.59243;0.0141287;0.0127256;2.39744;0.264343;0.0130224;0.0136958;6.56343;0.313643;
48;16384;16384;measure;all_to_all;7.09436;1.06492;6.02941;0.0138524;0.0127492;1.38438;0.250289;0.0134629;0.015584;4.18019;0.158906;
48;16384;16384;measure;all_to_all;10.2096;1.0387;9.17085;0.0153883;0.0124071;1.33224;0.10612;0.180292;0.627898;6.5438;0.352712;
48;16384;16384;measure;all_to_all;11.0679;1.03625;10.0316;0.0153936;0.0131691;1.44092;0.113616;0.192923;0.0169355;8.00056;0.238076;
48;16384;16384;measure;all_to_all;12.3867;1.05026;11.3364;0.0163206;0.01437;1.25408;0.281059;0.63486;0.0271266;8.71925;0.389357;
48;16384;16384;measure;all_to_all;8.79872;1.04079;7.75787;0.0148331;0.0123863;1.53733;0.109037;0.182449;0.0155962;5.60989;0.276345;
48;16384;16384;measure;all_to_all;10.274;1.04482;9.22907;0.0154632;0.0127836;1.82425;0.109375;0.180623;0.0139463;6.83958;0.233062;
48;16384;16384;measure;all_to_all;10.6392;1.03914;9.59998;0.0151689;0.0134104;1.48984;0.285865;0.399817;0.0136086;7.25673;0.125538;
48;16384;16384;measure;all_to_all;6.00537;1.06399;4.94135;0.0137079;0.0129678;1.40184;0.190722;0.0890523;0.0154383;2.51913;0.698495;
48;16384;16384;measure;all_to_all;4.90275;1.07241;3.83032;0.0138794;0.0130216;1.23329;0.191633;0.0915939;0.0150855;1.88306;0.388763;
48;16384;16384;measure;all_to_all;9.16179;1.03368;8.12809;0.0146452;0.0131219;3.47735;0.274009;0.0151217;0.012889;3.96139;0.359566;
48;16384;16384;measure;all_to_all;11.2878;1.05385;10.2339;0.0153752;0.0131886;1.63638;0.194216;0.100006;0.0129214;7.93999;0.321821;
48;16384;16384;measure;all_to_all;9.4796;1.05419;8.42535;0.0153326;0.0135868;1.53336;0.282121;0.0159621;0.0930467;6.13048;0.341464;
48;16384;16384;measure;all_to_all;8.33237;1.02666;7.30565;0.0235072;0.021322;1.48641;0.312915;0.0216274;0.0180827;5.17681;0.244979;
48;16384;16384;measure;all_to_all;7.76743;1.03069;6.73671;0.0147987;0.0130155;1.92883;0.184987;0.0843571;0.0140793;4.18038;0.316262;
48;16384;16384;measure;all_to_all;5.32027;1.01771;4.30254;0.0214793;0.0167077;1.39549;0.191766;0.0969006;0.0142706;2.3062;0.259726;
48;16384;16384;measure;all_to_all;7.26173;1.03924;6.22247;0.0149967;0.0132012;1.44784;0.2857;0.0221643;0.0125538;4.06563;0.360383;
48;16384;16384;measure;all_to_all;10.1109;1.03676;9.07409;0.0155655;0.0136549;1.2552;0.205899;3.67053;0.049791;3.53416;0.3293;
48;16384;16384;measure;all_to_all;11.5823;1.04356;10.5388;0.0151729;0.0132004;1.37106;0.207647;0.0997013;0.103497;8.39603;0.332469;
48;16384;16384;measure;all_to_all;8.51273;0.94548;7.56723;0.0152606;0.00674646;1.33896;0.115512;0.0917147;0.101207;5.69169;0.206138;
48;16384;16384;measure;all_to_all;3.99641;0.942698;3.0537;0.0111204;0.00824479;1.07279;0.169796;0.0525431;0.0515832;1.48555;0.202062;
48;16384;16384;measure;all_to_all;4.2778;0.944827;3.33292;0.00915018;0.00680079;0.996991;0.118974;0.260835;0.0855228;1.67619;0.178455;
48;16384;16384;measure;all_to_all;9.31213;0.948523;8.36359;0.0123427;0.00686325;1.16958;0.112923;0.0479619;0.04976;6.71493;0.249233;
48;16384;16384;measure;all_to_all;4.14017;0.958532;3.18162;0.0150574;0.0395728;1.16225;0.068965;0.280022;0.0324007;1.41039;0.172969;
48;16384;16384;measure;all_to_all;3.69287;0.942391;2.75047;0.0105254;0.00671806;0.945814;0.0716046;0.0496809;0.054379;1.39759;0.214159;
48;16384;16384;measure;all_to_all;3.87539;0.939606;2.93576;0.00888164;0.00732025;1.03548;0.11398;0.095785;0.0524831;1.41877;0.203055;
48;16384;16384;measure;all_to_all;6.99328;0.958382;6.03488;0.0226115;0.0323965;1.04702;0.0798526;0.0550434;0.0566681;4.59925;0.142035;
48;16384;16384;measure;all_to_all;10.5163;0.955333;9.561;0.0143226;0.035772;1.15508;0.0763684;0.143372;0.00823497;7.91196;0.21589;
48;16384;16384;measure;all_to_all;9.82307;0.963969;8.85908;0.0155815;0.0418427;1.73558;0.0684855;0.0547736;0.106713;6.4527;0.383408;
48;16384;16384;measure;all_to_all;10.9626;0.965253;9.99736;0.0152396;0.039073;1.10489;0.122898;0.0905146;0.0494043;8.28273;0.292615;
48;16384;16384;measure;all_to_all;4.1531;0.967926;3.18512;0.0105259;0.0368499;0.999586;0.122653;0.101968;0.0526346;1.74363;0.117278;
48;16384;16384;measure;all_to_all;10.4053;0.969802;9.43547;0.017852;0.0440558;1.12522;0.119138;0.142138;0.00769159;7.67889;0.300491;
48;16384;16384;measure;all_to_all;13.498;0.964635;12.5334;0.0149733;0.0420362;2.46052;0.118055;0.223001;0.0230921;9.32416;0.327515;
48;16384;16384;measure;all_to_all;9.35582;0.943155;8.41265;0.00955775;0.0070707;1.43579;0.0757523;0.201521;0.0566466;6.39366;0.232653;
48;16384;16384;measure;all_to_all;10.0744;0.963359;9.11104;0.0134478;0.0322955;1.12679;0.161006;1.61425;0.035189;5.63018;0.497883;
48;16384;16384;measure;all_to_all;8.23834;0.943638;7.29469;0.00939716;0.00727536;3.72972;0.0850634;0.0565103;0.123883;2.8553;0.427528;
48;16384;16384;measure;all_to_all;4.03777;0.948561;3.08919;0.0110423;0.00684068;1.0857;0.0732137;0.102895;0.05097;1.50417;0.254367;
48;16384;16384;measure;all_to_all;10.874;0.955111;9.91891;0.0183536;0.0431167;1.14087;0.123187;0.201066;0.06031;8.08913;0.242877;
48;16384;16384;measure;all_to_all;7.15302;0.955414;6.19759;0.0122005;0.0409688;1.03976;0.369213;0.0133305;1.50265;2.94343;0.276041;
48;16384;16384;measure;all_to_all;10.2155;0.958047;9.25745;0.0141102;0.006115;1.29315;0.0730157;0.133598;0.050608;7.48563;0.201225;
48;16384;16384;measure;all_to_all;11.1322;0.968974;10.1631;0.0167758;0.0412819;1.03408;0.164544;0.096452;0.8303;7.86969;0.109996;
48;16384;16384;measure;all_to_all;3.66984;0.945258;2.72457;0.0112367;0.00711143;0.990272;0.155953;0.0523542;0.0126563;1.30114;0.19384;
48;16384;16384;measure;all_to_all;3.87049;0.939255;2.93122;0.00937369;0.00681293;1.11847;0.164811;0.0531542;0.104269;1.27023;0.204107;
48;16384;16384;measure;all_to_all;8.98299;0.956356;8.02658;0.00971172;0.00698822;1.38179;0.0684096;0.139704;0.0965477;6.13433;0.1891;
48;16384;16384;measure;all_to_all;6.08931;0.939986;5.14926;0.012644;0.00733835;1.59351;0.215555;0.37927;0.0355093;2.78119;0.124243;
48;16384;16384;measure;all_to_all;4.2122;0.964906;3.24728;0.0110469;0.034354;0.996712;0.217981;0.0525336;0.0562461;1.40404;0.474365;
48;16384;16384;measure;all_to_all;6.07328;0.949024;5.1242;0.010398;0.0387364;1.21117;0.16514;0.0513203;0.00950209;3.4694;0.168527;
48;16384;16384;measure;all_to_all;8.48285;0.962627;7.5202;0.00902318;0.0377277;1.08922;0.308164;0.227205;0.024176;5.58473;0.239955;
48;16384;16384;measure;all_to_all;11.5943;0.951991;10.6423;0.00989593;0.0395192;1.18189;0.0683132;0.0524263;0.206303;8.93113;0.152781;
48;16384;16384;measure;all_to_all;5.97137;0.973066;4.99829;0.00929083;0.0459845;0.959992;0.221708;0.053253;0.062798;3.28741;0.357847;
48;16384;16384;measure;all_to_all;9.08444;0.934114;8.15031;0.0104822;0.00721405;1.14743;0.0818588;0.154353;0.0595324;6.51747;0.171967;
48;16384;16384;measure;all_to_all;3.65567;0.953211;2.70244;0.0152844;0.0365105;0.927633;0.164709;0.0474147;0.0504933;1.3828;0.0775972;
48;16384;16384;measure;all_to_all;7.97712;0.967488;7.00962;0.0159781;0.0315295;1.16263;0.115347;0.0546355;0.187201;5.16044;0.281863;
48;16384;16384;measure;all_to_all;10.1903;0.953454;9.23682;0.0134187;0.00716542;1.16777;0.0735814;0.0507206;0.0542285;7.39983;0.470111;
48;16384;16384;measure;all_to_all;3.66757;0.943262;2.72428;0.0115507;0.00715962;0.972052;0.319918;0.0544735;0.155277;1.07275;0.131101;
48;16384;16384;measure;all_to_all;9.52037;0.957419;8.56294;0.0134531;0.0366792;1.14492;0.233915;0.0147629;0.101692;6.91641;0.101111;
48;16384;16384;measure;all_to_all;7.90798;0.943743;6.96422;0.00948502;0.00710124;1.90316;0.12037;0.061188;0.0568371;4.43267;0.373413;
48;16384;16384;measure;all_to_all;10.274;0.954628;9.31932;0.0131041;0.0440755;1.07113;0.0737598;0.153887;0.0567275;7.72529;0.181347;
48;16384;16384;measure;all_to_all;7.5632;0.960006;6.60318;0.00969502;0.00739537;2.05634;0.136515;0.103808;0.161127;3.93945;0.188834;
48;16384;16384;measure;all_to_all;11.4119;0.963739;10.4481;0.0146193;0.0350315;1.22754;0.073216;0.149307;0.0538672;8.38438;0.510114;
48;16384;16384;measure;all_to_all;6.63909;0.958307;5.68077;0.0198381;0.00719357;1.61995;0.354741;0.0162178;0.0200279;3.31506;0.327737;
48;16384;16384;measure;all_to_all;6.95677;0.961683;5.99506;0.0115454;0.0402973;1.18505;0.355884;2.85914;0.570921;0.79253;0.179699;
48;16384;16384;measure;all_to_all;7.54545;0.961757;6.58367;0.0478921;0.0236647;1.11986;0.291263;0.0476238;0.0642279;4.81145;0.17769;
48;16384;16384;measure;all_to_all;8.41989;0.954266;7.46561;0.0119337;0.00702561;1.46841;0.341992;0.0424441;0.075205;5.23703;0.281572;
48;16384;16384;measure;all_to_all;8.8103;0.962069;7.84817;0.00884414;0.00638182;1.10881;0.122753;0.0495917;0.0984222;6.37509;0.0782752;
48;16384;16384;measure;all_to_all;10.4588;0.962703;9.49601;0.0113097;0.039877;1.13568;0.117801;0.0962449;0.144452;7.67182;0.278829;
48;16384;16384;measure;all_to_all;8.90699;0.951395;7.95558;0.0103372;0.00715071;1.10188;0.280285;0.0526126;0.187127;6.06449;0.251699;
48;16384;16384;measure;all_to_all;7.90479;0.958277;6.94649;0.0102836;0.0339468;1.97141;0.121231;0.214088;0.054692;4.33696;0.203876;
48;16384;16384;measure;all_to_all;4.4598;0.944968;3.51482;0.00913356;0.00694995;1.02506;0.170545;0.211871;0.0266793;1.41981;0.644768;
48;16384;16384;measure;all_to_all;3.68719;0.918226;2.76893;0.0133745;0.0406308;1.14285;0.0880288;0.0315743;0.0527378;1.35244;0.0472955;
48;16384;16384;measure;all_to_all;6.21313;0.929604;5.28351;0.0801799;1.1085;0.76976;0.259584;0.254048;0.507991;1.95802;0.345421;
48;16384;16384;measure;all_to_all;4.94418;0.897012;4.04715;0.0139208;0.0039423;1.05059;0.0488867;0.0353953;0.0757813;2.71095;0.107681;
48;16384;16384;measure;all_to_all;4.0603;0.928092;3.13217;0.129975;0.9145;0.498273;0.204778;0.948157;0.0304961;0.341464;0.064527;
48;16384;16384;measure;all_to_all;3.94284;0.9282;3.01458;0.0913411;0.803319;0.430799;0.926768;0.0202697;0.0185659;0.640987;0.0825323;
48;16384;16384;measure;all_to_all;11.6599;0.899334;10.7606;0.0190207;0.0736756;1.29981;0.141494;0.114905;0.0527222;8.65502;0.403922;
48;16384;16384;measure;all_to_all;6.72222;0.89716;5.82504;0.0136501;0.0697367;1.32648;0.0754731;0.0338589;0.0581952;4.19226;0.0553831;
48;16384;16384;measure;all_to_all;8.68138;0.904116;7.77724;0.04751;0.0957832;1.17752;0.203247;0.0683361;0.0614447;5.75818;0.36523;
48;16384;16384;measure;all_to_all;9.04316;0.906573;8.13658;0.0272959;0.0905943;1.32744;0.15594;2.12351;2.25699;1.97898;0.175829;
48;16384;16384;measure;all_to_all;8.70826;0.900298;7.80795;0.10469;0.028236;1.04525;0.197811;1.26876;0.279451;4.57781;0.305948;
48;16384;16384;measure;all_to_all;4.64512;0.905887;3.73921;0.0246794;0.0903515;1.44107;0.0785931;0.0389994;0.0600479;1.8592;0.146273;
48;16384;16384;measure;all_to_all;3.79076;0.906746;2.88399;0.0176196;0.0883132;1.00714;0.109979;0.0375974;0.0863061;1.3432;0.19383;
48;16384;16384;measure;all_to_all;9.10054;0.902051;8.19845;0.0192411;0.0836224;1.25785;0.0511296;0.0367476;0.118819;6.28351;0.34753;
48;16384;16384;measure;all_to_all;4.18921;0.906848;3.28235;0.122696;0.951313;0.590517;0.090325;0.452138;0.556585;0.483289;0.0354839;
48;16384;16384;measure;all_to_all;3.69031;0.896235;2.79406;0.00596314;0.00657038;1.01938;0.0440016;0.0307205;0.0314479;1.42094;0.235035;
48;16384;16384;measure;all_to_all;4.35011;0.929898;3.4202;0.0833506;0.882967;0.429468;0.165006;0.0484586;0.895598;0.705199;0.210156;
48;16384;16384;measure;all_to_all;3.75339;0.900919;2.85242;0.0188219;0.0976167;0.9479;0.0560509;0.0377729;0.128081;1.42639;0.139793;
48;16384;16384;measure;all_to_all;10.904;0.89541;10.0085;0.00957964;0.00361595;1.60452;0.0479511;0.0311206;0.052235;7.81224;0.447275;
48;16384;16384;measure;all_to_all;4.73566;0.900455;3.83518;0.0104569;0.112939;1.46466;0.0610422;0.0321434;0.0553937;1.84265;0.255905;
48;16384;16384;measure;all_to_all;4.14842;0.900074;3.24834;0.10194;0.877329;0.548511;0.923317;0.012079;0.017479;0.652227;0.115453;
48;16384;16384;measure;all_to_all;5.94961;0.910257;5.0393;0.015148;0.0934326;1.17242;0.0412592;0.0297589;0.0699632;3.57135;0.0459646;
48;16384;16384;measure;all_to_all;9.97352;0.901548;9.07196;0.0214211;0.0953493;1.37134;0.360018;0.407662;0.454043;6.06109;0.301037;
48;16384;16384;measure;all_to_all;11.1111;0.909926;10.2011;0.0255114;0.0824335;1.39062;0.0862052;0.0404621;0.0549052;8.25059;0.270396;
48;16384;16384;measure;all_to_all;9.10625;0.903659;8.20257;0.010934;0.0745336;1.23214;0.0429101;0.0672188;0.0523558;6.25036;0.472123;
48;16384;16384;measure;all_to_all;4.75293;0.892908;3.86;0.0183119;0.0929192;1.23353;0.0741074;0.0330639;0.0448191;2.08357;0.279681;
48;16384;16384;measure;all_to_all;3.6582;0.891298;2.76682;0.00854522;0.00436576;1.04272;0.0694091;0.0394919;0.0846207;1.36456;0.153104;
48;16384;16384;measure;all_to_all;11.3891;0.898041;10.4911;0.0249644;0.0727741;1.33544;0.122444;0.0374632;0.128809;8.28356;0.485609;
48;16384;16384;measure;all_to_all;5.18908;0.932871;4.25617;0.11703;1.05686;0.688741;1.23544;0.0055325;0.025629;0.954728;0.17221;
48;16384;16384;measure;all_to_all;12.491;0.926967;11.564;0.0809809;0.0170114;2.09407;0.0425552;0.0232819;0.03999;9.17472;0.0914438;
48;16384;16384;measure;all_to_all;10.8951;0.906075;9.98903;0.0261415;0.104322;0.962541;0.120242;0.0363151;0.0955017;8.48666;0.157307;
48;16384;16384;measure;all_to_all;12.2778;0.923011;11.3548;0.0120113;0.0714071;1.25633;0.102975;0.0497805;0.0832353;9.00185;0.777242;
48;16384;16384;measure;all_to_all;9.62503;0.901192;8.72382;0.0141804;0.0871697;1.3257;0.0828146;0.0391785;0.0457879;6.66283;0.466158;
48;16384;16384;measure;all_to_all;4.6416;0.933908;3.70765;0.117367;1.08296;0.539088;1.2611;0.0127367;0.0273304;0.631207;0.0358622;
48;16384;16384;measure;all_to_all;8.22663;0.900728;7.32589;0.0107611;0.00398575;1.39966;0.100616;0.0384602;0.132622;5.22731;0.412475;
48;16384;16384;measure;all_to_all;10.3294;0.903177;9.42619;0.0143838;0.0866006;1.20502;0.0844273;0.0787379;0.0523531;7.67328;0.231385;
48;16384;16384;measure;all_to_all;5.58984;0.904703;4.68509;0.0238953;0.079353;1.36281;0.251772;1.65274;0.027066;1.16942;0.118033;
48;16384;16384;measure;all_to_all;3.74405;0.927739;2.81626;0.0834934;0.883443;0.448839;0.24633;0.393432;0.239789;0.428831;0.0921019;
48;16384;16384;measure;all_to_all;11.3363;0.899928;10.4364;0.0252274;0.0761297;1.30116;0.0456813;0.0297944;0.0566256;8.593;0.308777;
48;16384;16384;measure;all_to_all;3.68968;0.900544;2.78909;0.0135098;0.0474374;1.06841;0.0462278;0.0385413;0.0482541;1.45273;0.0739765;
48;16384;16384;measure;all_to_all;6.60116;0.910245;5.6909;0.129692;0.988679;0.917961;0.758175;2.2016;0.024297;0.576108;0.0943887;
48;16384;16384;measure;all_to_all;9.78078;0.898597;8.88215;0.120547;1.08688;0.585344;0.81331;5.56411;0.0479172;0.493516;0.170519;
48;16384;16384;measure;all_to_all;10.1856;0.910294;9.27528;0.0108786;0.0896085;1.25525;0.0509902;0.147437;0.0613567;7.44035;0.219399;
48;16384;16384;measure;all_to_all;4.04807;0.904763;3.14326;0.070849;0.0468385;0.94924;0.160653;0.145004;0.0546397;1.46766;0.248375;
48;16384;16384;measure;all_to_all;6.76676;0.899408;5.86733;0.015141;0.153687;1.33664;0.0967307;0.0388648;0.0215831;3.77691;0.427779;
48;16384;16384;measure;all_to_all;9.23728;0.899179;8.33804;0.00829105;0.0302923;1.44886;0.157866;4.39397;0.0201293;1.96837;0.310272;
48;16384;16384;measure;all_to_all;4.15467;0.926769;3.22787;0.0856478;0.941813;0.593691;0.716817;0.176976;0.0231047;0.417496;0.272324;
48;16384;16384;measure;all_to_all;3.95504;0.903803;3.05119;0.0129746;0.088588;1.31932;0.20571;0.0375808;0.0556066;1.25061;0.0807965;
48;16384;16384;measure;all_to_all;7.55628;0.897011;6.65925;0.0100092;0.00341873;1.01589;0.0854443;0.0326517;0.0496398;5.42205;0.0401421;
48;16384;16384;measure;all_to_all;8.55525;0.899451;7.65578;0.0208039;0.0982445;1.25949;0.0829092;0.0315196;0.0531592;5.95717;0.152481;
48;16384;16384;measure;all_to_all;11.4293;0.902852;10.5264;0.0162872;0.0744226;1.45144;0.203509;0.0394339;0.0915561;8.4901;0.159668;