n_threads;n_x;n_y;plan;comm_flag;total;initialization;fft_2d_total;first_fftw;first_split;first_comm;first_trans;second_fftw;second_split;second_comm;second_trans;
48;16384;16384;measure;all_to_all;2.43313;1.4795;0.953604;0.0483911;0.0560431;0.300994;0.058663;0.0802971;0.0553663;0.300134;0.0537156;
48;16384;16384;measure;all_to_all;2.53687;1.49715;1.03971;0.0497577;0.0558313;0.301966;0.0591937;0.0819158;0.0553264;0.390717;0.0449989;
48;16384;16384;measure;all_to_all;2.46742;1.54245;0.924946;0.0485377;0.055819;0.303685;0.0602886;0.0425931;0.0554791;0.304206;0.0543381;
48;16384;16384;measure;all_to_all;2.40806;1.47985;0.928189;0.0486166;0.0557874;0.302705;0.0603424;0.0477712;0.0556345;0.303954;0.0533778;
48;16384;16384;measure;all_to_all;2.41073;1.48404;0.926678;0.0494148;0.0560005;0.305081;0.059801;0.0431555;0.0558294;0.304267;0.0531285;
48;16384;16384;measure;all_to_all;2.56608;1.46632;1.09975;0.0506163;0.0567242;0.405386;0.0423072;0.0470672;0.0557403;0.399889;0.0420159;
48;16384;16384;measure;all_to_all;2.4163;1.48488;0.931397;0.0501029;0.0560659;0.303354;0.0580774;0.0479946;0.0556864;0.305947;0.0541694;
48;16384;16384;measure;all_to_all;2.40419;1.48319;0.920978;0.0491829;0.0556175;0.299334;0.0583912;0.0475725;0.0556313;0.301579;0.0536693;
48;16384;16384;measure;all_to_all;2.434;1.47914;0.954846;0.0486711;0.0558136;0.3029;0.0580111;0.0800525;0.0554692;0.299818;0.0541109;
48;16384;16384;measure;all_to_all;2.42915;1.47836;0.950765;0.0492347;0.0556231;0.301161;0.0576625;0.0815964;0.055237;0.298057;0.0521926;
48;16384;16384;measure;all_to_all;2.39032;1.4811;0.909207;0.0484078;0.0559072;0.298508;0.0574966;0.0421901;0.0556905;0.300031;0.0509759;
48;16384;16384;measure;all_to_all;2.52932;1.48734;1.04196;0.048886;0.0557346;0.39814;0.041851;0.0802939;0.0560126;0.304054;0.0569838;
48;16384;16384;measure;all_to_all;2.46614;1.54146;0.924657;0.0492673;0.0557266;0.303435;0.0577534;0.0485029;0.0556145;0.300503;0.0538546;
48;16384;16384;measure;all_to_all;2.51167;1.47382;1.03783;0.0488262;0.0558843;0.39215;0.0417554;0.0827611;0.0563339;0.304605;0.055516;
48;16384;16384;measure;all_to_all;2.46104;1.53663;0.924393;0.0496559;0.0555456;0.30238;0.0596716;0.0482006;0.0556265;0.3004;0.052912;
48;16384;16384;measure;all_to_all;2.48377;1.47885;1.0049;0.0484164;0.0557887;0.29902;0.0571355;0.0495347;0.0555654;0.390098;0.0493421;
48;16384;16384;measure;all_to_all;2.43978;1.47694;0.962821;0.0491951;0.0561166;0.305083;0.05942;0.0849782;0.0557482;0.30049;0.0517898;
48;16384;16384;measure;all_to_all;2.40094;1.4795;0.921429;0.0488566;0.0557363;0.300172;0.0574831;0.0509282;0.0558386;0.298422;0.0539915;
48;16384;16384;measure;all_to_all;2.44782;1.48394;0.963859;0.0491125;0.0558197;0.304537;0.0586103;0.0840182;0.0556676;0.30173;0.054364;
48;16384;16384;measure;all_to_all;2.39602;1.47941;0.916588;0.0492473;0.0556858;0.300545;0.0575168;0.0484437;0.0555647;0.2992;0.0503853;
48;16384;16384;measure;all_to_all;2.43368;1.47505;0.958608;0.0485759;0.0558488;0.303327;0.0577532;0.0835692;0.0555271;0.302655;0.0513515;
48;16384;16384;measure;all_to_all;2.44749;1.48788;0.959598;0.0493706;0.0557396;0.302233;0.05784;0.0816515;0.0557093;0.305163;0.0518905;
48;16384;16384;measure;all_to_all;2.39696;1.47869;0.918252;0.0491076;0.0559431;0.298723;0.0592284;0.0459777;0.0555521;0.299946;0.0537739;
48;16384;16384;measure;all_to_all;2.43948;1.47889;0.960562;0.0485366;0.0557872;0.301762;0.0586175;0.085833;0.0555483;0.302246;0.0522315;
48;16384;16384;measure;all_to_all;2.43146;1.472;0.959447;0.0494908;0.0559399;0.301077;0.058333;0.0807684;0.0558055;0.305036;0.052997;
48;16384;16384;measure;all_to_all;2.40203;1.48138;0.920632;0.049534;0.0558872;0.299094;0.0584018;0.048354;0.0560648;0.299432;0.0538641;
48;16384;16384;measure;all_to_all;2.51859;1.47942;1.03914;0.049295;0.0557321;0.299411;0.0600221;0.0829665;0.0555289;0.390988;0.0452006;
48;16384;16384;measure;all_to_all;2.45267;1.53142;0.921236;0.0493318;0.0558571;0.301258;0.0591699;0.0478469;0.0553918;0.300239;0.0521407;
48;16384;16384;measure;all_to_all;2.43521;1.47991;0.955281;0.0496396;0.0555997;0.30095;0.0590413;0.0799713;0.0557047;0.302324;0.0520506;
48;16384;16384;measure;all_to_all;2.44394;1.4837;0.960215;0.049626;0.0559752;0.302196;0.0569843;0.0871332;0.0552334;0.302129;0.0509378;
48;16384;16384;measure;all_to_all;2.39931;1.4777;0.921595;0.049696;0.0556181;0.301884;0.0607651;0.042664;0.055774;0.303274;0.0519205;
48;16384;16384;measure;all_to_all;2.39668;1.47645;0.920213;0.0489105;0.0558975;0.304535;0.0600833;0.0424152;0.055613;0.300508;0.0522503;
48;16384;16384;measure;all_to_all;2.39934;1.47838;0.92094;0.0499029;0.0555324;0.302206;0.0585965;0.0483082;0.055697;0.298556;0.052141;
48;16384;16384;measure;all_to_all;2.28264;1.48421;0.798421;0.0507004;0.0556961;0.301491;0.057944;0.0774271;0.0553373;0.146778;0.0530477;
48;16384;16384;measure;all_to_all;2.49097;1.53222;0.95873;0.0489017;0.0559519;0.301575;0.060244;0.0824676;0.0553031;0.302423;0.0518639;
48;16384;16384;measure;all_to_all;2.51837;1.48158;1.03677;0.0495615;0.0560056;0.390411;0.0424371;0.0814152;0.0556284;0.302682;0.0586303;
48;16384;16384;measure;all_to_all;2.45959;1.53559;0.923984;0.0483144;0.0556496;0.303012;0.0570044;0.0486881;0.0556528;0.301979;0.0536835;
48;16384;16384;measure;all_to_all;2.39471;1.47508;0.919607;0.0485517;0.0559832;0.301596;0.0588217;0.0484435;0.0557539;0.298202;0.0522553;
48;16384;16384;measure;all_to_all;2.43597;1.48351;0.952442;0.0488063;0.055543;0.298723;0.0584839;0.0847071;0.0552622;0.300112;0.0508043;
48;16384;16384;measure;all_to_all;2.43774;1.48194;0.955792;0.0493465;0.055886;0.301397;0.0589629;0.0820837;0.055499;0.300557;0.0520608;
48;16384;16384;measure;all_to_all;2.43904;1.47685;0.962178;0.0489329;0.0558663;0.302543;0.0601105;0.0817957;0.0555648;0.305973;0.0513912;
48;16384;16384;measure;all_to_all;2.4805;1.4806;0.999886;0.0503658;0.0554427;0.392573;0.0411346;0.0483826;0.0558151;0.298685;0.0574875;
48;16384;16384;measure;all_to_all;2.40203;1.48011;0.921896;0.0489706;0.0558888;0.301662;0.0584446;0.0491417;0.055888;0.299129;0.0527714;
48;16384;16384;measure;all_to_all;2.407;1.48138;0.925599;0.0490783;0.056023;0.298795;0.0580086;0.0489366;0.0557767;0.299413;0.0595676;
48;16384;16384;measure;all_to_all;2.42624;1.47938;0.94685;0.0488117;0.0562537;0.300317;0.0568465;0.0789388;0.0556139;0.299376;0.0506935;
48;16384;16384;measure;all_to_all;2.49147;1.48149;1.00996;0.0485746;0.0557959;0.302336;0.0574542;0.0483524;0.0558548;0.392464;0.0491244;
48;16384;16384;measure;all_to_all;2.40158;1.47833;0.923227;0.0490516;0.0562373;0.300328;0.0577758;0.0477639;0.0563349;0.304034;0.0517018;
48;16384;16384;measure;all_to_all;2.4312;1.47627;0.954921;0.0487463;0.0560448;0.299133;0.0579044;0.0832578;0.0554735;0.303284;0.0510766;
48;16384;16384;measure;all_to_all;2.59562;1.4807;1.1149;0.0486289;0.0557782;0.392328;0.0416823;0.0804585;0.0541862;0.39335;0.0484899;
48;16384;16384;measure;all_to_all;2.44677;1.52971;0.917042;0.0491939;0.055948;0.300958;0.057918;0.047692;0.0556846;0.298731;0.0509166;
48;16384;16384;measure;all_to_all;3.43503;1.1725;2.26251;0.0292248;0.0288808;1.03531;0.0504062;0.062828;0.0297327;0.954364;0.0717699;
48;16384;16384;measure;all_to_all;3.3655;1.16224;2.20324;0.0315783;0.0287516;1.04072;0.0723649;0.0388768;0.0286851;0.906845;0.0554146;
48;16384;16384;measure;all_to_all;3.39039;1.16637;2.224;0.0296123;0.0287116;1.03422;0.0614954;0.0551709;0.0537639;0.889389;0.0716329;
48;16384;16384;measure;all_to_all;3.29559;1.16692;2.12865;0.029616;0.0287305;0.991343;0.0692726;0.0288965;0.0305127;0.874846;0.0754292;
48;16384;16384;measure;all_to_all;3.50424;1.16792;2.3363;0.0290454;0.0289354;1.05238;0.0383978;0.042769;0.0284977;1.03678;0.0795012;
48;16384;16384;measure;all_to_all;3.44274;1.16972;2.273;0.0294324;0.0285712;1.02465;0.0740831;0.036165;0.0295688;0.985195;0.065326;
48;16384;16384;measure;all_to_all;3.4059;1.17477;2.23111;0.0289715;0.0290298;1.05117;0.0382093;0.0294045;0.0288925;0.941224;0.0842153;
48;16384;16384;measure;all_to_all;3.3683;1.16421;2.20407;0.0297032;0.0281622;1.03228;0.0615856;0.032696;0.0295089;0.911276;0.078862;
48;16384;16384;measure;all_to_all;3.31726;1.1675;2.14974;0.0319292;0.0289007;0.970151;0.0735511;0.0287211;0.0307963;0.933826;0.0518695;
48;16384;16384;measure;all_to_all;3.46327;1.16677;2.29648;0.0317014;0.0277229;1.03934;0.0676297;0.0383843;0.0300063;1.00948;0.0522191;
48;16384;16384;measure;all_to_all;3.54756;1.16889;2.37865;0.0297254;0.0285231;1.09621;0.0610788;0.0271568;0.0285681;1.03164;0.0757444;
48;16384;16384;measure;all_to_all;3.43079;1.1667;2.26407;0.0302182;0.0287086;1.04494;0.0610167;0.0322502;0.0294104;0.964233;0.0732917;
48;16384;16384;measure;all_to_all;3.59561;1.1708;2.42479;0.0321728;0.0287568;1.05358;0.0582472;0.0366296;0.0293373;1.10834;0.0777375;
48;16384;16384;measure;all_to_all;3.34648;1.17059;2.17586;0.0323889;0.0286546;0.975719;0.0526343;0.0324439;0.0296558;0.942798;0.0815704;
48;16384;16384;measure;all_to_all;3.48051;1.17182;2.30867;0.0291769;0.0287254;1.02832;0.0399777;0.0331382;0.0290005;1.04224;0.0780928;
48;16384;16384;measure;all_to_all;3.33591;1.16678;2.16912;0.0349041;0.0286952;0.988224;0.067416;0.0316899;0.0298678;0.93239;0.055929;
48;16384;16384;measure;all_to_all;3.47106;1.1728;2.29825;0.0329314;0.0286459;1.03902;0.0518904;0.0559514;0.0297274;0.985292;0.0747907;
48;16384;16384;measure;all_to_all;3.3636;1.17221;2.19138;0.0296042;0.0285138;1.01297;0.0591517;0.0276854;0.0288935;0.952248;0.052317;
48;16384;16384;measure;all_to_all;3.43952;1.17686;2.26264;0.0353424;0.0287626;1.07948;0.0599835;0.0285828;0.0283776;0.93191;0.0701998;
48;16384;16384;measure;all_to_all;3.40251;1.16703;2.23547;0.0293033;0.0280587;1.01952;0.0406631;0.0538439;0.0285246;0.981325;0.054226;
48;16384;16384;measure;all_to_all;3.50865;1.16846;2.34017;0.0320808;0.0287356;1.04366;0.0749755;0.0273282;0.0305448;1.02659;0.0762515;
48;16384;16384;measure;all_to_all;3.33952;1.16857;2.17092;0.0288374;0.0282126;1.00391;0.0518926;0.0320611;0.0293738;0.93712;0.0595193;
48;16384;16384;measure;all_to_all;3.39258;1.16492;2.22765;0.0329583;0.0284157;1.05181;0.052719;0.033062;0.0295577;0.926975;0.0721458;
48;16384;16384;measure;all_to_all;3.50707;1.16533;2.34172;0.0288545;0.028738;1.08412;0.0632143;0.0605602;0.0284544;0.975003;0.0727699;
48;16384;16384;measure;all_to_all;3.44526;1.16349;2.28175;0.0340639;0.028534;1.03698;0.063861;0.0321735;0.0294961;0.979821;0.0768235;
48;16384;16384;measure;all_to_all;3.46549;1.17377;2.2917;0.029054;0.0288315;1.04166;0.0496064;0.0339335;0.029228;1.00466;0.0747262;
48;16384;16384;measure;all_to_all;3.69189;1.16886;2.52301;0.0288662;0.0288073;1.07613;0.0584796;0.0362527;0.0304819;1.19712;0.066874;
48;16384;16384;measure;all_to_all;3.32338;1.18576;2.1376;0.0297608;0.0288281;1.00131;0.0710943;0.040598;0.0303939;0.881215;0.054405;
48;16384;16384;measure;all_to_all;3.40171;1.16371;2.23799;0.031582;0.0286622;1.07302;0.0402261;0.0327358;0.02906;0.950796;0.0519052;
48;16384;16384;measure;all_to_all;3.37186;1.17445;2.19739;0.0309438;0.032014;0.973354;0.0590102;0.0365885;0.028404;0.961462;0.0756167;
48;16384;16384;measure;all_to_all;3.33122;1.17549;2.15571;0.0297997;0.0287089;0.994151;0.0513006;0.0598716;0.0296861;0.905494;0.0567023;
48;16384;16384;measure;all_to_all;3.40985;1.16581;2.24402;0.0318523;0.0287857;1.04828;0.0510163;0.0331697;0.0291917;0.968594;0.0531257;
48;16384;16384;measure;all_to_all;3.31724;1.18186;2.13537;0.0300123;0.0285377;0.984239;0.0495743;0.0322076;0.029324;0.931085;0.0503882;
48;16384;16384;measure;all_to_all;3.61395;1.17368;2.44025;0.0298109;0.0286899;1.06523;0.0513389;0.0422181;0.0304239;1.12459;0.0679474;
48;16384;16384;measure;all_to_all;3.35018;1.17082;2.17935;0.0289819;0.0287947;0.979881;0.0606778;0.0291871;0.0295904;0.965224;0.0570134;
48;16384;16384;measure;all_to_all;3.40647;1.16613;2.24032;0.0295907;0.0285466;1.05635;0.0698122;0.037118;0.0296846;0.905963;0.0832572;
48;16384;16384;measure;all_to_all;3.32844;1.17388;2.15455;0.0297992;0.0287106;1.01519;0.0671344;0.0247894;0.0292491;0.904592;0.0550836;
48;16384;16384;measure;all_to_all;3.4108;1.17293;2.23785;0.0331735;0.0285606;1.0239;0.0627243;0.0311759;0.0305821;0.955408;0.0723232;
48;16384;16384;measure;all_to_all;3.45517;1.17055;2.2846;0.0338318;0.0286137;1.03468;0.0644632;0.0288169;0.0296251;0.988062;0.0765078;
48;16384;16384;measure;all_to_all;3.30814;1.17064;2.13749;0.0291122;0.0289189;1.01809;0.0760815;0.0374073;0.0291202;0.866079;0.0526822;
48;16384;16384;measure;all_to_all;3.44741;1.16848;2.27891;0.0392729;0.028749;1.00042;0.0504366;0.0260255;0.0293483;1.02719;0.0774602;
48;16384;16384;measure;all_to_all;3.43008;1.17585;2.25421;0.0355759;0.0289402;1.0253;0.0619614;0.0314431;0.0292599;0.959081;0.0826484;
48;16384;16384;measure;all_to_all;3.51241;1.16865;2.34374;0.0308662;0.0286629;1.04506;0.0510389;0.0655901;0.0294899;1.02445;0.0685832;
48;16384;16384;measure;all_to_all;3.42672;1.16372;2.26298;0.0328104;0.0316271;1.05243;0.0758102;0.0236697;0.0303232;0.93767;0.0786428;
48;16384;16384;measure;all_to_all;3.51992;1.17659;2.34332;0.0307012;0.0288808;1.09476;0.0657333;0.0521698;0.0291689;0.985488;0.0564198;
48;16384;16384;measure;all_to_all;3.91099;1.17031;2.74066;0.0299095;0.0280892;1.51646;0.0721033;0.0298276;0.0293221;0.959447;0.0755035;
48;16384;16384;measure;all_to_all;3.4312;1.17013;2.26105;0.0321816;0.0286916;1.07118;0.0764496;0.0283253;0.0296026;0.924583;0.0700441;
48;16384;16384;measure;all_to_all;3.33879;1.16923;2.16954;0.0322386;0.0283933;1.01736;0.0686733;0.0525566;0.0290469;0.871928;0.0693449;
48;16384;16384;measure;all_to_all;3.30714;1.17342;2.13371;0.03251;0.0286211;1.02589;0.066979;0.0248846;0.0311305;0.868296;0.0553923;
48;16384;16384;measure;all_to_all;3.54791;1.1692;2.3787;0.0319493;0.0285492;1.08449;0.0519207;0.0638144;0.0296476;1.01067;0.077661;
48;16384;16384;measure;all_to_all;2.42475;0.999661;1.42505;0.0197403;0.0135147;0.50787;0.0841107;0.0154695;0.0298151;0.682431;0.0721009;
48;16384;16384;measure;all_to_all;2.33438;1.02107;1.3133;0.0179279;0.0140473;0.51448;0.0871081;0.0154299;0.0292271;0.566019;0.0690562;
48;16384;16384;measure;all_to_all;2.39434;1.02332;1.371;0.0189794;0.0145015;0.492826;0.0815848;0.0125109;0.028986;0.675014;0.0466021;
48;16384;16384;measure;all_to_all;2.29471;1.01463;1.28005;0.0187081;0.0142214;0.476888;0.0840942;0.0164614;0.0293555;0.568627;0.0716989;
48;16384;16384;measure;all_to_all;2.35199;1.01842;1.33355;0.0185787;0.0132986;0.507931;0.0845182;0.0152506;0.0286321;0.590663;0.0746787;
48;16384;16384;measure;all_to_all;2.29802;1.01284;1.28514;0.016202;0.0134528;0.491681;0.0765861;0.0154898;0.028071;0.596231;0.047428;
48;16384;16384;measure;all_to_all;2.34672;1.01387;1.33283;0.0181119;0.0137861;0.513637;0.0856837;0.0159911;0.0291945;0.58625;0.0701769;
48;16384;16384;measure;all_to_all;2.39749;1.02202;1.37545;0.0186201;0.0132596;0.52141;0.0829104;0.0203322;0.0285356;0.619253;0.0711257;
48;16384;16384;measure;all_to_all;2.43038;1.0112;1.41915;0.0160303;0.0141685;0.505704;0.0853645;0.015645;0.0294325;0.685045;0.0677617;
48;16384;16384;measure;all_to_all;2.38587;1.01485;1.371;0.0183367;0.0136934;0.499715;0.0864142;0.0162952;0.0292831;0.658192;0.0490689;
48;16384;16384;measure;all_to_all;2.28857;1.01728;1.27127;0.0189348;0.0142219;0.47126;0.0872168;0.0129927;0.0287126;0.56664;0.0712869;
48;16384;16384;measure;all_to_all;2.36558;1.02625;1.3393;0.0178074;0.0139617;0.509571;0.0778537;0.0414289;0.043171;0.566228;0.0692772;
48;16384;16384;measure;all_to_all;2.46677;1.01694;1.44981;0.02011;0.0130326;0.526331;0.0834031;0.0121236;0.0290479;0.691604;0.0741558;
48;16384;16384;measure;all_to_all;2.2845;1.01855;1.26592;0.0199817;0.0139594;0.493095;0.0821934;0.0209787;0.025628;0.567873;0.0422141;
48;16384;16384;measure;all_to_all;2.52312;1.02317;1.49993;0.0183911;0.0140388;0.492187;0.0828912;0.0155114;0.0293445;0.776247;0.0713227;
48;16384;16384;measure;all_to_all;2.43487;1.01828;1.41654;0.0207552;0.0130892;0.533655;0.0848674;0.0540568;0.0301153;0.603227;0.076777;
48;16384;16384;measure;all_to_all;2.35223;1.01687;1.33535;0.0172278;0.0134094;0.532629;0.0834836;0.0154396;0.0283591;0.571311;0.0734857;
48;16384;16384;measure;all_to_all;2.34112;1.01491;1.3262;0.0194825;0.0132566;0.48381;0.0852292;0.0445568;0.0433351;0.56653;0.0699958;
48;16384;16384;measure;all_to_all;2.33343;1.01943;1.31397;0.019125;0.0141061;0.496983;0.085158;0.0159853;0.0293239;0.584703;0.0685893;
48;16384;16384;measure;all_to_all;2.37127;1.01358;1.35767;0.0160766;0.0139233;0.538883;0.0843788;0.0160319;0.0289113;0.590391;0.069077;
48;16384;16384;measure;all_to_all;2.33674;1.01646;1.32027;0.0182016;0.0135035;0.47453;0.0859493;0.0421966;0.0156224;0.599245;0.0710228;
48;16384;16384;measure;all_to_all;2.33636;1.01717;1.31917;0.0169185;0.0133926;0.528524;0.0844207;0.0204369;0.0290413;0.556662;0.0697783;
48;16384;16384;measure;all_to_all;2.46537;1.01958;1.44577;0.0196947;0.0138195;0.490908;0.0786359;0.0173616;0.0265656;0.72782;0.0709605;
48;16384;16384;measure;all_to_all;2.43188;1.0217;1.41016;0.019798;0.0141742;0.483978;0.0842149;0.020416;0.0287188;0.686278;0.0725839;
48;16384;16384;measure;all_to_all;2.44171;1.01845;1.42324;0.0205896;0.013262;0.506861;0.0872784;0.015278;0.02922;0.679499;0.0712466;
48;16384;16384;measure;all_to_all;2.2538;1.02565;1.22811;0.0192222;0.0139459;0.472876;0.0849924;0.0175495;0.0297537;0.517124;0.0726436;
48;16384;16384;measure;all_to_all;2.34914;1.0175;1.33159;0.0203511;0.0131316;0.494516;0.0838713;0.0200066;0.0288259;0.602926;0.0679638;
48;16384;16384;measure;all_to_all;2.44515;1.01689;1.42824;0.0193818;0.0133836;0.506494;0.0580686;0.0271689;0.0146619;0.716965;0.0721141;
48;16384;16384;measure;all_to_all;2.48005;1.01606;1.46395;0.0193625;0.0133719;0.500248;0.0860669;0.0169919;0.0291994;0.729446;0.0692672;
48;16384;16384;measure;all_to_all;2.31717;1.01467;1.30248;0.0196454;0.0135326;0.488712;0.0853724;0.0158696;0.0293517;0.582967;0.067034;
48;16384;16384;measure;all_to_all;2.36437;1.01295;1.3514;0.0186442;0.0134801;0.516348;0.0826085;0.0413158;0.0427132;0.567299;0.068996;
48;16384;16384;measure;all_to_all;2.35425;1.0161;1.33807;0.0181412;0.0135557;0.509634;0.0851814;0.015752;0.0292378;0.596136;0.0704276;
48;16384;16384;measure;all_to_all;2.34739;1.01291;1.33446;0.0182794;0.0132339;0.463165;0.0849091;0.0164097;0.029482;0.665518;0.043462;
48;16384;16384;measure;all_to_all;2.48572;1.02399;1.46171;0.0201181;0.0141019;0.504931;0.0845479;0.0158474;0.0290409;0.722284;0.0708381;
48;16384;16384;measure;all_to_all;2.32364;1.01094;1.31268;0.01874;0.0141494;0.495711;0.0836751;0.0126349;0.0271559;0.587095;0.0735225;
48;16384;16384;measure;all_to_all;2.32057;1.0186;1.30192;0.0186627;0.0135262;0.492;0.0848923;0.0161744;0.0296359;0.599437;0.0475959;
48;16384;16384;measure;all_to_all;2.43438;1.00841;1.42595;0.0184274;0.0133403;0.513006;0.084794;0.0401045;0.0154232;0.668971;0.0718802;
48;16384;16384;measure;all_to_all;2.41722;1.01704;1.40015;0.0198889;0.0135437;0.483746;0.0846446;0.0438178;0.0156436;0.666404;0.0724636;
48;16384;16384;measure;all_to_all;2.32954;1.01589;1.31363;0.0157833;0.0131618;0.491883;0.081694;0.01717;0.0258334;0.594749;0.0733561;
48;16384;16384;measure;all_to_all;2.37882;1.01832;1.36048;0.0182581;0.0138593;0.502212;0.0860512;0.0166644;0.0295604;0.625676;0.0681936;
48;16384;16384;measure;all_to_all;2.44858;1.02194;1.42662;0.018547;0.0143509;0.513002;0.0812205;0.0158104;0.0280485;0.683878;0.0717614;
48;16384;16384;measure;all_to_all;2.33033;1.01899;1.31131;0.0168231;0.0132282;0.508283;0.0831216;0.020053;0.0252333;0.572088;0.0724772;
48;16384;16384;measure;all_to_all;2.31011;1.03152;1.27857;0.0169893;0.0137275;0.494588;0.0586118;0.0287468;0.0151058;0.577752;0.0730465;
48;16384;16384;measure;all_to_all;2.37485;1.02538;1.34945;0.0151973;0.0139878;0.520599;0.0836399;0.0447437;0.0153913;0.58396;0.0719306;
48;16384;16384;measure;all_to_all;2.32463;1.02376;1.30084;0.0193952;0.0140831;0.488245;0.0818296;0.0151447;0.0296244;0.609092;0.0434281;
48;16384;16384;measure;all_to_all;2.39419;1.02751;1.36665;0.0174707;0.0133376;0.509511;0.084068;0.0218298;0.0288661;0.618822;0.0727463;
48;16384;16384;measure;all_to_all;2.42197;1.01436;1.40754;0.0154075;0.0135386;0.516786;0.0834693;0.0160613;0.0295138;0.66129;0.0714791;
48;16384;16384;measure;all_to_all;2.42401;1.01497;1.40902;0.0173153;0.0133095;0.513105;0.0849685;0.0148089;0.0289262;0.663821;0.0727627;
48;16384;16384;measure;all_to_all;2.26544;1.01476;1.25066;0.0167845;0.0138625;0.519123;0.0854942;0.0169549;0.0324941;0.494597;0.0713531;
48;16384;16384;measure;all_to_all;2.33861;1.02352;1.31507;0.0232488;0.014803;0.488623;0.0798071;0.0141405;0.0279273;0.593413;0.0731095;
48;16384;16384;measure;all_to_all;1.89224;0.940237;0.95199;0.00860086;0.0298067;0.190295;0.0582986;0.010112;0.0298443;0.568559;0.056473;
48;16384;16384;measure;all_to_all;1.91799;0.950356;0.967614;0.0392357;0.0100944;0.18789;0.0602403;0.0153467;0.0285529;0.568081;0.0581729;
48;16384;16384;measure;all_to_all;1.9243;0.958076;0.966195;0.0083295;0.0294654;0.220891;0.0647302;0.0151753;0.0300081;0.535871;0.0617244;
48;16384;16384;measure;all_to_all;1.91415;0.954692;0.959445;0.00782153;0.00791225;0.212551;0.0584074;0.0112048;0.0280294;0.575817;0.0577003;
48;16384;16384;measure;all_to_all;1.92973;0.923286;1.00643;0.0129842;0.00582846;0.247936;0.0631497;0.00896519;0.0283762;0.585855;0.0533346;
48;16384;16384;measure;all_to_all;1.93941;0.947266;0.992131;0.012949;0.00606635;0.220275;0.0628954;0.0137535;0.0301229;0.593901;0.0521669;
48;16384;16384;measure;all_to_all;1.9468;0.943942;1.00284;0.00895378;0.00766752;0.229962;0.0590368;0.0139551;0.0301885;0.592304;0.0607733;
48;16384;16384;measure;all_to_all;1.81128;0.963378;0.847877;0.0087255;0.00777251;0.204838;0.0591819;0.0102726;0.0301245;0.472976;0.0539865;
48;16384;16384;measure;all_to_all;1.91522;0.930367;0.984831;0.0134128;0.00620079;0.257783;0.0635132;0.00911259;0.028662;0.552085;0.0540615;
48;16384;16384;measure;all_to_all;2.03846;0.946092;1.09235;0.00851929;0.00751296;0.266467;0.0693534;0.0151976;0.0269124;0.641739;0.0566507;
48;16384;16384;measure;all_to_all;1.92922;0.96633;0.962867;0.00826692;0.0077208;0.231377;0.05913;0.0139178;0.0288112;0.558326;0.0553175;
48;16384;16384;measure;all_to_all;1.94004;0.962024;0.978002;0.00899869;0.00748404;0.249647;0.0671027;0.0088424;0.0272061;0.548363;0.0603579;
48;16384;16384;measure;all_to_all;1.93192;0.957191;0.974712;0.0088894;0.0285194;0.207271;0.0584121;0.0103155;0.0281687;0.569618;0.0635183;
48;16384;16384;measure;all_to_all;1.86241;0.963912;0.898483;0.00919642;0.0299641;0.182098;0.0559523;0.040614;0.0367279;0.487551;0.0563793;
48;16384;16384;measure;all_to_all;1.8933;0.928349;0.964929;0.0113361;0.00583928;0.253958;0.0647681;0.0108025;0.0298498;0.537189;0.0511865;
48;16384;16384;measure;all_to_all;1.8789;0.950139;0.92874;0.01176;0.0292699;0.226026;0.0623612;0.0112251;0.0284126;0.504734;0.0549508;
48;16384;16384;measure;all_to_all;1.87516;0.938494;0.936653;0.0103544;0.00620453;0.253365;0.062194;0.0407704;0.00783694;0.506164;0.049764;
48;16384;16384;measure;all_to_all;1.93097;0.941205;0.989751;0.00858144;0.00773685;0.23997;0.0567298;0.00989855;0.0285192;0.580611;0.0577049;
48;16384;16384;measure;all_to_all;1.91982;0.954312;0.965475;0.00861315;0.00771153;0.230433;0.0628581;0.0399076;0.00814586;0.549619;0.0581869;
48;16384;16384;measure;all_to_all;1.85042;0.928036;0.922364;0.011324;0.00602235;0.240938;0.0621914;0.0137795;0.0295624;0.504822;0.053725;
48;16384;16384;measure;all_to_all;1.92683;0.945409;0.981399;0.00907476;0.00732119;0.243669;0.0639391;0.0112031;0.0294131;0.55538;0.0613997;
48;16384;16384;measure;all_to_all;1.87569;0.965145;0.910524;0.00889743;0.0311869;0.197267;0.0570536;0.0100585;0.0283637;0.52254;0.0551568;
48;16384;16384;measure;all_to_all;1.93154;0.956967;0.974554;0.0084275;0.00755224;0.235234;0.0643598;0.00894855;0.0287148;0.564227;0.0570906;
48;16384;16384;measure;all_to_all;1.93653;0.962197;0.974315;0.00866328;0.00761568;0.238394;0.0647496;0.0140016;0.0297378;0.550227;0.0609267;
48;16384;16384;measure;all_to_all;1.88364;0.956504;0.927112;0.00878564;0.0307093;0.183186;0.0590064;0.0139565;0.0286215;0.549592;0.0532552;
48;16384;16384;measure;all_to_all;1.87611;0.927094;0.948976;0.0112926;0.00596374;0.253825;0.0604832;0.0129374;0.0276968;0.526698;0.0500797;
48;16384;16384;measure;all_to_all;1.91694;0.938;0.97892;0.00830155;0.00782262;0.233832;0.0621278;0.0387361;0.0372462;0.530257;0.060597;
48;16384;16384;measure;all_to_all;1.95259;0.965849;0.986724;0.00818906;0.00789678;0.229894;0.0611186;0.0146432;0.0293945;0.575994;0.0595932;
48;16384;16384;measure;all_to_all;1.8767;0.960676;0.916005;0.00850945;0.00765186;0.209563;0.0619999;0.0112279;0.0295809;0.529355;0.0581169;
48;16384;16384;measure;all_to_all;1.89099;0.969053;0.921924;0.00856812;0.0287271;0.201039;0.0605516;0.0105777;0.0289982;0.516544;0.066918;
48;16384;16384;measure;all_to_all;1.92439;0.951063;0.97331;0.00836935;0.0298519;0.205884;0.0660132;0.00875624;0.0286246;0.569263;0.0565474;
48;16384;16384;measure;all_to_all;1.91219;0.964709;0.947466;0.00864712;0.00799251;0.22231;0.0620377;0.0138478;0.0289325;0.541387;0.0623122;
48;16384;16384;measure;all_to_all;1.89132;0.934959;0.95634;0.0119753;0.00590173;0.250549;0.0654879;0.00990681;0.0293662;0.530919;0.0522339;
48;16384;16384;measure;all_to_all;1.92729;0.942417;0.98486;0.00935377;0.00769666;0.246949;0.0616739;0.011463;0.0285725;0.561343;0.0578082;
48;16384;16384;measure;all_to_all;1.93938;0.950477;0.988888;0.0092708;0.00758667;0.240555;0.0618965;0.0102101;0.0281744;0.573672;0.0575217;
48;16384;16384;measure;all_to_all;1.88208;0.958811;0.923242;0.00879345;0.0297611;0.186933;0.0578479;0.0132721;0.028071;0.539369;0.0591943;
48;16384;16384;measure;all_to_all;1.95256;0.966652;0.985882;0.00856132;0.00804423;0.228563;0.0622661;0.011788;0.0305933;0.580952;0.0551131;
48;16384;16384;measure;all_to_all;1.9406;0.952062;0.98852;0.00917407;0.0288458;0.222896;0.0606464;0.0109132;0.029261;0.56952;0.0572636;
48;16384;16384;measure;all_to_all;1.93236;0.929854;1.00248;0.0115354;0.0061523;0.265976;0.0646823;0.0145596;0.0303246;0.551076;0.0581698;
48;16384;16384;measure;all_to_all;1.97509;0.948594;1.02648;0.00910805;0.00740431;0.252688;0.065593;0.00875761;0.0296982;0.5963;0.0569293;
48;16384;16384;measure;all_to_all;1.86025;0.927046;0.933173;0.0115562;0.00619118;0.247912;0.0612677;0.00913833;0.0273023;0.517043;0.0527625;
48;16384;16384;measure;all_to_all;1.80852;0.938585;0.869919;0.00878438;0.00763694;0.225096;0.0612294;0.0106637;0.0296604;0.47316;0.0536882;
48;16384;16384;measure;all_to_all;1.89271;0.964752;0.927936;0.00846692;0.0290227;0.196649;0.0603162;0.0144356;0.0295681;0.532782;0.0566946;
48;16384;16384;measure;all_to_all;1.95725;0.955414;1.00182;0.00891408;0.00767283;0.234353;0.0644465;0.011;0.0289425;0.590082;0.0564079;
48;16384;16384;measure;all_to_all;1.96891;0.957679;1.01121;0.00816924;0.00755151;0.245424;0.0627761;0.0146552;0.0300755;0.584459;0.0581024;
48;16384;16384;measure;all_to_all;1.92198;0.960718;0.961253;0.00856081;0.0293798;0.213871;0.0618408;0.0111796;0.0284101;0.550747;0.0572636;
48;16384;16384;measure;all_to_all;1.94521;0.967009;0.97818;0.0081702;0.00777778;0.238847;0.0568986;0.0144701;0.0293768;0.556541;0.0660988;
48;16384;16384;measure;all_to_all;1.94841;0.922866;1.02552;0.0107077;0.00612598;0.270221;0.0635598;0.0105048;0.0277428;0.582858;0.0538045;
48;16384;16384;measure;all_to_all;1.86384;0.933908;0.929917;0.00957135;0.0073796;0.235504;0.0611385;0.0105329;0.0297262;0.519566;0.0564984;
48;16384;16384;measure;all_to_all;1.89307;0.966946;0.92611;0.00987292;0.0309004;0.18326;0.0574126;0.0131162;0.0285831;0.543282;0.0596829;
48;16384;16384;measure;all_to_all;1.73299;0.896627;0.83634;0.00910738;0.0309679;0.192149;0.0457947;0.0305807;0.0039938;0.480402;0.0433437;
48;16384;16384;measure;all_to_all;1.69943;0.887967;0.811439;0.00881436;0.00359283;0.201202;0.0467061;0.00599476;0.0289581;0.476227;0.0399449;
48;16384;16384;measure;all_to_all;1.67985;0.892437;0.787386;0.00811388;0.00325116;0.202323;0.0444274;0.0106643;0.0276701;0.450628;0.040308;
48;16384;16384;measure;all_to_all;1.77062;0.90296;0.867644;0.00970624;0.0316205;0.207367;0.0469237;0.0103777;0.0298276;0.491271;0.04055;
48;16384;16384;measure;all_to_all;1.73291;0.891392;0.841488;0.00829348;0.0292221;0.166945;0.042683;0.0296851;0.00471867;0.519375;0.0405651;
48;16384;16384;measure;all_to_all;1.76908;0.886974;0.88209;0.00516817;0.00579043;0.220811;0.0707196;0.00756579;0.0293666;0.500239;0.0424299;
48;16384;16384;measure;all_to_all;1.70555;0.888217;0.817311;0.00457327;0.0050125;0.25718;0.0461752;0.00970257;0.0291659;0.419357;0.0461454;
48;16384;16384;measure;all_to_all;1.67313;0.887522;0.78558;0.00598029;0.00485331;0.231288;0.0465984;0.00748725;0.0291358;0.418309;0.0419282;
48;16384;16384;measure;all_to_all;1.74149;0.888265;0.853183;0.00974364;0.00401956;0.244811;0.0462627;0.0083928;0.0291207;0.469719;0.0411136;
48;16384;16384;measure;all_to_all;1.73842;0.889109;0.849298;0.00838877;0.0036894;0.223153;0.0470327;0.00801433;0.0292704;0.488746;0.0410039;
48;16384;16384;measure;all_to_all;1.70103;0.902763;0.798246;0.00820193;0.0306658;0.196606;0.0465527;0.00869075;0.0294564;0.437255;0.0408169;
48;16384;16384;measure;all_to_all;1.6648;0.904265;0.760494;0.040477;0.0326851;0.127548;0.0444733;0.0105686;0.0275818;0.436028;0.041132;
48;16384;16384;measure;all_to_all;1.96872;0.887629;1.08106;0.00745738;0.00404815;0.242515;0.0476095;0.0294636;0.0101206;0.699581;0.0402634;
48;16384;16384;measure;all_to_all;1.75849;0.904669;0.8538;0.0101106;0.029152;0.218006;0.0178252;0.0302629;0.0045121;0.503479;0.0404524;
48;16384;16384;measure;all_to_all;1.73051;0.897633;0.832861;0.00915112;0.0232057;0.206384;0.0458552;0.00846877;0.0293522;0.470115;0.0403284;
48;16384;16384;measure;all_to_all;1.66956;0.906067;0.76347;0.0381817;0.0324939;0.164368;0.044713;0.00608042;0.0287238;0.408433;0.0404768;
48;16384;16384;measure;all_to_all;1.76153;0.904754;0.856761;0.015946;0.0298099;0.208648;0.0455056;0.00872712;0.0293222;0.507509;0.0112936;
48;16384;16384;measure;all_to_all;1.7432;0.904704;0.83846;0.0126517;0.0267275;0.196304;0.0473276;0.00810825;0.0280162;0.477977;0.0413485;
48;16384;16384;measure;all_to_all;1.81769;0.901201;0.916464;0.0235314;0.0279477;0.193406;0.0468277;0.00761628;0.0304281;0.545096;0.0416109;
48;16384;16384;measure;all_to_all;1.99514;0.887532;1.10759;0.0384736;0.0333087;0.181326;0.045465;0.0300576;0.00456175;0.733165;0.0412314;
48;16384;16384;measure;all_to_all;1.79997;0.889491;0.910461;0.0354933;0.0340847;0.198419;0.0468958;0.0306487;0.00461687;0.519402;0.0409013;
48;16384;16384;measure;all_to_all;1.75049;0.889133;0.861334;0.00928862;0.00313657;0.226938;0.0457942;0.00771495;0.028256;0.499832;0.0403738;
48;16384;16384;measure;all_to_all;1.76881;0.904145;0.864643;0.0108977;0.033328;0.220576;0.0471074;0.00807183;0.0291101;0.47512;0.040432;
48;16384;16384;measure;all_to_all;1.79391;0.887646;0.906247;0.00516779;0.00628011;0.240868;0.0459231;0.00884175;0.0277081;0.53043;0.0410276;
48;16384;16384;measure;all_to_all;1.77295;0.889198;0.88374;0.00767128;0.00336767;0.257643;0.0482842;0.00857084;0.0289588;0.488991;0.0402529;
48;16384;16384;measure;all_to_all;1.7606;0.908254;0.852307;0.0399582;0.0334075;0.189016;0.0471339;0.0308473;0.00496365;0.467501;0.0394797;
48;16384;16384;measure;all_to_all;1.74751;0.909195;0.838294;0.0095304;0.0326537;0.216386;0.0457443;0.0064608;0.0283152;0.460433;0.0387712;
48;16384;16384;measure;all_to_all;1.72115;0.906443;0.814686;0.00944093;0.0308152;0.210094;0.0163139;0.0299329;0.00479415;0.471495;0.0417992;
48;16384;16384;measure;all_to_all;1.84716;0.891653;0.955465;0.00936439;0.0341345;0.229933;0.0478902;0.0294799;0.0093385;0.554826;0.0404976;
48;16384;16384;measure;all_to_all;1.69464;0.897816;0.7968;0.0132929;0.0336074;0.19854;0.0469547;0.00756891;0.0288429;0.42893;0.0390628;
48;16384;16384;measure;all_to_all;1.7045;0.894048;0.810418;0.00778435;0.00351179;0.200516;0.0456151;0.0297012;0.00416104;0.478528;0.0406003;
48;16384;16384;measure;all_to_all;1.67658;0.904624;0.771943;0.00980422;0.0305777;0.224875;0.046523;0.0298146;0.00807797;0.381859;0.0404108;
48;16384;16384;measure;all_to_all;1.79995;0.903989;0.895932;0.0111591;0.0298468;0.188687;0.0460591;0.034598;0.0337394;0.506367;0.0454752;
48;16384;16384;measure;all_to_all;1.75868;0.90476;0.853902;0.00791113;0.0317112;0.234442;0.0487163;0.00677703;0.0292384;0.454161;0.0409448;
48;16384;16384;measure;all_to_all;1.73824;0.888048;0.850163;0.00487525;0.00578497;0.243866;0.0452417;0.00621998;0.0288405;0.472047;0.043288;
48;16384;16384;measure;all_to_all;1.79057;0.903981;0.886549;0.0107808;0.030157;0.198926;0.046254;0.00814703;0.0288691;0.522886;0.0405284;
48;16384;16384;measure;all_to_all;1.74983;0.891302;0.858514;0.00772194;0.00402398;0.231812;0.0455851;0.0304839;0.00469667;0.493569;0.0406204;
48;16384;16384;measure;all_to_all;1.8122;0.904253;0.907933;0.0103966;0.0330881;0.221589;0.0766285;0.00685494;0.0299165;0.490243;0.0392164;
48;16384;16384;measure;all_to_all;1.79084;0.909193;0.881599;0.00878884;0.0298311;0.215758;0.0465654;0.00882782;0.0279874;0.502984;0.0408565;
48;16384;16384;measure;all_to_all;1.80548;0.890928;0.914531;0.00872873;0.00323274;0.245297;0.0479287;0.0301786;0.00781505;0.53055;0.0408011;
48;16384;16384;measure;all_to_all;1.75825;0.892724;0.865507;0.00999135;0.00377287;0.249277;0.0460359;0.00762309;0.0305392;0.477254;0.0410139;
48;16384;16384;measure;all_to_all;1.79241;0.894266;0.898125;0.0091931;0.0336487;0.188862;0.0473291;0.00885897;0.0296621;0.539402;0.0411688;
48;16384;16384;measure;all_to_all;1.72779;0.902528;0.825236;0.00857433;0.0291379;0.192788;0.0459571;0.00767931;0.0295092;0.470724;0.0408661;
48;16384;16384;measure;all_to_all;1.73703;0.889991;0.847015;0.00785458;0.00375363;0.195255;0.0458825;0.0101976;0.0284211;0.515045;0.0406052;
48;16384;16384;measure;all_to_all;1.79106;0.888251;0.902787;0.00570848;0.0057712;0.250738;0.0454931;0.0299932;0.00990303;0.514689;0.0404916;
48;16384;16384;measure;all_to_all;1.69955;0.905403;0.794123;0.012796;0.033387;0.210886;0.0454685;0.00756696;0.0304815;0.41227;0.0412669;
48;16384;16384;measure;all_to_all;1.73972;0.888543;0.851141;0.00830094;0.00330673;0.240517;0.0431659;0.00755324;0.0285848;0.479851;0.0398614;
48;16384;16384;measure;all_to_all;1.72905;0.888324;0.840704;0.00879724;0.00374409;0.229171;0.0451582;0.00636339;0.0300638;0.47692;0.0404859;
48;16384;16384;measure;all_to_all;1.79582;0.904095;0.891703;0.00771965;0.0336184;0.17258;0.048072;0.00938322;0.0295399;0.54954;0.0412496;
48;16384;16384;measure;all_to_all;1.80867;0.902842;0.905805;0.00864264;0.00307033;0.236168;0.0463899;0.00903239;0.0293601;0.532334;0.040807;