n_threads;n_x;n_y;plan;comm_flag;total;initialization;fft_2d_total;first_fftw;first_split;first_comm;first_trans;second_fftw;second_split;second_comm;second_trans;
48;16384;16384;measure;all_to_all;2.39847;1.47446;0.92399;0.0494814;0.0559778;0.301604;0.0590595;0.0422439;0.0557759;0.306311;0.0535363;
48;16384;16384;measure;all_to_all;2.49322;1.4907;1.00251;0.0487407;0.0556172;0.302441;0.0577808;0.0422873;0.0557251;0.390068;0.0498509;
48;16384;16384;measure;all_to_all;2.40088;1.48075;0.920119;0.0489718;0.0557189;0.304865;0.0578236;0.0426982;0.0557284;0.303407;0.0509061;
48;16384;16384;measure;all_to_all;2.48703;1.48981;0.997201;0.0489297;0.056088;0.390702;0.0412261;0.0488904;0.0558909;0.300033;0.0554404;
48;16384;16384;measure;all_to_all;2.41043;1.48843;0.92198;0.0484398;0.0561156;0.303203;0.0582406;0.0484563;0.0558526;0.300359;0.0513133;
48;16384;16384;measure;all_to_all;2.48546;1.47436;1.01108;0.0488374;0.0563253;0.303506;0.0572064;0.0420244;0.0560332;0.396625;0.050522;
48;16384;16384;measure;all_to_all;2.42377;1.47083;0.95293;0.0485144;0.0558387;0.299806;0.0575994;0.0832297;0.0556316;0.301026;0.0512843;
48;16384;16384;measure;all_to_all;2.39512;1.4758;0.919308;0.0492333;0.0556027;0.30071;0.0574573;0.0486946;0.0559439;0.301104;0.0505618;
48;16384;16384;measure;all_to_all;2.44052;1.48552;0.954979;0.0488675;0.0557084;0.300989;0.0576725;0.0819149;0.0556555;0.30354;0.0506315;
48;16384;16384;measure;all_to_all;2.4086;1.48647;0.922117;0.0487869;0.0555078;0.301944;0.0593832;0.0487322;0.0557274;0.300794;0.0512416;
48;16384;16384;measure;all_to_all;2.43819;1.48594;0.952225;0.0482294;0.0557738;0.302775;0.0578044;0.079465;0.0557174;0.300155;0.0523053;
48;16384;16384;measure;all_to_all;2.4583;1.50171;0.956583;0.0523233;0.0558895;0.30058;0.057638;0.0812513;0.055539;0.302455;0.0509069;
48;16384;16384;measure;all_to_all;2.4094;1.48259;0.926793;0.0482102;0.0656063;0.299406;0.0584943;0.048752;0.0556012;0.299493;0.0512301;
48;16384;16384;measure;all_to_all;2.40185;1.48365;0.918182;0.0488578;0.0556189;0.298705;0.0599673;0.0486128;0.0557508;0.300074;0.0505954;
48;16384;16384;measure;all_to_all;2.40343;1.48391;0.919502;0.0479196;0.0558042;0.302576;0.0578472;0.0484845;0.0558219;0.299962;0.0510872;
48;16384;16384;measure;all_to_all;2.54362;1.495;1.04861;0.0486009;0.0557578;0.304702;0.057663;0.0832885;0.0599926;0.392803;0.0457985;
48;16384;16384;measure;all_to_all;2.46543;1.54593;0.91948;0.0484496;0.0558972;0.299422;0.0594509;0.0485514;0.0556413;0.301268;0.0507995;
48;16384;16384;measure;all_to_all;2.52279;1.48872;1.03405;0.0487976;0.055693;0.391435;0.0424246;0.0821671;0.0555131;0.302793;0.0552305;
48;16384;16384;measure;all_to_all;2.45145;1.53401;0.917425;0.0485048;0.0559921;0.298895;0.0581705;0.0493854;0.0556147;0.299335;0.0515277;
48;16384;16384;measure;all_to_all;2.4025;1.48509;0.917385;0.0488143;0.0552489;0.301914;0.0579484;0.0473094;0.0557221;0.298372;0.0520565;
48;16384;16384;measure;all_to_all;2.40515;1.4835;0.921632;0.050051;0.055707;0.301602;0.0577827;0.0486172;0.0556069;0.300792;0.0514731;
48;16384;16384;measure;all_to_all;2.40782;1.49192;0.915866;0.0499513;0.0558272;0.304107;0.0586189;0.0424053;0.0558224;0.298332;0.0508017;
48;16384;16384;measure;all_to_all;2.40074;1.48475;0.915965;0.0488533;0.0561565;0.304823;0.0578102;0.0430708;0.0556756;0.298399;0.0511761;
48;16384;16384;measure;all_to_all;2.40854;1.48866;0.919862;0.0481998;0.055404;0.301209;0.0576088;0.0484839;0.055722;0.30012;0.0531146;
48;16384;16384;measure;all_to_all;2.41199;1.48979;0.922177;0.0488484;0.0554805;0.300967;0.057803;0.0485345;0.0557389;0.303895;0.050909;
48;16384;16384;measure;all_to_all;2.51395;1.47743;1.0365;0.0498487;0.056048;0.390044;0.0422526;0.0837338;0.055352;0.301619;0.0576009;
48;16384;16384;measure;all_to_all;2.46615;1.53766;0.928476;0.0490798;0.0559309;0.304597;0.0578974;0.0483351;0.0554312;0.304084;0.0531206;
48;16384;16384;measure;all_to_all;2.55833;1.4804;1.07791;0.0488624;0.0557997;0.390446;0.0411015;0.0483537;0.0558277;0.388995;0.0485287;
48;16384;16384;measure;all_to_all;2.52738;1.5299;0.997463;0.0488667;0.0557107;0.390251;0.0414807;0.043144;0.0562092;0.303129;0.0586719;
48;16384;16384;measure;all_to_all;2.47323;1.55026;0.922961;0.0484748;0.055945;0.304103;0.0579765;0.0485213;0.0561181;0.300511;0.0513109;
48;16384;16384;measure;all_to_all;2.40277;1.48091;0.921841;0.0487814;0.0557754;0.303913;0.0579313;0.0483778;0.0558012;0.297401;0.0538606;
48;16384;16384;measure;all_to_all;2.51956;1.48236;1.03718;0.0492018;0.0559247;0.301648;0.058404;0.0815273;0.0555594;0.389983;0.0449287;
48;16384;16384;measure;all_to_all;2.46098;1.54766;0.913305;0.0486988;0.0561049;0.300415;0.0581875;0.042228;0.0553778;0.300408;0.0518844;
48;16384;16384;measure;all_to_all;2.4127;1.48779;0.924895;0.0501059;0.0559265;0.301741;0.0574908;0.0495486;0.055433;0.303527;0.0511216;
48;16384;16384;measure;all_to_all;2.44019;1.48248;0.957694;0.0487348;0.0554729;0.302965;0.0582079;0.0819482;0.0557796;0.303176;0.0514108;
48;16384;16384;measure;all_to_all;2.39095;1.47558;0.915354;0.0487086;0.055636;0.298708;0.0575188;0.0481283;0.0557327;0.300486;0.0504355;
48;16384;16384;measure;all_to_all;2.39408;1.48375;0.910314;0.0483036;0.0557131;0.30049;0.0575234;0.0423135;0.0555945;0.297634;0.0527416;
48;16384;16384;measure;all_to_all;2.44186;1.47968;0.962159;0.0484244;0.0557265;0.302894;0.0606496;0.0818162;0.0556405;0.3025;0.054508;
48;16384;16384;measure;all_to_all;2.39965;1.4809;0.918731;0.0483717;0.0559153;0.299923;0.0593731;0.0476532;0.0555068;0.300343;0.0516452;
48;16384;16384;measure;all_to_all;2.4003;1.47873;0.92155;0.0492726;0.0557113;0.303933;0.0577119;0.0435695;0.0560853;0.304334;0.0509323;
48;16384;16384;measure;all_to_all;2.4049;1.4859;0.918991;0.0491121;0.0560225;0.301554;0.0578697;0.0480578;0.0555966;0.299502;0.0512764;
48;16384;16384;measure;all_to_all;2.40414;1.48309;0.921034;0.0491095;0.0560726;0.302979;0.0583279;0.0478914;0.0555633;0.299822;0.0512674;
48;16384;16384;measure;all_to_all;2.4351;1.48252;0.952567;0.0485008;0.0555557;0.299507;0.0592511;0.0829531;0.0554497;0.300112;0.0512379;
48;16384;16384;measure;all_to_all;2.40903;1.48492;0.924087;0.0483675;0.0555865;0.304395;0.0582703;0.0484818;0.0557976;0.300732;0.0524553;
48;16384;16384;measure;all_to_all;2.44662;1.48842;0.958183;0.0482984;0.0556949;0.304237;0.057324;0.0834808;0.0555882;0.302409;0.0511508;
48;16384;16384;measure;all_to_all;2.39661;1.47709;0.919505;0.0484526;0.0561986;0.301931;0.0578306;0.04833;0.0556692;0.29951;0.0515819;
48;16384;16384;measure;all_to_all;2.43728;1.48163;0.955639;0.0490344;0.0559131;0.301314;0.0580984;0.0807658;0.0554917;0.299592;0.05543;
48;16384;16384;measure;all_to_all;2.40164;1.48282;0.918801;0.0480287;0.0560737;0.302578;0.0599788;0.0419441;0.0556966;0.303566;0.0509357;
48;16384;16384;measure;all_to_all;2.43687;1.4834;0.953456;0.0480518;0.0558426;0.301181;0.057361;0.0809507;0.0553494;0.301475;0.0532437;
48;16384;16384;measure;all_to_all;2.40604;1.48521;0.920822;0.049612;0.0560054;0.301306;0.0597615;0.0486812;0.0557747;0.298826;0.0508552;
48;16384;16384;measure;all_to_all;5.4193;1.15827;4.26101;0.0334331;0.0269878;1.60125;0.0625065;0.022374;0.0295198;2.41816;0.0667753;
48;16384;16384;measure;all_to_all;5.36768;1.16098;4.20668;0.0333821;0.0260694;1.61683;0.0458691;0.0256342;0.0286439;2.37467;0.0555768;
48;16384;16384;measure;all_to_all;5.48628;1.15595;4.33031;0.0335216;0.0277938;1.6988;0.0382138;0.0254422;0.0288868;2.41942;0.0582391;
48;16384;16384;measure;all_to_all;5.63402;1.1595;4.47449;0.0333333;0.0240028;1.66496;0.0719019;0.0288057;0.0294463;2.55992;0.0621223;
48;16384;16384;measure;all_to_all;5.35987;1.16224;4.19761;0.0321615;0.0234183;1.63026;0.0630612;0.0365797;0.0296469;2.3312;0.0512831;
48;16384;16384;measure;all_to_all;7.20356;1.16413;6.03942;0.0895464;0.0447435;1.9186;0.0404915;0.187697;0.0279945;3.40886;0.321488;
48;16384;16384;measure;all_to_all;4.9093;1.15752;3.75177;0.0328614;0.0278493;1.54846;0.0642174;0.0252531;0.0250778;1.95769;0.0703602;
48;16384;16384;measure;all_to_all;6.41911;1.20561;5.21349;0.0288562;0.0237771;1.90807;0.179728;0.0254282;0.0292717;2.91885;0.0995007;
48;16384;16384;measure;all_to_all;5.67895;1.17822;4.50071;0.035858;0.0235402;1.61365;0.0604357;0.0359538;0.0291962;2.66345;0.0386202;
48;16384;16384;measure;all_to_all;5.77667;1.15563;4.62101;0.032972;0.0253615;1.61433;0.0657432;0.0198139;0.0269722;2.77255;0.0632715;
48;16384;16384;measure;all_to_all;5.25377;1.16648;4.08726;0.0323272;0.0260695;1.70665;0.0654766;0.0255265;0.0265982;2.13328;0.0713269;
48;16384;16384;measure;all_to_all;8.85491;1.20647;7.64842;0.0437546;0.0414944;3.04939;0.193497;0.0266418;0.0309443;4.12733;0.135376;
48;16384;16384;measure;all_to_all;5.13776;1.16964;3.9681;0.0357231;0.0274475;1.49198;0.0575349;0.0352478;0.0278951;2.23209;0.0601875;
48;16384;16384;measure;all_to_all;5.39033;1.16538;4.22493;0.0335402;0.0262922;1.63435;0.0628794;0.0356833;0.029571;2.33195;0.0706628;
48;16384;16384;measure;all_to_all;5.54454;1.17245;4.37207;0.0364208;0.0243077;1.57564;0.0575858;0.0350965;0.0272879;2.55295;0.0627803;
48;16384;16384;measure;all_to_all;5.92565;1.17675;4.74888;0.0328057;0.0285484;1.5446;0.0605765;0.0270619;0.0290894;2.96336;0.0628467;
48;16384;16384;measure;all_to_all;5.11667;1.16686;3.94978;0.0295879;0.0267237;1.65171;0.0651437;0.0250706;0.0261622;2.05124;0.0741398;
48;16384;16384;measure;all_to_all;5.34381;1.16973;4.17407;0.0336049;0.0257064;1.62291;0.0568984;0.0270646;0.0292794;2.3367;0.0419059;
48;16384;16384;measure;all_to_all;5.4442;1.15932;4.28485;0.0334593;0.0267739;1.53554;0.0566921;0.0341141;0.0266725;2.52138;0.0502231;
48;16384;16384;measure;all_to_all;4.8119;1.17046;3.64142;0.0331495;0.0276268;1.49895;0.0642092;0.0353487;0.0255114;1.88697;0.06965;
48;16384;16384;measure;all_to_all;5.53541;1.16481;4.37057;0.0327827;0.0263768;1.60586;0.0391911;0.0414759;0.0280442;2.53129;0.065547;
48;16384;16384;measure;all_to_all;5.05547;1.17034;3.88511;0.0288466;0.0283596;1.60376;0.0542021;0.0217342;0.0489478;2.02575;0.0735136;
48;16384;16384;measure;all_to_all;5.39765;1.17676;4.22086;0.0288468;0.0268785;1.64313;0.0516959;0.0261775;0.0293622;2.35087;0.0639021;
48;16384;16384;measure;all_to_all;7.04128;1.19904;5.84221;0.0296237;0.0237967;2.23433;0.0393826;0.187804;0.0290386;3.25279;0.0454377;
48;16384;16384;measure;all_to_all;6.79869;1.16069;5.63798;0.0315414;0.0265223;1.74879;0.0695285;0.0271939;0.0294904;3.63313;0.0717749;
48;16384;16384;measure;all_to_all;5.56063;1.1692;4.3914;0.0325112;0.0271682;1.60086;0.0664981;0.0260509;0.0322374;2.54125;0.064825;
48;16384;16384;measure;all_to_all;5.45385;1.16586;4.28797;0.0328792;0.0269543;1.59869;0.0556466;0.0255419;0.0250619;2.46384;0.059357;
48;16384;16384;measure;all_to_all;5.47003;1.15679;4.31323;0.0305601;0.0258794;1.59459;0.06966;0.0285947;0.0296837;2.47597;0.0582847;
48;16384;16384;measure;all_to_all;6.739;1.20559;5.5334;0.0294516;0.0236786;2.24461;0.177471;0.0253479;0.0294681;2.95443;0.0489307;
48;16384;16384;measure;all_to_all;5.55635;1.18117;4.37515;0.0342762;0.0271421;1.66208;0.0393989;0.0398618;0.0243116;2.4836;0.0644825;
48;16384;16384;measure;all_to_all;8.00628;1.21068;6.79558;0.0481944;0.0407694;2.86569;0.199337;0.0248284;0.0290169;3.45534;0.132399;
48;16384;16384;measure;all_to_all;5.52244;1.16882;4.3536;0.0337201;0.0279461;1.58665;0.0584309;0.0219077;0.0292854;2.5372;0.0584532;
48;16384;16384;measure;all_to_all;6.34251;1.1622;5.18028;0.0316377;0.025428;1.94731;0.181473;0.0249802;0.02752;2.88235;0.0595841;
48;16384;16384;measure;all_to_all;5.36783;1.16662;4.20119;0.0274953;0.0274098;1.62442;0.0573611;0.0357991;0.0294027;2.32986;0.0694431;
48;16384;16384;measure;all_to_all;5.38997;1.16257;4.22738;0.0287337;0.0256678;1.6574;0.0592799;0.0483079;0.0296782;2.30566;0.07266;
48;16384;16384;measure;all_to_all;5.54609;1.18226;4.36381;0.0272122;0.0257318;1.60353;0.0652905;0.0516332;0.0286733;2.51189;0.0498376;
48;16384;16384;measure;all_to_all;5.55578;1.16545;4.3903;0.0338076;0.0262556;1.51697;0.0596925;0.0273329;0.0292085;2.629;0.0680256;
48;16384;16384;measure;all_to_all;5.62033;1.16971;4.4506;0.0323247;0.026062;1.50403;0.0566786;0.033768;0.0243373;2.71096;0.0624476;
48;16384;16384;measure;all_to_all;5.5335;1.16528;4.36819;0.0362994;0.02331;1.54792;0.0656027;0.0373806;0.0293367;2.58685;0.0414913;
48;16384;16384;measure;all_to_all;5.23935;1.16912;4.07021;0.0332818;0.0266643;1.6169;0.0710589;0.0276647;0.0481769;2.17718;0.0692816;
48;16384;16384;measure;all_to_all;5.1964;1.16868;4.0277;0.0323813;0.0271261;1.49967;0.0669311;0.0272511;0.048995;2.25757;0.0677747;
48;16384;16384;measure;all_to_all;5.33528;1.16911;4.16615;0.0332333;0.0263225;1.54717;0.0689677;0.0364628;0.0285171;2.35466;0.0708204;
48;16384;16384;measure;all_to_all;6.44137;1.20913;5.23222;0.0313418;0.0237446;2.04937;0.0383343;0.184705;0.0295773;2.77941;0.0957346;
48;16384;16384;measure;all_to_all;5.66991;1.162;4.50789;0.0332389;0.0267042;1.87258;0.065647;0.0334543;0.025288;2.38077;0.070207;
48;16384;16384;measure;all_to_all;5.40171;1.17671;4.22498;0.0329505;0.0230193;1.48043;0.0563625;0.0515483;0.0270037;2.5035;0.0501641;
48;16384;16384;measure;all_to_all;5.58884;1.16986;4.41896;0.0266179;0.0291157;1.84857;0.193861;0.0340944;0.0290577;2.12643;0.131216;
48;16384;16384;measure;all_to_all;5.59809;1.17165;4.42642;0.0287209;0.0260877;1.47808;0.0571896;0.0493158;0.0486845;2.67462;0.0637248;
48;16384;16384;measure;all_to_all;4.84453;1.17207;3.67243;0.0276796;0.0276144;1.48018;0.0622359;0.0458831;0.0295566;1.9236;0.0756831;
48;16384;16384;measure;all_to_all;5.71592;1.15915;4.55676;0.0351058;0.0237338;1.57082;0.0682396;0.037069;0.0283705;2.74132;0.0521078;
48;16384;16384;measure;all_to_all;6.35679;1.17572;5.18106;0.0338113;0.0233119;2.62129;0.186454;0.0395946;0.0340315;2.14798;0.0945779;
48;16384;16384;measure;all_to_all;6.41386;1.03684;5.37696;0.0207661;0.0211312;2.39593;0.257526;0.0124472;0.0125975;2.30004;0.356531;
48;16384;16384;measure;all_to_all;5.64942;1.00654;4.64286;0.036008;0.0115716;2.36959;0.170769;0.0817151;0.0143182;1.84045;0.11844;
48;16384;16384;measure;all_to_all;4.76303;1.06241;3.70055;0.0256998;0.0213944;1.48476;0.11793;0.0150316;0.188178;1.64861;0.198949;
48;16384;16384;measure;all_to_all;6.52856;1.00211;5.52639;0.0261416;0.0120338;2.29979;0.252134;0.0236321;0.0148382;2.6953;0.202522;
48;16384;16384;measure;all_to_all;5.81136;1.04413;4.76721;0.0248374;0.0213217;1.66017;0.103511;0.0901728;0.106087;2.41761;0.343496;
48;16384;16384;measure;all_to_all;4.59081;1.0338;3.55698;0.0137428;0.0148955;1.29138;0.068785;0.0316566;0.0356083;2.02741;0.073503;
48;16384;16384;measure;all_to_all;6.45164;1.07176;5.37986;0.0256502;0.0214958;1.98196;0.202057;0.0854745;0.0117809;2.77951;0.271932;
48;16384;16384;measure;all_to_all;4.46099;1.03217;3.42873;0.0147578;0.0149798;1.34287;0.0691189;0.0150092;0.021868;1.88032;0.069815;
48;16384;16384;measure;all_to_all;6.59023;1.02373;5.56648;0.0140224;0.0147638;2.12623;0.100857;0.0144863;0.0875013;2.9835;0.225125;
48;16384;16384;measure;all_to_all;5.32438;1.044;4.28036;0.0137707;0.0165167;1.52356;0.250257;0.0215971;0.0204402;2.22607;0.208151;
48;16384;16384;measure;all_to_all;5.48352;1.07376;4.40974;0.0221854;0.0209785;2.02818;0.292519;0.0158728;0.0152346;1.91678;0.0979831;
48;16384;16384;measure;all_to_all;5.92006;1.03302;4.88697;0.01957;0.0125843;1.64083;0.272197;0.0135819;0.0131663;2.55877;0.356276;
48;16384;16384;measure;all_to_all;4.29733;1.02096;3.27633;0.0162993;0.0149008;1.28524;0.0696462;0.0197546;0.0254161;1.77657;0.0685058;
48;16384;16384;measure;all_to_all;6.00739;1.05479;4.95254;0.0310238;0.015987;1.7451;0.261594;0.0183409;0.0145031;2.61482;0.251169;
48;16384;16384;measure;all_to_all;6.62063;1.00995;5.61062;0.0176013;0.0118498;2.84502;0.103417;0.080007;0.0854315;2.20848;0.258817;
48;16384;16384;measure;all_to_all;5.82091;1.0145;4.8064;0.0287682;0.0174151;1.50008;0.0956088;0.018042;0.186702;2.75995;0.19983;
48;16384;16384;measure;all_to_all;4.45695;1.03166;3.42527;0.0142394;0.0163949;1.32551;0.069457;0.0119169;0.0221493;1.8952;0.0703937;
48;16384;16384;measure;all_to_all;4.37836;1.03088;3.34744;0.013515;0.0149403;1.30922;0.070673;0.0114459;0.0243905;1.83013;0.073128;
48;16384;16384;measure;all_to_all;8.4716;1.06095;7.41059;0.027444;0.0158231;2.07826;0.254061;0.0160886;0.0132629;4.66557;0.340082;
48;16384;16384;measure;all_to_all;6.82651;1.03082;5.79556;0.0135019;0.0149504;3.17882;0.0515404;0.0520744;0.099919;2.29944;0.0853237;
48;16384;16384;measure;all_to_all;5.74988;1.06104;4.68881;0.0258119;0.0211999;1.41364;0.178981;0.0872975;0.0239261;2.74558;0.192369;
48;16384;16384;measure;all_to_all;7.41452;1.06751;6.34695;0.0255702;0.0209977;2.11252;0.259893;0.0161363;0.0115306;3.70124;0.199059;
48;16384;16384;measure;all_to_all;5.21046;1.01627;4.19417;0.0254531;0.0233254;1.65051;0.0959574;0.0832076;0.0918462;2.00177;0.222099;
48;16384;16384;measure;all_to_all;5.75175;1.02947;4.72226;0.0162337;0.0166302;1.92398;0.302512;0.0161308;0.0228993;2.26284;0.161035;
48;16384;16384;measure;all_to_all;4.72893;1.03644;3.69246;0.0176413;0.0146908;1.36752;0.0713381;0.0152681;0.0221146;2.10755;0.0763381;
48;16384;16384;measure;all_to_all;6.76495;1.00928;5.7556;0.0254226;0.0125231;2.32027;0.304717;0.0157708;0.013001;2.94501;0.118889;
48;16384;16384;measure;all_to_all;4.31813;1.02115;3.29696;0.0155048;0.0145964;1.30845;0.0699466;0.0130689;0.0258402;1.7762;0.0733592;
48;16384;16384;measure;all_to_all;5.26944;1.05603;4.21338;0.0299028;0.0226895;1.82177;0.308551;0.0159461;0.013757;1.88894;0.111828;
48;16384;16384;measure;all_to_all;5.08654;1.03912;4.04739;0.0225485;0.0161221;1.50232;0.12431;0.19279;0.0174491;2.05352;0.118328;
48;16384;16384;measure;all_to_all;6.94617;1.06843;5.8777;0.0251132;0.0211966;2.80403;0.18178;0.0836063;0.0122667;2.65701;0.0926985;
48;16384;16384;measure;all_to_all;6.63242;1.05011;5.58225;0.0285466;0.0188635;3.1688;0.262549;0.0153272;0.0159161;1.87777;0.194483;
48;16384;16384;measure;all_to_all;8.27814;1.07495;7.20313;0.0249853;0.0262071;1.32957;0.261837;0.0139579;0.0146851;5.31997;0.211911;
48;16384;16384;measure;all_to_all;4.9155;1.03598;3.87949;0.0182254;0.0126959;1.5086;0.252254;0.0130606;0.0129963;2.00044;0.061226;
48;16384;16384;measure;all_to_all;5.29556;1.03709;4.25841;0.0254761;0.0217233;1.6856;0.0957602;0.0836088;0.0915741;2.13368;0.120986;
48;16384;16384;measure;all_to_all;5.68868;1.02381;4.66485;0.0255209;0.0213489;1.70586;0.102764;0.0848285;0.10545;2.3742;0.244879;
48;16384;16384;measure;all_to_all;5.98522;1.03313;4.95207;0.015981;0.0160518;2.45486;0.0974181;0.0887233;0.0924816;2.09266;0.0938918;
48;16384;16384;measure;all_to_all;5.86635;1.01945;4.84686;0.0140482;0.0149738;2.55051;0.0981854;0.163266;0.011732;1.76795;0.226196;
48;16384;16384;measure;all_to_all;4.46555;1.03629;3.42925;0.0166069;0.014266;1.28381;0.0696884;0.0146861;0.0218927;1.93542;0.0728724;
48;16384;16384;measure;all_to_all;5.37266;1.02412;4.34853;0.0135769;0.0146666;1.73488;0.109649;0.176287;0.0183396;2.14824;0.132886;
48;16384;16384;measure;all_to_all;5.42389;1.06167;4.36214;0.0269424;0.021538;1.36461;0.260093;0.0132287;0.0145686;2.31883;0.342332;
48;16384;16384;measure;all_to_all;4.32042;1.02697;3.29343;0.0139943;0.0149314;1.27792;0.0722698;0.020522;0.0249849;1.7922;0.0766137;
48;16384;16384;measure;all_to_all;4.93979;1.00742;3.93232;0.0287928;0.0131163;1.44859;0.249465;0.013719;0.0140832;1.82615;0.338409;
48;16384;16384;measure;all_to_all;7.54335;1.0518;6.49154;0.0258917;0.0165506;2.1485;0.257175;0.0132618;0.0136708;3.65392;0.362561;
48;16384;16384;measure;all_to_all;4.92839;1.0564;3.87192;0.026764;0.0209198;1.42024;0.175918;0.0846598;0.018697;1.97308;0.15165;
48;16384;16384;measure;all_to_all;6.05169;1.03399;5.01768;0.0131667;0.0149829;1.88964;0.0971271;0.0858488;0.0909212;2.72661;0.0993888;
48;16384;16384;measure;all_to_all;6.66016;1.02503;5.63511;0.024652;0.0253905;2.41152;0.212942;0.100663;0.0119383;2.62442;0.223576;
48;16384;16384;measure;all_to_all;6.35225;1.02954;5.32269;0.0303462;0.02085;1.72489;0.207461;0.0845512;0.0198817;2.97132;0.263387;
48;16384;16384;measure;all_to_all;5.49894;1.00807;4.49085;0.0187865;0.0120618;2.1983;0.246821;0.0162433;0.0125074;1.68476;0.301371;
48;16384;16384;measure;all_to_all;5.54196;1.03013;4.51181;0.0135642;0.0148932;1.7948;0.0962722;0.16226;0.011537;2.06511;0.353373;
48;16384;16384;measure;all_to_all;5.07315;1.02638;4.0467;0.0169977;0.0162172;1.6279;0.301842;0.0217907;0.0108679;1.78217;0.268902;
48;16384;16384;measure;all_to_all;5.30759;0.929287;4.37827;0.0242697;0.0159756;1.64509;0.130392;0.0622971;0.166954;2.26056;0.0727274;
48;16384;16384;measure;all_to_all;5.84138;0.941254;4.9;0.0113169;0.0131827;1.65852;0.123268;0.0492862;0.0563038;2.84399;0.144142;
48;16384;16384;measure;all_to_all;6.43666;0.925201;5.51142;0.0267725;0.00583707;2.25203;0.0875912;0.170747;0.109763;2.78822;0.0704684;
48;16384;16384;measure;all_to_all;5.93284;0.933847;4.99895;0.0213334;0.0060934;1.99488;0.122256;0.0970234;0.0259051;2.67737;0.05409;
48;16384;16384;measure;all_to_all;5.17254;0.93957;4.23295;0.0199825;0.00829485;1.76186;0.135991;0.0562912;0.113788;1.9262;0.210544;
48;16384;16384;measure;all_to_all;5.04059;0.967666;4.07287;0.0741481;0.00590281;1.71321;0.0831717;0.056019;0.136704;1.89918;0.104535;
48;16384;16384;measure;all_to_all;5.41728;0.977296;4.43991;0.0770378;0.00978037;1.95324;0.232449;0.0139888;0.0396388;2.03176;0.0820096;
48;16384;16384;measure;all_to_all;5.03587;0.942868;4.09294;0.0235294;0.0157733;1.69219;0.243571;0.00915098;0.0318267;1.87908;0.197814;
48;16384;16384;measure;all_to_all;5.23239;0.94118;4.29118;0.0247566;0.00573695;1.73437;0.181293;0.0596172;0.0159148;2.19358;0.0759128;
48;16384;16384;measure;all_to_all;5.10188;0.936126;4.16568;0.0263326;0.0234587;1.72182;0.203953;0.0755855;0.060417;1.90066;0.153457;
48;16384;16384;measure;all_to_all;5.5073;0.927273;4.58001;0.0230511;0.00612193;2.03914;0.0778942;0.0488447;0.0509388;2.04729;0.286734;
48;16384;16384;measure;all_to_all;4.89116;0.977698;3.91344;0.0521898;0.00581267;1.72559;0.0705883;0.045494;0.137662;1.83155;0.0445495;
48;16384;16384;measure;all_to_all;5.86903;0.933319;4.93566;0.0206605;0.00910575;1.66715;0.110841;0.0867725;0.0892405;2.84075;0.111135;
48;16384;16384;measure;all_to_all;7.89383;0.931188;6.96258;0.0181122;0.00601186;1.8553;0.0755486;0.0454531;0.053092;4.7701;0.13897;
48;16384;16384;measure;all_to_all;6.41759;0.950904;5.46665;0.0333045;0.00806725;1.77129;0.293648;0.0365638;0.0351308;3.02712;0.261526;
48;16384;16384;measure;all_to_all;5.92723;0.979451;4.94773;0.0402862;0.0114765;1.81711;0.148994;0.0405124;0.021341;2.82306;0.0449547;
48;16384;16384;measure;all_to_all;6.12559;0.967954;5.15759;0.0310825;0.016122;1.89805;0.181832;0.0243859;0.0151861;2.7894;0.201535;
48;16384;16384;measure;all_to_all;5.6376;0.936414;4.70113;0.0236632;0.00589598;2.03686;0.07686;0.0550351;0.0849928;2.20562;0.212202;
48;16384;16384;measure;all_to_all;4.93051;0.936619;3.99385;0.0297717;0.0133671;1.84582;0.253108;0.0160745;0.0340682;1.74996;0.0516738;
48;16384;16384;measure;all_to_all;4.90505;0.977793;3.92724;0.0216306;0.0207826;1.50743;0.172318;0.0588954;0.013511;2.07108;0.0615852;
48;16384;16384;measure;all_to_all;5.40915;0.984312;4.42477;0.0604328;0.0131944;1.6821;0.0821441;0.0509025;0.077266;2.18332;0.275401;
48;16384;16384;measure;all_to_all;5.58044;0.928874;4.65151;0.0213683;0.00609149;2.08339;0.121269;0.0524154;0.0532658;2.17337;0.140341;
48;16384;16384;measure;all_to_all;5.83783;0.938399;4.89937;0.0195934;0.00601873;2.32346;0.172629;0.0948267;0.0547791;2.02051;0.207559;
48;16384;16384;measure;all_to_all;5.53689;0.97961;4.55725;0.0496204;0.00621537;1.72751;0.080958;0.0532435;0.0932611;2.28558;0.260861;
48;16384;16384;measure;all_to_all;5.21526;0.932514;4.28268;0.0242668;0.00643647;1.99721;0.213021;0.0147023;0.0610725;1.84639;0.119579;
48;16384;16384;measure;all_to_all;5.0261;0.935418;4.09062;0.0270891;0.00574463;1.54156;0.0796517;0.100696;0.0590917;2.13278;0.144006;
48;16384;16384;measure;all_to_all;5.80052;0.986644;4.81386;0.0856877;0.00570947;1.7708;0.0687778;0.0440917;0.0557513;2.64748;0.135555;
48;16384;16384;measure;all_to_all;5.66211;0.981391;4.68066;0.0194915;0.00643206;1.75785;0.0817514;0.055499;0.00711336;2.55495;0.197573;
48;16384;16384;measure;all_to_all;5.6644;0.965696;4.69868;0.0126862;0.0060927;2.11544;0.0736724;0.00909967;0.0486406;2.3624;0.0706542;
48;16384;16384;measure;all_to_all;5.49963;0.981673;4.51791;0.070667;0.0137284;1.90909;0.175743;0.0494818;0.0682282;2.17943;0.0515358;
48;16384;16384;measure;all_to_all;6.51528;0.981409;5.53383;0.060892;0.0101595;1.71832;0.125934;0.098733;0.0582763;3.39234;0.0691799;
48;16384;16384;measure;all_to_all;5.48126;0.930925;4.55032;0.0242686;0.00601266;1.83422;0.066948;0.176207;0.0357738;2.11628;0.290614;
48;16384;16384;measure;all_to_all;4.93825;0.938688;3.99954;0.0206689;0.005937;1.54786;0.0820005;0.112209;0.0473098;2.13442;0.049138;
48;16384;16384;measure;all_to_all;5.82202;0.938015;4.88394;0.0213414;0.0159602;2.40184;0.0804846;0.0652062;0.0217251;2.16617;0.111212;
48;16384;16384;measure;all_to_all;6.44023;0.974922;5.46528;0.0599979;0.00638767;1.74026;0.069785;0.0520663;0.1176;3.3515;0.0676789;
48;16384;16384;measure;all_to_all;6.12335;0.933475;5.18983;0.031297;0.00615626;2.52031;0.0811715;0.179223;0.0263272;2.28563;0.0597128;
48;16384;16384;measure;all_to_all;4.73429;0.941648;3.79258;0.0338466;0.022651;1.40588;0.189985;0.0949565;0.00670983;1.83922;0.199324;
48;16384;16384;measure;all_to_all;4.50033;0.937172;3.56313;0.0127871;0.00583446;1.3648;0.063567;0.0128551;0.0244309;2.02909;0.0497605;
48;16384;16384;measure;all_to_all;5.04023;0.938141;4.10203;0.0158854;0.00652194;1.97912;0.120743;0.0502214;0.150598;1.72157;0.0573655;
48;16384;16384;measure;all_to_all;5.46141;0.990199;4.47117;0.0484343;0.0335728;1.66652;0.134297;0.0585692;0.0537738;2.13321;0.342787;
48;16384;16384;measure;all_to_all;7.03021;0.9314;6.09878;0.0213615;0.0142593;3.83831;0.0798028;0.0155125;0.0506294;2.02829;0.0506143;
48;16384;16384;measure;all_to_all;5.77979;0.937102;4.84262;0.0210904;0.00942981;2.72636;0.156507;0.124389;0.0286289;1.677;0.0992231;
48;16384;16384;measure;all_to_all;5.54674;0.933921;4.6128;0.0178878;0.00584499;2.14686;0.179489;0.0524424;0.0307471;2.12758;0.051946;
48;16384;16384;measure;all_to_all;5.87337;0.936202;4.93714;0.0228475;0.0119948;2.56355;0.330613;0.0144255;0.0341984;1.80502;0.154482;
48;16384;16384;measure;all_to_all;5.1241;0.934264;4.18982;0.0207446;0.00576804;1.96839;0.169838;0.0999863;0.0929591;1.77963;0.0525071;
48;16384;16384;measure;all_to_all;5.98631;0.934409;5.05188;0.0127641;0.00572905;1.82019;0.0780829;0.0523879;0.0578583;2.94997;0.074892;
48;16384;16384;measure;all_to_all;5.09342;0.942374;4.15099;0.0321808;0.00576412;1.39349;0.0801825;0.0558303;0.125324;2.27495;0.183267;
48;16384;16384;measure;all_to_all;6.22708;0.937706;5.28935;0.0460253;0.00557059;2.30362;0.132092;0.0530306;0.266466;2.43329;0.0492541;
48;16384;16384;measure;all_to_all;5.13148;0.977765;4.15366;0.0319617;0.0154461;1.62597;0.130888;0.140702;0.0503419;1.96714;0.19121;
48;16384;16384;measure;all_to_all;4.99551;0.941102;4.05438;0.0197368;0.00612742;1.67685;0.0778703;0.0950018;0.0898765;1.94801;0.140912;
48;16384;16384;measure;all_to_all;6.6611;1.02233;5.63875;0.128237;0.00640614;2.6588;0.19519;0.0967764;0.0720256;2.43729;0.0440209;
48;16384;16384;measure;all_to_all;7.55864;0.987694;6.57092;0.0734545;0.0119392;2.94526;0.144381;0.0456226;0.209059;3.09586;0.0453402;
48;16384;16384;measure;all_to_all;5.26925;0.930231;4.33897;0.0320585;0.0141314;1.70493;0.135065;0.0546306;0.0587347;2.3034;0.0360276;
48;16384;16384;measure;all_to_all;6.6657;0.972273;5.69321;0.00719287;0.00580019;2.58472;0.0394644;0.0324571;0.0419818;2.92969;0.0519062;
48;16384;16384;measure;all_to_all;6.33598;0.946364;5.38944;0.0497188;0.024156;2.09738;0.0382316;0.0345655;0.0334566;3.08501;0.0269196;
48;16384;16384;measure;all_to_all;6.85425;0.892891;5.96115;0.00663637;0.0169542;1.60385;0.107136;0.0309593;0.0291681;4.12778;0.0386646;
48;16384;16384;measure;all_to_all;5.59894;0.914037;4.68482;0.0201513;0.0103455;2.19831;0.0465789;0.0327654;0.0333255;2.29008;0.0532646;
48;16384;16384;measure;all_to_all;6.7808;1.01151;5.76907;0.0129333;0.0104877;2.14443;0.0380958;0.0314294;0.089178;3.39759;0.0449327;
48;16384;16384;measure;all_to_all;5.74567;0.897796;4.84778;0.00678113;0.00484161;2.13888;0.0374388;0.0307002;0.0295816;2.56402;0.0355385;
48;16384;16384;measure;all_to_all;5.08216;0.923599;4.15847;0.00684392;0.00649157;1.65664;0.075039;0.0300697;0.0287232;2.27608;0.0785888;
48;16384;16384;measure;all_to_all;6.19776;0.941188;5.25654;0.0150003;0.02437;2.45327;0.0453816;0.0414482;0.0419522;2.6098;0.0253163;
48;16384;16384;measure;all_to_all;6.71896;0.940137;5.7787;0.0262791;0.0127436;2.12037;0.0420685;0.0709846;0.0579399;3.41979;0.0285332;
48;16384;16384;measure;all_to_all;5.50306;0.934059;4.56898;0.0152754;0.00593615;2.09775;0.0418227;0.0352505;0.0658794;2.28054;0.0265305;
48;16384;16384;measure;all_to_all;6.25456;0.955131;5.29941;0.0269026;0.0121035;2.59646;0.0387457;0.0567531;0.0266727;2.51262;0.029159;
48;16384;16384;measure;all_to_all;6.22361;0.878244;5.34533;0.00623661;0.00644268;2.75706;0.0443196;0.0352517;0.0734592;2.39289;0.0296663;
48;16384;16384;measure;all_to_all;5.42531;0.941339;4.48394;0.00492621;0.00404277;1.72397;0.0765296;0.00827741;0.025687;2.61797;0.0225355;
48;16384;16384;measure;all_to_all;5.57393;0.886741;4.68715;0.00703927;0.00511573;2.02403;0.0439898;0.0720787;0.0406104;2.44486;0.0494343;
48;16384;16384;measure;all_to_all;6.67048;0.926064;5.74434;0.0271933;0.00441968;2.59358;0.0369997;0.0258224;0.0457426;2.97164;0.0389447;
48;16384;16384;measure;all_to_all;6.46071;1.02043;5.44025;0.0239253;0.0863866;2.62624;0.0375789;0.0315504;0.0264999;2.51774;0.0903298;
48;16384;16384;measure;all_to_all;4.98114;1.05091;3.93021;0.0636308;0.00405592;1.59394;0.0399575;0.0372531;0.069875;2.09575;0.0257448;
48;16384;16384;measure;all_to_all;6.18769;0.963021;5.22461;0.0233784;0.00414679;2.80415;0.0380033;0.0311432;0.0602453;2.17988;0.0836696;
48;16384;16384;measure;all_to_all;6.69221;0.940685;5.7515;0.0128244;0.0101127;1.98032;0.0439872;0.0236859;0.0235818;3.60093;0.0560576;
48;16384;16384;measure;all_to_all;5.26246;0.931523;4.3309;0.0455827;0.00448632;1.73042;0.0428742;0.101399;0.0123997;2.36387;0.0298693;
48;16384;16384;measure;all_to_all;5.27148;0.956465;4.31496;0.00701003;0.00681258;1.76407;0.078754;0.0284383;0.0784223;2.28885;0.0626069;
48;16384;16384;measure;all_to_all;5.99718;0.922018;5.07514;0.00660637;0.00664105;2.49859;0.0395217;0.0323172;0.0332669;2.42818;0.0300148;
48;16384;16384;measure;all_to_all;5.45698;0.910084;4.54688;0.00468648;0.00376194;1.7846;0.0332393;0.00468916;0.0240745;2.62215;0.0696757;
48;16384;16384;measure;all_to_all;5.91871;0.896072;5.02256;0.00656316;0.0066981;1.96868;0.0449593;0.0700253;0.0699841;2.81783;0.0378202;
48;16384;16384;measure;all_to_all;5.66248;0.89038;4.77198;0.0912961;0.012991;2.2185;0.0421026;0.0453853;0.00539468;2.26866;0.0876425;
48;16384;16384;measure;all_to_all;7.01754;0.947635;6.06988;0.071416;0.012314;2.50579;0.0395441;0.00571743;0.0285801;3.3741;0.0324203;
48;16384;16384;measure;all_to_all;6.31923;1.00215;5.31706;0.0770458;0.0197499;2.45839;0.106742;0.0449653;0.170175;2.38328;0.0567084;
48;16384;16384;measure;all_to_all;5.7304;0.941147;4.78924;0.00628781;0.00595744;2.19462;0.0690275;0.0254693;0.00577927;2.43785;0.0442403;
48;16384;16384;measure;all_to_all;5.36137;0.950518;4.41082;0.0984872;0.00431247;1.46276;0.0437232;0.0706839;0.0372363;2.6578;0.0358112;
48;16384;16384;measure;all_to_all;7.22523;0.945187;6.28002;0.205194;0.0142303;1.54864;0.0708169;0.0648562;0.0860689;4.26085;0.0293594;
48;16384;16384;measure;all_to_all;6.22143;0.92606;5.29532;0.00450578;0.00408224;2.46064;0.0405312;0.0268818;0.0691882;2.6208;0.0686941;
48;16384;16384;measure;all_to_all;7.39296;0.956965;6.43598;0.0199006;0.00393608;2.62409;0.0428366;0.050785;0.10654;3.51246;0.0754235;
48;16384;16384;measure;all_to_all;6.32041;0.881998;5.43837;0.00632365;0.00660453;2.12735;0.107601;0.0968265;0.0573616;2.93332;0.102984;
48;16384;16384;measure;all_to_all;4.95823;0.942496;4.01568;0.0140441;0.0212191;1.64201;0.0747244;0.0351219;0.0342706;2.16042;0.0338741;
48;16384;16384;measure;all_to_all;5.52121;0.909658;4.61146;0.00690467;0.00511372;1.8798;0.0348415;0.0222339;0.0291665;2.60494;0.0284648;
48;16384;16384;measure;all_to_all;5.7773;0.998041;4.77922;0.0313329;0.00404389;1.90829;0.0453543;0.102872;0.0297667;2.62568;0.0318873;
48;16384;16384;measure;all_to_all;5.01582;0.932543;4.08327;0.0350126;0.0122937;1.94013;0.0378342;0.0249333;0.0774663;1.91064;0.0449601;
48;16384;16384;measure;all_to_all;7.72129;0.95201;6.76926;0.0515297;0.00518454;3.68484;0.044558;0.00950966;0.0660866;2.87064;0.0369046;
48;16384;16384;measure;all_to_all;5.99138;0.90475;5.08659;0.00636225;0.00491396;2.08849;0.157308;0.129105;0.135288;2.22378;0.34134;
48;16384;16384;measure;all_to_all;6.72926;0.878523;5.85056;0.00752178;0.00516845;1.77486;0.0350783;0.0548758;0.124071;3.73347;0.115518;
48;16384;16384;measure;all_to_all;6.38526;0.922025;5.46322;0.00505355;0.00454658;2.37352;0.0340716;0.0275629;0.0534638;2.89448;0.0705176;
48;16384;16384;measure;all_to_all;6.26947;1.00001;5.26931;0.0484049;0.0110713;2.43815;0.169534;0.0406793;0.0465476;2.4743;0.0406217;
48;16384;16384;measure;all_to_all;7.28553;0.954786;6.33073;0.00574836;0.00477042;3.51931;0.11445;0.093233;0.00557303;2.53846;0.0491839;
48;16384;16384;measure;all_to_all;7.65904;0.894751;6.76409;0.00704915;0.00482884;3.82841;0.0370063;0.0288654;0.030959;2.78233;0.0446438;
48;16384;16384;measure;all_to_all;6.05995;1.01397;5.04585;0.00680007;0.00651726;2.39739;0.0397996;0.022857;0.0231461;2.46859;0.0807477;
48;16384;16384;measure;all_to_all;7.33762;0.971237;6.36636;0.0927855;0.00531319;2.0834;0.143534;0.0277078;0.030421;3.91855;0.0646561;
48;16384;16384;measure;all_to_all;6.17272;0.896143;5.27651;0.012227;0.00439848;2.41344;0.113315;0.0332728;0.0342991;2.63351;0.0320531;