n_threads;n_x;n_y;plan;comm_flag;total;initialization;fft_2d_total;first_fftw;first_split;first_comm;first_trans;second_fftw;second_split;second_comm;second_trans;
48;16384;16384;measure;scatter;1.79759;1.47896;0.318607;0.0491196;0.0561101;9.02792e-05;0.0630774;0.0432006;0.055789;0.000138029;0.0510819;
48;16384;16384;measure;scatter;1.88559;1.5419;0.34367;0.0489363;0.0563025;0.000172535;0.0598743;0.070036;0.0557518;0.00128105;0.0513151;
48;16384;16384;measure;scatter;1.84966;1.52809;0.32155;0.0485809;0.0556294;9.56899e-05;0.0601403;0.0496049;0.0555695;0.000121819;0.0518078;
48;16384;16384;measure;scatter;1.85764;1.53584;0.32179;0.049283;0.0555333;0.000121057;0.0598158;0.049347;0.0556477;0.000104086;0.0519376;
48;16384;16384;measure;scatter;1.84651;1.53231;0.314189;0.0481999;0.0556419;0.000116248;0.0603099;0.0428038;0.0559068;0.000125185;0.0510856;
48;16384;16384;measure;scatter;1.86899;1.53099;0.337948;0.0479172;0.0556195;0.000105288;0.0597434;0.0675543;0.0556935;0.000103765;0.051211;
48;16384;16384;measure;scatter;1.85263;1.53071;0.321907;0.0486906;0.0557962;0.000171322;0.0599203;0.0500926;0.0556395;0.000114805;0.0514813;
48;16384;16384;measure;scatter;1.85712;1.53357;0.32353;0.0488335;0.0560389;0.000179728;0.0598508;0.0498352;0.055686;0.000126738;0.0529796;
48;16384;16384;measure;scatter;1.85117;1.5293;0.321861;0.0481133;0.0559172;8.6643e-05;0.0596335;0.0505688;0.0556233;0.000119515;0.0517987;
48;16384;16384;measure;scatter;1.87875;1.53892;0.339812;0.0481353;0.0556015;8.6382e-05;0.0604153;0.067038;0.0555059;0.000140133;0.0528896;
48;16384;16384;measure;scatter;1.8515;1.52797;0.323511;0.0511806;0.0556215;0.00016465;0.0598153;0.0492266;0.0561918;0.000120246;0.0511899;
48;16384;16384;measure;scatter;1.85004;1.53389;0.316137;0.0490989;0.0561222;7.61931e-05;0.0607458;0.0431392;0.0555752;0.000117821;0.0512612;
48;16384;16384;measure;scatter;1.8735;1.53485;0.338634;0.0485172;0.0557253;7.0743e-05;0.0602634;0.0674483;0.0553551;0.000145022;0.0511089;
48;16384;16384;measure;scatter;1.86074;1.53934;0.321375;0.0471419;0.0559508;0.000115497;0.0606053;0.0501032;0.0554496;0.000129864;0.0518789;
48;16384;16384;measure;scatter;1.86716;1.52817;0.338977;0.0484039;0.0559274;0.000172484;0.060059;0.0663731;0.0555819;0.000142778;0.0523163;
48;16384;16384;measure;scatter;1.85732;1.53547;0.321836;0.0484721;0.0559338;0.000103434;0.0599053;0.0500278;0.0554431;0.000125315;0.051825;
48;16384;16384;measure;scatter;1.8717;1.53085;0.34083;0.0484773;0.0559087;0.000171322;0.0602486;0.0687399;0.0556702;0.000134362;0.0514793;
48;16384;16384;measure;scatter;1.85511;1.53047;0.324618;0.0495566;0.0559409;0.000113253;0.06023;0.0497434;0.0558987;0.000126238;0.0530092;
48;16384;16384;measure;scatter;1.85984;1.537;0.322824;0.0481282;0.0557865;0.000108554;0.0602142;0.0501685;0.0556562;9.4197e-05;0.0526674;
48;16384;16384;measure;scatter;1.86604;1.5489;0.31712;0.049891;0.0558193;0.000134112;0.0609691;0.043447;0.0556889;0.000130956;0.05104;
48;16384;16384;measure;scatter;1.87439;1.53385;0.340524;0.0481541;0.055669;0.000175761;0.0601514;0.0682791;0.0559879;0.000126037;0.0519803;
48;16384;16384;measure;scatter;1.87877;1.53975;0.339001;0.0486873;0.0558116;0.000106009;0.0598544;0.0670987;0.055598;0.000132209;0.0517131;
48;16384;16384;measure;scatter;1.85136;1.53006;0.321282;0.0484332;0.0559935;8.73439e-05;0.0601756;0.0493486;0.0555696;0.00010634;0.0515678;
48;16384;16384;measure;scatter;1.87472;1.5346;0.340099;0.0491258;0.0556807;0.000167494;0.059797;0.0682366;0.0555705;0.000149471;0.0513711;
48;16384;16384;measure;scatter;1.85296;1.53156;0.321383;0.0495597;0.0557076;0.000145724;0.0600114;0.049142;0.0554661;0.000115908;0.0512342;
48;16384;16384;measure;scatter;1.88746;1.54597;0.341471;0.0505466;0.0555532;0.000168307;0.0591461;0.0682201;0.0557965;0.000144652;0.0518958;
48;16384;16384;measure;scatter;1.85842;1.5354;0.323006;0.0484604;0.0559213;0.000141255;0.060901;0.0495338;0.0555831;0.000107161;0.0523581;
48;16384;16384;measure;scatter;1.86205;1.52084;0.341189;0.0492686;0.0558004;0.000121879;0.0596375;0.0684602;0.0557212;0.000122851;0.0520565;
48;16384;16384;measure;scatter;1.85016;1.53537;0.314779;0.0488398;0.0563513;7.97701e-05;0.0602401;0.0426486;0.0556296;0.000114335;0.0508755;
48;16384;16384;measure;scatter;1.86463;1.54506;0.319555;0.047904;0.0558385;0.000146616;0.0599641;0.0482671;0.0557981;0.000119555;0.0515166;
48;16384;16384;measure;scatter;1.86815;1.52992;0.338216;0.0477957;0.0557089;0.00010636;0.0603755;0.0673502;0.0553781;0.000142608;0.0513582;
48;16384;16384;measure;scatter;1.8568;1.53458;0.322197;0.0482531;0.0557957;8.5691e-05;0.0602501;0.0496381;0.0557104;0.000117932;0.0523461;
48;16384;16384;measure;scatter;1.85012;1.53552;0.314581;0.0487674;0.0554803;8.60421e-05;0.0599995;0.0428933;0.0556747;0.000108233;0.0515716;
48;16384;16384;measure;scatter;1.86115;1.53961;0.321521;0.0471157;0.0557191;0.000138019;0.0599506;0.0500371;0.0557097;0.000105348;0.0527458;
48;16384;16384;measure;scatter;1.8858;1.53536;0.350429;0.0485991;0.055452;0.000147267;0.0640063;0.0755036;0.0556035;0.000156404;0.0509604;
48;16384;16384;measure;scatter;1.84209;1.5274;0.314676;0.0485009;0.0568553;0.000167244;0.0593812;0.0429644;0.0556306;0.000115537;0.0510605;
48;16384;16384;measure;scatter;1.85103;1.53661;0.314404;0.0483658;0.0556378;0.000118373;0.0597189;0.042953;0.0557039;0.000101932;0.0518043;
48;16384;16384;measure;scatter;1.8638;1.53993;0.323857;0.04937;0.0555074;0.000123262;0.0608069;0.0501597;0.0555357;0.000100669;0.0522537;
48;16384;16384;measure;scatter;1.86237;1.53821;0.324143;0.0473455;0.0556227;9.72131e-05;0.0601579;0.0535693;0.0559892;0.000125356;0.0512354;
48;16384;16384;measure;scatter;1.85089;1.5299;0.320971;0.0487331;0.0554249;0.000171423;0.0606739;0.0494543;0.0556423;0.000141887;0.050729;
48;16384;16384;measure;scatter;1.85574;1.53385;0.321868;0.0489864;0.0555464;0.000172564;0.0603226;0.046274;0.0560538;9.78941e-05;0.0544146;
48;16384;16384;measure;scatter;1.85361;1.53201;0.321585;0.048976;0.0554731;0.000168297;0.0594233;0.0499481;0.0556113;0.000113423;0.0518721;
48;16384;16384;measure;scatter;1.85237;1.52981;0.322539;0.0484032;0.0556907;8.7955e-05;0.0604728;0.0503809;0.0554562;0.000121428;0.0519261;
48;16384;16384;measure;scatter;1.87574;1.55227;0.323458;0.0483064;0.0560648;0.000171522;0.0598171;0.0494428;0.0558637;0.000121208;0.0536705;
48;16384;16384;measure;scatter;1.87283;1.53481;0.338006;0.0484773;0.0557962;0.000112081;0.0597644;0.0672068;0.0554602;0.000125246;0.051064;
48;16384;16384;measure;scatter;1.84998;1.53378;0.316184;0.0483708;0.0557802;0.000118453;0.0602277;0.0432016;0.055576;0.000135154;0.0527737;
48;16384;16384;measure;scatter;1.86048;1.53718;0.323278;0.0499538;0.0557898;0.000163638;0.0598135;0.0503363;0.0555781;0.000119515;0.0515237;
48;16384;16384;measure;scatter;1.85069;1.52802;0.322658;0.0482278;0.0564166;0.000101241;0.0601768;0.0499366;0.0555897;0.000383742;0.0518257;
48;16384;16384;measure;scatter;1.84731;1.53017;0.317127;0.0487697;0.0560645;0.000139433;0.0602884;0.0430951;0.0558849;0.000137929;0.0527472;
48;16384;16384;measure;scatter;1.85547;1.53337;0.322087;0.0493877;0.055903;0.000130255;0.0594221;0.0497293;0.055684;0.000127229;0.0517029;
48;16384;16384;measure;scatter;4.55753;1.16862;3.38889;0.0309228;0.0275103;1.52968;0.0412687;0.027654;0.0273879;1.65673;0.0477404;
48;16384;16384;measure;scatter;6.34319;1.16941;5.17371;0.029947;0.0255152;1.75679;0.048425;0.0390479;0.0286894;3.18968;0.0556209;
48;16384;16384;measure;scatter;4.41373;1.17392;3.2398;0.0312875;0.0252234;1.45669;0.0493626;0.0316525;0.0301663;1.57121;0.044213;
48;16384;16384;measure;scatter;4.75852;1.1763;3.58218;0.029092;0.0262146;1.57968;0.046769;0.0289989;0.0287706;1.80195;0.0406924;
48;16384;16384;measure;scatter;4.50533;1.1785;3.32678;0.0300511;0.0249344;1.41815;0.0448072;0.0389342;0.0251826;1.69775;0.0469748;
48;16384;16384;measure;scatter;4.98635;1.17664;3.80969;0.0292501;0.0260973;1.5668;0.0469631;0.0300016;0.0301919;2.0268;0.0535818;
48;16384;16384;measure;scatter;4.70655;1.16454;3.54199;0.0351429;0.0234122;1.63757;0.0449571;0.0299187;0.0290282;1.70485;0.0371163;
48;16384;16384;measure;scatter;4.75371;1.18099;3.5727;0.0256342;0.029957;1.54943;0.0486449;0.0295508;0.0294354;1.81512;0.0449281;
48;16384;16384;measure;scatter;4.67586;1.1904;3.48541;0.0289179;0.0256218;1.45805;0.0429341;0.0403285;0.0286818;1.81628;0.0445999;
48;16384;16384;measure;scatter;5.04768;1.18514;3.86253;0.0292684;0.0272733;1.79292;0.0427851;0.0414266;0.0296247;1.84308;0.0561458;
48;16384;16384;measure;scatter;4.7173;1.18448;3.5328;0.0304492;0.0238886;1.46942;0.0466274;0.0288071;0.0287812;1.85734;0.047481;
48;16384;16384;measure;scatter;5.90567;1.22842;4.67721;0.0441476;0.0415927;1.87926;0.0460814;0.0290531;0.0301012;2.55382;0.0531572;
48;16384;16384;measure;scatter;5.1351;1.18975;3.94533;0.0302648;0.0243499;1.50013;0.0487511;0.0420898;0.0287696;2.22656;0.0444193;
48;16384;16384;measure;scatter;5.94809;1.22218;4.72589;0.0299566;0.0237798;2.23663;0.0484589;0.024577;0.0295834;2.28498;0.0479218;
48;16384;16384;measure;scatter;5.02714;1.17764;3.84947;0.0312686;0.0257414;1.67193;0.0444004;0.0288878;0.0294937;1.97455;0.04319;
48;16384;16384;measure;scatter;4.61736;1.19223;3.42511;0.0286363;0.0237318;1.67984;0.0503893;0.0409806;0.0288662;1.53075;0.0419133;
48;16384;16384;measure;scatter;6.16783;1.17474;4.99307;0.0305461;0.0265357;1.94264;0.0391114;0.0418966;0.0278893;2.83757;0.0468854;
48;16384;16384;measure;scatter;4.4648;1.17899;3.28579;0.0301552;0.0229442;1.52229;0.048055;0.0279195;0.0296022;1.56465;0.0401812;
48;16384;16384;measure;scatter;6.29627;1.1765;5.11975;0.0295518;0.0255835;1.91352;0.0445604;0.0304983;0.0286379;3.00018;0.0472086;
48;16384;16384;measure;scatter;7.04492;1.17782;5.86705;0.0303522;0.0230594;2.05605;0.0515305;0.0352832;0.0309788;3.59623;0.0435647;
48;16384;16384;measure;scatter;4.84038;1.19035;3.65001;0.0287063;0.0235239;1.53589;0.0449183;0.0418279;0.0288619;1.90494;0.04135;
48;16384;16384;measure;scatter;4.88406;1.17939;3.70465;0.0297103;0.0230083;1.52139;0.0390095;0.0407181;0.0275399;1.98467;0.0386047;
48;16384;16384;measure;scatter;5.17845;1.1827;3.99574;0.030454;0.0268753;1.73108;0.0486221;0.0403535;0.0292428;2.0381;0.0510117;
48;16384;16384;measure;scatter;5.74158;1.17531;4.56625;0.0303385;0.0227633;2.09892;0.0497958;0.0302709;0.0290298;2.23766;0.0674609;
48;16384;16384;measure;scatter;4.52942;1.18151;3.34789;0.0280837;0.0259615;1.54445;0.0518166;0.0304999;0.0300498;1.58696;0.0500733;
48;16384;16384;measure;scatter;4.8699;1.16707;3.70281;0.0286675;0.0237485;1.54844;0.047756;0.0405832;0.0297401;1.93927;0.0446004;
48;16384;16384;measure;scatter;5.09244;1.18189;3.91054;0.0304114;0.0265688;1.70357;0.0422096;0.0252207;0.0265909;2.01473;0.0412286;
48;16384;16384;measure;scatter;5.19121;1.17613;4.01506;0.0309947;0.0271534;1.70768;0.0451404;0.0395903;0.0291741;2.08554;0.0497776;
48;16384;16384;measure;scatter;4.46422;1.18164;3.28256;0.0299575;0.0268327;1.56362;0.0423594;0.0249286;0.0294743;1.51856;0.0468219;
48;16384;16384;measure;scatter;9.01343;1.23574;7.77767;0.0412533;0.0418846;3.179;0.0440316;0.025241;0.0289373;4.3593;0.0580315;
48;16384;16384;measure;scatter;4.87637;1.16548;3.71087;0.030732;0.0274012;1.70868;0.0495675;0.0420225;0.0307985;1.77015;0.0515229;
48;16384;16384;measure;scatter;7.87772;1.1775;6.70017;0.0406672;0.0400785;2.97287;0.0462362;0.0487566;0.0376416;3.45724;0.0566719;
48;16384;16384;measure;scatter;4.49331;1.16874;3.32456;0.0326484;0.0228095;1.57616;0.0462807;0.0396752;0.0301849;1.53829;0.0385082;
48;16384;16384;measure;scatter;4.63464;1.19205;3.44257;0.0290243;0.0251829;1.47873;0.0491374;0.038864;0.030705;1.74681;0.044122;
48;16384;16384;measure;scatter;4.52203;1.17937;3.34264;0.029908;0.0257795;1.58087;0.0489556;0.0312171;0.0290313;1.54457;0.0523051;
48;16384;16384;measure;scatter;4.7306;1.17071;3.55988;0.030325;0.023177;1.66134;0.0463118;0.0406735;0.0302193;1.68148;0.046344;
48;16384;16384;measure;scatter;4.38783;1.17684;3.21095;0.0306278;0.0261577;1.59719;0.0430935;0.0409113;0.0307144;1.38746;0.0548037;
48;16384;16384;measure;scatter;4.77027;1.1768;3.59345;0.0296005;0.0259801;1.52172;0.038626;0.0279132;0.0238279;1.87203;0.0537463;
48;16384;16384;measure;scatter;4.63221;1.17554;3.45664;0.0307563;0.0265344;1.61441;0.0448387;0.0297498;0.0289297;1.62336;0.0580612;
48;16384;16384;measure;scatter;4.81177;1.17455;3.6372;0.0315512;0.0230727;1.60272;0.0435019;0.0404058;0.0301581;1.82021;0.0455855;
48;16384;16384;measure;scatter;4.80502;1.17811;3.62689;0.0291911;0.0264714;1.56114;0.0417861;0.0286972;0.0262318;1.86592;0.0474582;
48;16384;16384;measure;scatter;4.73872;1.18329;3.55538;0.0305848;0.0242187;1.56666;0.0453811;0.0293692;0.0291936;1.77573;0.054247;
48;16384;16384;measure;scatter;4.8002;1.17712;3.62303;0.0303436;0.0289775;1.57072;0.0444858;0.0296762;0.0299782;1.84279;0.0460575;
48;16384;16384;measure;scatter;4.9196;1.19059;3.72899;0.0290766;0.0236788;1.44895;0.0465638;0.0284022;0.0287397;2.08361;0.0399657;
48;16384;16384;measure;scatter;4.70205;1.17464;3.52739;0.0310185;0.0270769;1.41806;0.0452215;0.0285502;0.0252184;1.89791;0.0543427;
48;16384;16384;measure;scatter;4.63771;1.17526;3.46241;0.0278497;0.0276835;1.49839;0.0472574;0.0399718;0.030019;1.74769;0.0435445;
48;16384;16384;measure;scatter;4.80437;1.18343;3.62093;0.0304997;0.0261138;1.50031;0.0453119;0.0283066;0.0245938;1.91477;0.0510318;
48;16384;16384;measure;scatter;6.99968;1.20588;5.79375;0.0434751;0.041605;3.0635;0.0434204;0.03024;0.028764;2.48275;0.0599915;
48;16384;16384;measure;scatter;4.83891;1.18449;3.6544;0.0268266;0.027801;1.42697;0.0488648;0.0289189;0.0338936;2.00993;0.0511915;
48;16384;16384;measure;scatter;4.99183;1.17761;3.81417;0.0329265;0.023532;1.51938;0.0462098;0.0426191;0.0307981;2.07429;0.0444196;
48;16384;16384;measure;scatter;7.00249;1.02989;5.97258;0.0224547;0.0253082;2.35116;0.0526028;0.0223322;0.0154492;3.43459;0.048683;
48;16384;16384;measure;scatter;5.95785;1.05916;4.89868;0.0271096;0.0171142;2.56335;0.0530151;0.0156255;0.0126837;2.16134;0.0484341;
48;16384;16384;measure;scatter;6.14255;1.07641;5.06612;0.0237929;0.0213835;2.37836;0.0536746;0.0211021;0.0118891;2.50255;0.0533691;
48;16384;16384;measure;scatter;7.18485;1.03059;6.15424;0.0287992;0.0252346;2.65962;0.05347;0.0147185;0.0129119;3.30738;0.052097;
48;16384;16384;measure;scatter;4.78224;1.02589;3.75634;0.0298894;0.0200442;1.81343;0.0494822;0.0299427;0.0177497;1.73829;0.0575062;
48;16384;16384;measure;scatter;7.49357;1.06991;6.42364;0.0253304;0.0220904;3.83637;0.0531168;0.0145217;0.0369193;2.379;0.0562917;
48;16384;16384;measure;scatter;6.02397;1.04591;4.97804;0.0252655;0.0197703;2.35716;0.0587141;0.0149972;0.0124703;2.43752;0.0521388;
48;16384;16384;measure;scatter;4.49506;1.06066;3.43437;0.0156724;0.0146854;1.50547;0.0590647;0.0226317;0.0171557;1.74919;0.050503;
48;16384;16384;measure;scatter;5.20583;1.04804;4.15777;0.0221876;0.0209775;1.8438;0.0491897;0.0211294;0.0158685;2.13077;0.0538433;
48;16384;16384;measure;scatter;5.93574;1.05518;4.88054;0.0254512;0.0214372;2.11359;0.0530733;0.0131469;0.0135353;2.58378;0.0565341;
48;16384;16384;measure;scatter;5.47005;1.03791;4.43212;0.0255452;0.0213035;1.99833;0.0501858;0.0216171;0.0178782;2.24406;0.0531945;
48;16384;16384;measure;scatter;7.29193;1.00782;6.28406;0.0229164;0.0127397;2.97236;0.074882;0.0202834;0.0134881;3.12081;0.0465804;
48;16384;16384;measure;scatter;4.61062;1.04024;3.57036;0.0176937;0.0140643;1.56387;0.0532832;0.0209234;0.0192579;1.82583;0.0554383;
48;16384;16384;measure;scatter;5.46203;1.0199;4.44212;0.0178222;0.0124868;2.04196;0.066822;0.0213798;0.0225578;2.2107;0.0483821;
48;16384;16384;measure;scatter;6.74247;1.02245;5.71999;0.0218626;0.0122874;2.39757;0.0583058;0.0209073;0.0122568;3.15767;0.0391274;
48;16384;16384;measure;scatter;7.00994;1.04;5.96992;0.0144624;0.0147238;2.36347;0.0560605;0.0136595;0.0135404;3.4412;0.052812;
48;16384;16384;measure;scatter;5.83475;1.03814;4.79659;0.0138057;0.0145735;1.81694;0.0715872;0.0146617;0.0118774;2.80164;0.0515047;
48;16384;16384;measure;scatter;4.71522;1.01229;3.70291;0.0278649;0.0128274;1.90598;0.064837;0.0196865;0.0209769;1.60497;0.0457633;
48;16384;16384;measure;scatter;6.84951;1.03056;5.81894;0.0260032;0.0119204;2.09906;0.0566128;0.0147089;0.0173082;3.55216;0.0411569;
48;16384;16384;measure;scatter;5.04758;1.0454;4.00215;0.0138705;0.014986;2.05181;0.0609038;0.0158159;0.0153813;1.77028;0.0590983;
48;16384;16384;measure;scatter;4.58116;1.03832;3.54282;0.0156396;0.0154716;1.40936;0.050821;0.0237505;0.0143315;1.95795;0.0554886;
48;16384;16384;measure;scatter;5.1023;1.07663;4.02566;0.0259668;0.0254974;2.28258;0.0638133;0.0124101;0.0129508;1.5413;0.0611419;
48;16384;16384;measure;scatter;5.82157;1.05489;4.76666;0.0134536;0.015029;2.41935;0.0622909;0.0161822;0.0230953;2.16775;0.0495111;
48;16384;16384;measure;scatter;5.11054;1.04505;4.06547;0.0140082;0.0146676;2.38284;0.0586868;0.0146484;0.0190279;1.5108;0.0507932;
48;16384;16384;measure;scatter;4.68298;1.07409;3.60887;0.026598;0.0217121;2.04123;0.05238;0.0198098;0.0182499;1.37385;0.0550388;
48;16384;16384;measure;scatter;5.63282;1.07171;4.56107;0.0172518;0.0204056;1.7844;0.0553941;0.015663;0.020713;2.59831;0.0489291;
48;16384;16384;measure;scatter;4.60232;1.04438;3.55792;0.0141131;0.0146507;1.64584;0.0484271;0.0148029;0.0159793;1.74943;0.0546746;
48;16384;16384;measure;scatter;4.38435;1.01848;3.36583;0.017643;0.0121436;1.52897;0.0537856;0.0237296;0.0186782;1.66877;0.0421125;
48;16384;16384;measure;scatter;5.20164;1.06385;4.13777;0.0258061;0.0173396;1.71908;0.0578344;0.0144539;0.017553;2.23004;0.055663;
48;16384;16384;measure;scatter;4.88284;1.09989;3.78293;0.0253902;0.0190105;1.854;0.052328;0.0141835;0.0178664;1.74409;0.0560631;
48;16384;16384;measure;scatter;7.28807;1.07163;6.21641;0.0214223;0.0173353;2.52324;0.0574908;0.0122706;0.0141485;3.51465;0.0558539;
48;16384;16384;measure;scatter;6.59994;1.03241;5.56751;0.0136872;0.0150927;2.11122;0.060169;0.0161574;0.0216784;3.27784;0.0516729;
48;16384;16384;measure;scatter;5.05827;1.04593;4.01232;0.0151499;0.0206544;1.85942;0.0503419;0.0210659;0.0145377;1.98253;0.0486239;
48;16384;16384;measure;scatter;6.59882;1.04936;5.54942;0.0133221;0.0165046;1.96491;0.0568163;0.0245802;0.0239753;3.39075;0.0585567;
48;16384;16384;measure;scatter;6.17365;1.06794;5.10569;0.0263385;0.0216408;2.49457;0.0516796;0.0122429;0.0136569;2.43293;0.0526293;
48;16384;16384;measure;scatter;5.41785;1.03115;4.38668;0.0260736;0.0241612;1.9323;0.049166;0.0312183;0.0215396;2.25506;0.0471628;
48;16384;16384;measure;scatter;4.79843;1.05166;3.7467;0.0145561;0.0160341;1.60255;0.0509035;0.0239307;0.0205538;1.96443;0.0537439;
48;16384;16384;measure;scatter;4.14256;1.04917;3.09338;0.0136037;0.0146404;1.52445;0.0652162;0.0163191;0.0216145;1.38375;0.0537861;
48;16384;16384;measure;scatter;8.273;1.09644;7.17651;0.0249963;0.021036;2.97186;0.0512107;0.0125804;0.0154638;4.02414;0.0552221;
48;16384;16384;measure;scatter;5.48419;1.03782;4.44635;0.0149691;0.0145092;2.41369;0.0605706;0.0152492;0.019519;1.85162;0.056222;
48;16384;16384;measure;scatter;4.83181;1.03781;3.79398;0.0133668;0.0149434;1.51562;0.063917;0.0244574;0.020115;2.08644;0.0551204;
48;16384;16384;measure;scatter;8.62089;1.0308;7.59007;0.0275401;0.012186;2.74415;0.0534432;0.013443;0.0135819;4.6765;0.0492206;
48;16384;16384;measure;scatter;5.73948;1.06033;4.67912;0.018865;0.0125162;2.69765;0.0507913;0.0124846;0.022983;1.8218;0.0420302;
48;16384;16384;measure;scatter;7.40781;1.04357;6.3642;0.0253182;0.0211159;2.49679;0.051449;0.0149828;0.0124679;3.69186;0.050214;
48;16384;16384;measure;scatter;4.27801;1.03705;3.24094;0.0137402;0.0148256;1.38527;0.0518146;0.0210595;0.0255224;1.66377;0.0649325;
48;16384;16384;measure;scatter;6.53996;1.05292;5.48702;0.0287741;0.0212688;1.68766;0.0551585;0.0134783;0.0146576;3.61817;0.0478497;
48;16384;16384;measure;scatter;5.333;1.05719;4.27578;0.0173294;0.0148248;1.91296;0.0577452;0.0154168;0.0178353;2.18803;0.0516326;
48;16384;16384;measure;scatter;6.24589;1.07435;5.17151;0.0258229;0.0213469;1.90703;0.064139;0.0244661;0.0201188;3.05353;0.0550595;
48;16384;16384;measure;scatter;4.59462;1.06028;3.5343;0.0175751;0.0148134;1.5939;0.0539436;0.0141013;0.0186926;1.76956;0.0517143;
48;16384;16384;measure;scatter;4.51014;1.04208;3.46805;0.0142407;0.0144572;1.53757;0.0614012;0.015822;0.0128885;1.75979;0.0518794;
48;16384;16384;measure;scatter;136.858;1.18017;135.677;0.0197508;0.0115399;133.913;0.0400559;0.0111667;0.0124304;1.63668;0.0324742;
48;16384;16384;measure;scatter;5.37532;1.34464;4.03066;0.0410645;0.00674082;1.3004;0.0357603;0.00994114;0.012762;2.59126;0.0327328;
48;16384;16384;measure;scatter;6.16951;1.44244;4.72703;0.0302534;0.00758363;1.82989;0.0640207;0.0123468;0.0196009;2.73775;0.0255848;
48;16384;16384;measure;scatter;5.78659;1.56769;4.21887;0.0363554;0.00588931;1.80775;0.0379965;0.0250304;0.06842;2.20579;0.0316391;
48;16384;16384;measure;scatter;6.32856;0.950391;5.37815;0.0229474;0.00577181;2.26029;0.0359792;0.0125054;0.0225974;2.95227;0.0657917;
48;16384;16384;measure;scatter;5.72396;1.41504;4.30888;0.0304067;0.0205544;1.39414;0.0397583;0.0214743;0.0506285;2.70363;0.0482853;
48;16384;16384;measure;scatter;6.34938;1.28716;5.0622;0.0574986;0.0162741;2.14897;0.0482085;0.012863;0.02236;2.72905;0.0269845;
48;16384;16384;measure;scatter;6.59935;0.976323;5.62298;0.0692748;0.00569448;2.41782;0.0403597;0.0171067;0.0535524;2.98211;0.037062;
48;16384;16384;measure;scatter;5.60215;1.38901;4.21311;0.0284381;0.00840678;1.60258;0.0388535;0.0198843;0.0601212;2.42888;0.0259467;
48;16384;16384;measure;scatter;5.43875;1.41604;4.02269;0.0322143;0.00926874;1.73099;0.0672999;0.0122676;0.00652823;2.13825;0.0258673;
48;16384;16384;measure;scatter;5.60516;1.40929;4.19584;0.0321714;0.00616744;1.99184;0.0441098;0.0240411;0.0175788;2.04225;0.0376816;
48;16384;16384;measure;scatter;6.07383;1.39725;4.67654;0.0120466;0.0225718;1.54691;0.0421535;0.00888789;0.00697211;3.01053;0.0264695;
48;16384;16384;measure;scatter;6.17147;1.48258;4.68887;0.0917624;0.0176091;1.38717;0.0861553;0.0121114;0.0354178;3.03262;0.0260157;
48;16384;16384;measure;scatter;5.85809;1.4622;4.39586;0.0396515;0.0112752;1.24185;0.0422785;0.0143596;0.00770785;3.00966;0.0290777;
48;16384;16384;measure;scatter;5.80663;1.47571;4.33089;0.0255327;0.00755641;1.21902;0.0363916;0.0331911;0.00636575;2.97618;0.0266488;
48;16384;16384;measure;scatter;5.74168;1.4698;4.27184;0.114008;0.00623094;1.05359;0.0449133;0.0142957;0.0452301;2.96331;0.0302648;
48;16384;16384;measure;scatter;5.13443;1.36663;3.76777;0.0342056;0.00615289;1.19923;0.0369454;0.0133173;0.00678378;2.44238;0.0287474;
48;16384;16384;measure;scatter;6.48839;1.40842;5.07994;0.0418608;0.011573;1.27706;0.0363854;0.0138809;0.0779396;3.59372;0.0275151;
48;16384;16384;measure;scatter;6.81799;0.955963;5.862;0.0246127;0.0142372;3.01893;0.0703792;0.0131177;0.0231261;2.66654;0.0310628;
48;16384;16384;measure;scatter;6.6158;1.32795;5.28784;0.0251234;0.00860846;2.02282;0.0405816;0.0137802;0.0493887;3.07164;0.0558907;
48;16384;16384;measure;scatter;6.23345;1.41836;4.81507;0.0150771;0.00798313;1.56473;0.0437466;0.0213308;0.0595663;3.06889;0.033741;
48;16384;16384;measure;scatter;5.88032;0.96201;4.91826;0.0312604;0.0155865;2.09229;0.0389115;0.023286;0.0224173;2.65699;0.037513;
48;16384;16384;measure;scatter;4.99017;1.46145;3.5287;0.0190284;0.00650271;1.57618;0.0403168;0.0123323;0.0244431;1.81838;0.0315206;
48;16384;16384;measure;scatter;6.738;0.985097;5.75289;0.0485051;0.00636689;2.08339;0.0935663;0.0112294;0.00710927;3.46097;0.0417485;
48;16384;16384;measure;scatter;7.15268;1.07696;6.07569;0.085707;0.0060056;1.7133;0.0402444;0.0140553;0.0369642;4.14521;0.0342051;
48;16384;16384;measure;scatter;5.54136;2.11907;3.42227;0.0349099;0.00579009;1.59257;0.04162;0.00966587;0.0349844;1.65298;0.0497489;
48;16384;16384;measure;scatter;5.89839;1.45315;4.44522;0.0202579;0.00628769;1.70003;0.0352972;0.0128256;0.0473976;2.58044;0.0426864;
48;16384;16384;measure;scatter;7.23313;1.45007;5.78304;0.0226933;0.0266387;3.73004;0.0392571;0.0207647;0.0225264;1.89551;0.0256123;
48;16384;16384;measure;scatter;5.70468;1.4259;4.27876;0.0347719;0.0113068;1.25306;0.0390164;0.00860969;0.0130971;2.87188;0.0470215;
48;16384;16384;measure;scatter;6.15008;1.54871;4.60135;0.0149951;0.01696;1.25691;0.0353874;0.0119777;0.00694934;3.22991;0.0282555;
48;16384;16384;measure;scatter;6.15037;1.07999;5.07036;0.119596;0.00595571;1.94389;0.0379049;0.0142321;0.0215705;2.89834;0.0288689;
48;16384;16384;measure;scatter;6.25749;1.43754;4.81992;0.0225061;0.00599782;1.40789;0.0406484;0.00876819;0.0063028;3.29223;0.0355756;
48;16384;16384;measure;scatter;5.44759;1.41203;4.03554;0.0553275;0.00582727;2.041;0.0415725;0.0105292;0.0209077;1.82915;0.0312308;
48;16384;16384;measure;scatter;6.4923;1.17748;5.3148;0.0489421;0.00578729;2.06046;0.0433032;0.00903865;0.0225662;3.0971;0.0276104;
48;16384;16384;measure;scatter;5.77399;0.971537;4.80243;0.0401563;0.016788;2.43373;0.0344609;0.0146713;0.0298345;2.2059;0.0268857;
48;16384;16384;measure;scatter;6.03566;1.019;5.01661;0.101769;0.00578106;1.89802;0.0393768;0.0156327;0.0584549;2.86376;0.0338193;
48;16384;16384;measure;scatter;6.74117;1.11656;5.62458;0.0341051;0.00696645;2.58962;0.0385096;0.0204964;0.0929921;2.80265;0.0392415;
48;16384;16384;measure;scatter;6.80984;1.53462;5.2752;0.0206351;0.00580798;1.6982;0.0563244;0.0195773;0.0480061;3.38972;0.0369283;
48;16384;16384;measure;scatter;6.33921;0.952224;5.38697;0.0433467;0.01563;2.32613;0.0381695;0.0119311;0.0897736;2.81403;0.0479563;
48;16384;16384;measure;scatter;7.19112;0.977211;6.21389;0.0204846;0.0162828;2.77864;0.0420454;0.0133542;0.0813422;3.22766;0.0340761;
48;16384;16384;measure;scatter;5.74176;1.57664;4.16509;0.0585311;0.00602821;1.47533;0.0400389;0.00906971;0.00927134;2.51347;0.0533512;
48;16384;16384;measure;scatter;5.89124;1.46372;4.42749;0.0409111;0.00580719;1.48435;0.0692385;0.0144813;0.0203232;2.75737;0.0350041;
48;16384;16384;measure;scatter;7.04652;1.36283;5.68366;0.0212598;0.017873;1.74723;0.0449144;0.0204451;0.0232942;3.7817;0.0269428;
48;16384;16384;measure;scatter;4.55344;1.34283;3.2106;0.0200838;0.00594717;1.35297;0.0387345;0.0152923;0.026422;1.72461;0.0265397;
48;16384;16384;measure;scatter;6.40238;1.44598;4.95635;0.0304394;0.0114607;1.57371;0.0373717;0.0129629;0.0128377;3.25131;0.0262602;
48;16384;16384;measure;scatter;5.57577;1.0538;4.52196;0.0873472;0.00970232;2.09121;0.0448166;0.0200591;0.0304406;2.19906;0.0393244;
48;16384;16384;measure;scatter;6.98546;1.44422;5.54119;0.0386029;0.0137357;1.5936;0.0444066;0.0126893;0.0130002;3.7888;0.036365;
48;16384;16384;measure;scatter;5.14574;1.35098;3.79474;0.0282112;0.00838056;1.13207;0.0490724;0.0189248;0.0243202;2.49855;0.0352124;
48;16384;16384;measure;scatter;6.34868;1.32369;5.02497;0.032391;0.00822006;2.56927;0.0869009;0.00896071;0.0123757;2.26268;0.0441692;
48;16384;16384;measure;scatter;5.49523;0.994136;4.50108;0.0855643;0.0173325;2.05972;0.0394623;0.00988459;0.0393694;2.17226;0.0774939;
48;16384;16384;measure;scatter;141.89;1.7197;140.17;0.0150181;0.00666883;135.054;0.0652616;0.0339695;0.0730061;4.90339;0.0188516;
48;16384;16384;measure;scatter;140.182;1.4781;138.704;0.0378419;0.00641314;133.7;0.0810499;0.0249368;0.0350895;4.77967;0.0393506;
48;16384;16384;measure;scatter;139.744;1.47878;138.265;0.013299;0.00628826;136.422;0.0427954;0.0050987;0.0123638;1.74406;0.0183747;
48;16384;16384;measure;scatter;6.60785;1.8513;4.75649;0.0169676;0.0120663;1.51142;0.0387587;0.0264933;0.0243213;3.0997;0.0267594;
48;16384;16384;measure;scatter;137.786;1.79652;135.989;0.0114743;0.0109351;131.978;0.0419469;0.0113065;0.0047204;3.9119;0.0186707;
48;16384;16384;measure;scatter;270.288;1.2044;269.084;0.0186573;0.00659518;263.611;0.0953602;0.0367864;0.0380738;5.26055;0.0170148;
48;16384;16384;measure;scatter;138.962;1.43232;137.53;0.0305123;0.0203751;134.437;0.0869947;0.0259707;0.0773709;2.824;0.0276396;
48;16384;16384;measure;scatter;139.961;1.53157;138.429;0.00970201;0.00403063;136.061;0.0472206;0.00476365;0.132554;2.14605;0.0243746;
48;16384;16384;measure;scatter;137.662;1.5681;136.094;0.0350533;0.0061469;128.883;0.0585632;0.044936;0.0360721;7.00906;0.0205701;
48;16384;16384;measure;scatter;74.4961;1.58901;72.907;0.0134836;0.0130264;65.6988;0.0522381;0.0299756;0.0370106;7.04824;0.0141988;
48;16384;16384;measure;scatter;9.20606;1.36905;7.83694;0.0147743;0.0121184;4.53854;0.0537172;0.0257494;0.00918683;3.16384;0.0190249;
48;16384;16384;measure;scatter;141.758;1.24767;140.51;0.0157799;0.00782076;134.872;0.0539118;0.0589543;0.0393676;5.43464;0.028124;
48;16384;16384;measure;scatter;7.87473;1.54493;6.32972;0.0114529;0.0162821;1.67539;0.0550819;0.015549;0.00443057;4.52176;0.0297717;
48;16384;16384;measure;scatter;143.11;1.62591;141.484;0.0145289;0.00655917;137.878;0.0694902;0.0312271;0.0732734;3.39415;0.0164131;
48;16384;16384;measure;scatter;74.8759;1.52978;73.346;0.127222;0.00452502;68.6498;0.0880331;0.0429678;0.0450214;4.37191;0.0165089;
48;16384;16384;measure;scatter;141.339;1.25431;140.085;0.0127691;0.00599532;136.614;0.0917141;0.0195056;0.017483;3.29485;0.0281553;
48;16384;16384;measure;scatter;140.091;1.19457;138.896;0.00555494;0.02185;136.906;0.0443599;0.00741851;0.0282493;1.86453;0.0183328;
48;16384;16384;measure;scatter;15.274;2.25579;13.0182;0.0155677;0.0173733;5.03364;0.0245457;0.00726312;0.00420853;7.88882;0.0268136;
48;16384;16384;measure;scatter;141.766;1.2697;140.496;0.0176078;0.00398153;134.096;0.0624019;0.00441917;0.00746865;6.27043;0.033826;
48;16384;16384;measure;scatter;141.092;1.6654;139.426;0.00417249;0.00434989;136.813;0.0507793;0.0279452;0.199016;2.3022;0.0249283;
48;16384;16384;measure;scatter;138.669;1.36965;137.299;0.0159607;0.00616817;135.334;0.0436005;0.0171857;0.0530066;1.7987;0.0301356;
48;16384;16384;measure;scatter;267.441;1.13951;266.301;0.0170424;0.00642092;261.389;0.0409237;0.00843578;0.0056109;4.82097;0.0122346;
48;16384;16384;measure;scatter;142.825;1.49479;141.33;0.0415352;0.00366591;139.391;0.0431873;0.00656277;0.0312696;1.79627;0.0163264;
48;16384;16384;measure;scatter;139.167;1.15626;138.01;0.0320321;0.00371276;135.303;0.034088;0.0327395;0.0203691;2.54632;0.0376427;
48;16384;16384;measure;scatter;10.7744;1.67534;9.09907;0.17083;0.0025925;1.67381;0.0470871;0.0114981;0.0371209;7.14193;0.0142126;
48;16384;16384;measure;scatter;272.263;1.31812;270.945;0.008553;0.00734738;266.991;0.0845524;0.0509592;0.0331425;3.75559;0.0140088;
48;16384;16384;measure;scatter;75.2409;1.73967;73.5011;0.0100497;0.0100001;67.4303;0.104733;0.0344137;0.0447977;5.83995;0.0268236;
48;16384;16384;measure;scatter;139.77;1.49912;138.27;0.0131282;0.0103076;135.595;0.0368555;0.019494;0.0679576;2.50065;0.0274018;
48;16384;16384;measure;scatter;141.275;1.67487;139.6;0.044453;0.0182485;133.529;0.0487212;0.0194237;0.0883178;5.82832;0.0226967;
48;16384;16384;measure;scatter;9.62601;1.4582;8.16771;0.00753352;0.00447944;4.85761;0.0779578;0.00683555;0.0196864;3.16474;0.0288721;
48;16384;16384;measure;scatter;142.05;1.22559;140.824;0.0747044;0.022585;134.585;0.03811;0.00541991;0.0564012;5.98094;0.0613895;
48;16384;16384;measure;scatter;140.169;1.49639;138.673;0.0111593;0.00297226;134.634;0.0416295;0.0129936;0.0204108;3.93269;0.0170461;
48;16384;16384;measure;scatter;140.941;1.6325;139.308;0.00717698;0.00649782;135.209;0.0978796;0.0277234;0.0552553;3.88488;0.0199574;
48;16384;16384;measure;scatter;9.27608;1.28421;7.99186;0.0644032;0.00291586;4.27389;0.0271932;0.00598951;0.0533722;3.53722;0.0268803;
48;16384;16384;measure;scatter;140.024;1.40849;138.615;0.00527015;0.00452598;135.667;0.0409167;0.0179993;0.0456194;2.8071;0.0268296;
48;16384;16384;measure;scatter;137.615;1.54633;136.068;0.00706067;0.00723621;132.554;0.0618711;0.0539962;0.0174193;3.3513;0.0154162;
48;16384;16384;measure;scatter;78.4818;1.62124;76.8605;0.0300829;0.00859617;68.8455;0.0568986;0.0309258;0.0421553;7.81807;0.0282645;
48;16384;16384;measure;scatter;140.677;1.47296;139.204;0.00739135;0.00675462;135.243;0.112467;0.0519648;0.0625241;3.70146;0.0176463;
48;16384;16384;measure;scatter;142.526;1.65805;140.867;0.0205167;0.0163571;138.155;0.0531339;0.00589341;0.00691602;2.59478;0.0150828;
48;16384;16384;measure;scatter;138.763;1.69385;137.07;0.0300968;0.0428026;135.013;0.0511539;0.0322066;0.23944;1.64031;0.0207971;
48;16384;16384;measure;scatter;138.234;1.75752;136.477;0.0603141;0.0230949;132.123;0.0785561;0.0205927;0.0387715;4.1162;0.015786;
48;16384;16384;measure;scatter;8.77271;1.84304;6.92966;0.0134631;0.00624569;3.44654;0.045542;0.0108623;0.0157376;3.35444;0.0368274;
48;16384;16384;measure;scatter;139.663;1.42217;138.241;0.0191888;0.00333412;136.132;0.0424474;0.0118028;0.0330483;1.97834;0.0207005;
48;16384;16384;measure;scatter;9.80753;1.51489;8.29262;0.0331412;0.0701081;2.08606;0.0312144;0.00460218;0.0216446;6.02292;0.0229298;
48;16384;16384;measure;scatter;140.499;1.08432;139.414;0.0146138;0.00467148;133.305;0.0518494;0.0203203;0.0337663;5.95669;0.0269893;
48;16384;16384;measure;scatter;10.2308;1.65992;8.57083;0.0136313;0.00654717;3.33091;0.0137932;0.0138979;0.00473852;5.16424;0.0230666;
48;16384;16384;measure;scatter;239.79;1.41399;238.376;0.0198444;0.00314749;235.598;0.0556266;0.0126269;0.0250896;2.64799;0.013315;
48;16384;16384;measure;scatter;9.93087;1.71123;8.21961;0.0584826;0.00681227;2.99635;0.0892751;0.00650542;0.00365583;5.02098;0.0375524;
48;16384;16384;measure;scatter;140.556;1.47836;139.077;0.0075747;0.00539807;135.188;0.0528804;0.0204551;0.0798542;3.70504;0.0182337;
48;16384;16384;measure;scatter;8.72122;1.72464;6.99651;0.00418109;0.00625378;1.47483;0.0555323;0.00531085;0.00365918;5.4177;0.0290323;