n_threads;n_x;n_y;plan;comm_flag;total;initialization;fft_2d_total;first_fftw;first_split;first_comm;first_trans;second_fftw;second_split;second_comm;second_trans;
48;16384;16384;measure;scatter;1.80142;1.48054;0.320862;0.049612;0.0557611;0.000113934;0.0597096;0.0485896;0.0555385;8.2345e-05;0.0514549;
48;16384;16384;measure;scatter;1.88925;1.54958;0.339651;0.0493594;0.0557805;0.000144692;0.0597875;0.0663363;0.0556039;7.74348e-05;0.0525614;
48;16384;16384;measure;scatter;1.86737;1.53778;0.329575;0.0494895;0.0556762;0.000112712;0.0625687;0.0527401;0.0556295;7.4931e-05;0.053283;
48;16384;16384;measure;scatter;1.85109;1.5298;0.321272;0.049554;0.0558145;0.00017002;0.0595733;0.0489766;0.0556563;6.8669e-05;0.0514588;
48;16384;16384;measure;scatter;1.85563;1.53877;0.316838;0.0498741;0.0558521;0.000146285;0.0597216;0.043369;0.0558067;8.4098e-05;0.0519842;
48;16384;16384;measure;scatter;1.85118;1.53092;0.320218;0.049042;0.0558623;0.000130926;0.0596314;0.048201;0.0555618;7.09631e-05;0.0517181;
48;16384;16384;measure;scatter;1.85634;1.53737;0.318948;0.0500098;0.0555643;0.000153118;0.0588973;0.0479074;0.0553528;9.1752e-05;0.0509714;
48;16384;16384;measure;scatter;1.86281;1.54103;0.321762;0.0494466;0.0556701;0.000152436;0.0594889;0.0489931;0.0554106;7.04119e-05;0.0525299;
48;16384;16384;measure;scatter;1.85308;1.5372;0.315862;0.0491346;0.0559972;0.000124594;0.0593557;0.0429134;0.0557844;0.000382338;0.0521702;
48;16384;16384;measure;scatter;1.8616;1.54273;0.318821;0.0503075;0.0556985;0.000119815;0.0608353;0.042942;0.0559445;6.4922e-05;0.0529089;
48;16384;16384;measure;scatter;1.85555;1.53219;0.323344;0.051054;0.0557061;0.000140123;0.0600393;0.0484528;0.0558839;7.55212e-05;0.0519927;
48;16384;16384;measure;scatter;1.79894;1.46775;0.331176;0.0508863;0.054436;0.000189105;0.059634;0.062855;0.0556269;0.000394652;0.0471544;
48;16384;16384;measure;scatter;1.80022;1.47918;0.321021;0.0490875;0.0559105;0.000123613;0.0598587;0.0485316;0.0554886;7.09731e-05;0.0519492;
48;16384;16384;measure;scatter;1.87989;1.53709;0.342782;0.0491939;0.055862;0.000153649;0.0596015;0.0705615;0.0558083;8.9529e-05;0.0515115;
48;16384;16384;measure;scatter;1.85253;1.53145;0.321064;0.0504355;0.0557639;0.000119244;0.0596423;0.0476859;0.0557108;6.12051e-05;0.0516446;
48;16384;16384;measure;scatter;1.87214;1.53629;0.335835;0.0492429;0.0564027;8.2274e-05;0.059694;0.0625964;0.0556711;8.22139e-05;0.0520638;
48;16384;16384;measure;scatter;1.85702;1.53654;0.320414;0.0493715;0.0556185;0.000104256;0.0595831;0.0487463;0.055766;8.65629e-05;0.0511381;
48;16384;16384;measure;scatter;1.85314;1.53779;0.315325;0.048824;0.0559684;8.93879e-05;0.0595831;0.0434594;0.0557861;7.44802e-05;0.0515404;
48;16384;16384;measure;scatter;1.83463;1.51202;0.322595;0.0492459;0.0560975;0.000220284;0.060416;0.0484832;0.0556382;0.0003777;0.052116;
48;16384;16384;measure;scatter;1.85808;1.54219;0.315882;0.0498043;0.0563069;0.000110157;0.0593604;0.0429275;0.0558667;8.5711e-05;0.0514207;
48;16384;16384;measure;scatter;1.85755;1.53347;0.324056;0.0494653;0.0557449;0.000119585;0.0601552;0.0493788;0.0554162;7.01321e-05;0.0537063;
48;16384;16384;measure;scatter;1.84701;1.52647;0.320522;0.0483769;0.055742;0.000138611;0.0596464;0.0480475;0.0555742;7.8046e-05;0.0529179;
48;16384;16384;measure;scatter;1.79937;1.46806;0.331288;0.0515173;0.0532412;0.000114846;0.0578536;0.066087;0.0555346;0.000391195;0.0465487;
48;16384;16384;measure;scatter;1.78861;1.46967;0.318927;0.0491654;0.0561281;0.000172855;0.0586299;0.0475964;0.0557494;8.1433e-05;0.0514039;
48;16384;16384;measure;scatter;1.85172;1.53178;0.319922;0.0502179;0.0558728;0.000137269;0.05899;0.0476408;0.0554148;8.02611e-05;0.0515678;
48;16384;16384;measure;scatter;1.85667;1.53593;0.320721;0.0492003;0.0556495;0.000111028;0.0601329;0.0481717;0.0555275;5.69271e-05;0.0518712;
48;16384;16384;measure;scatter;1.85248;1.52887;0.323592;0.0489263;0.0558908;0.000101251;0.0592365;0.0518073;0.05562;6.79782e-05;0.0519415;
48;16384;16384;measure;scatter;1.78625;1.47136;0.314845;0.0516641;0.0553407;0.000105018;0.0593016;0.0429958;0.0568259;0.00040476;0.0482073;
48;16384;16384;measure;scatter;1.79598;1.47505;0.320911;0.0493106;0.0563527;0.000169789;0.0594481;0.0483869;0.0554619;6.03439e-05;0.0517211;
48;16384;16384;measure;scatter;1.85977;1.53817;0.321591;0.0494768;0.0559539;0.000104196;0.0595727;0.0481058;0.0557932;7.62029e-05;0.0525076;
48;16384;16384;measure;scatter;1.85099;1.53489;0.316078;0.0486056;0.0557371;0.0001065;0.0609028;0.0434666;0.0558686;8.79061e-05;0.0513032;
48;16384;16384;measure;scatter;1.84924;1.52817;0.321052;0.0488124;0.0558634;0.000108003;0.0604087;0.0486525;0.0555074;8.29359e-05;0.0516172;
48;16384;16384;measure;scatter;1.8641;1.52803;0.336056;0.0492762;0.0555597;0.000140804;0.0591349;0.063923;0.0555909;6.5553e-05;0.0523652;
48;16384;16384;measure;scatter;1.8737;1.53085;0.342832;0.0492683;0.0556684;0.000115958;0.0597194;0.0671134;0.0562661;6.90001e-05;0.0546119;
48;16384;16384;measure;scatter;1.86189;1.54666;0.315217;0.0496385;0.0554295;0.000141336;0.0587804;0.0434108;0.0554511;6.3359e-05;0.0523022;
48;16384;16384;measure;scatter;1.86273;1.5386;0.324114;0.0491809;0.0560501;7.0102e-05;0.059997;0.049162;0.0555953;7.34478e-05;0.0539855;
48;16384;16384;measure;scatter;1.85336;1.53593;0.317418;0.0501763;0.0557848;0.000160391;0.0599984;0.0440438;0.0555804;6.36501e-05;0.0516106;
48;16384;16384;measure;scatter;1.86506;1.5285;0.336513;0.0483848;0.0558871;0.000129654;0.059825;0.0638882;0.0554197;7.93489e-05;0.0528995;
48;16384;16384;measure;scatter;1.87655;1.53352;0.343014;0.0484678;0.0562504;0.000121358;0.0610895;0.0697726;0.055486;5.6396e-05;0.0517698;
48;16384;16384;measure;scatter;1.856;1.53447;0.321515;0.0494443;0.055325;0.000101561;0.059795;0.0483105;0.0556433;8.18339e-05;0.052814;
48;16384;16384;measure;scatter;1.8511;1.53055;0.320523;0.0491236;0.0558762;0.000168767;0.0603838;0.0480443;0.0555539;8.3707e-05;0.0512885;
48;16384;16384;measure;scatter;1.8526;1.53444;0.318146;0.050447;0.0556469;0.000124674;0.060132;0.043281;0.0559323;6.915e-05;0.0525128;
48;16384;16384;measure;scatter;1.85402;1.53315;0.320862;0.0483701;0.0556795;0.0001065;0.0602747;0.0483383;0.0566496;7.7616e-05;0.0513657;
48;16384;16384;measure;scatter;1.86649;1.5282;0.338277;0.0495242;0.0555885;0.000146376;0.0598707;0.0650436;0.0554118;7.96702e-05;0.0526123;
48;16384;16384;measure;scatter;1.85099;1.52996;0.321015;0.0490181;0.0557142;0.000167264;0.059674;0.0484997;0.0555715;7.453e-05;0.0522955;
48;16384;16384;measure;scatter;1.85676;1.53653;0.320205;0.0494416;0.0554713;9.6912e-05;0.0599008;0.0484431;0.0555539;8.16039e-05;0.051216;
48;16384;16384;measure;scatter;1.86389;1.54344;0.320434;0.0486296;0.0561213;0.000146746;0.0592558;0.0486559;0.0557319;0.000101942;0.0517912;
48;16384;16384;measure;scatter;1.85227;1.53161;0.320651;0.0487946;0.0559231;0.000206959;0.0598309;0.0479169;0.0553491;8.6071e-05;0.0525438;
48;16384;16384;measure;scatter;1.85796;1.54273;0.315205;0.0485248;0.0559941;0.000144622;0.0604062;0.0428135;0.0558783;7.8798e-05;0.0513646;
48;16384;16384;measure;scatter;1.7796;1.46575;0.313831;0.0506527;0.053451;0.000139372;0.0588806;0.0472534;0.0555368;0.000388931;0.0475278;
48;16384;16384;measure;scatter;6.60962;1.23605;5.37355;0.0422588;0.0416829;2.05303;0.0505616;0.0252553;0.0293873;3.06257;0.0688046;
48;16384;16384;measure;scatter;14.1396;1.19882;12.9408;0.026307;0.0291842;6.67311;0.0378506;0.023921;0.02499;6.06539;0.060032;
48;16384;16384;measure;scatter;13.5872;1.17803;12.4092;0.0403807;0.0467413;5.72072;0.042131;0.0243834;0.0286422;6.43723;0.0689477;
48;16384;16384;measure;scatter;6.90356;1.20535;5.69819;0.0410153;0.0414013;2.62107;0.0505461;0.0284179;0.0308201;2.82099;0.0639302;
48;16384;16384;measure;scatter;8.69215;1.22436;7.46777;0.0410658;0.0372983;2.88042;0.0509819;0.02556;0.0289963;4.33158;0.0718693;
48;16384;16384;measure;scatter;9.508;1.20859;8.2994;0.0263403;0.0293278;4.09641;0.049978;0.0257564;0.0472792;3.95758;0.0667269;
48;16384;16384;measure;scatter;9.78751;1.16641;8.62108;0.0400707;0.0482791;3.49041;0.0574822;0.0324834;0.0421643;4.85225;0.0579382;
48;16384;16384;measure;scatter;10.2356;1.16674;9.06884;0.0398095;0.0339666;1.99053;0.044686;0.0311829;0.0318982;6.8318;0.0649683;
48;16384;16384;measure;scatter;7.78579;1.20004;6.58573;0.0423275;0.0336243;2.94151;0.0504389;0.0249148;0.0297662;3.40325;0.059894;
48;16384;16384;measure;scatter;7.2962;1.20748;6.08868;0.0424201;0.0412252;3.09118;0.0506262;0.0290112;0.0292531;2.74126;0.0637075;
48;16384;16384;measure;scatter;11.0912;1.17588;9.91534;0.0258872;0.0291921;3.74664;0.0454045;0.0326697;0.0286022;5.94802;0.05893;
48;16384;16384;measure;scatter;9.42447;1.17784;8.2466;0.0397232;0.0497628;3.47447;0.0450186;0.0312419;0.0321317;4.49906;0.075185;
48;16384;16384;measure;scatter;11.7945;1.21907;10.5754;0.0410536;0.0397987;2.86998;0.0504495;0.0289714;0.0290968;7.45008;0.0659994;
48;16384;16384;measure;scatter;13.4561;1.21497;12.2411;0.0418575;0.0413285;6.98981;0.0388845;0.0240752;0.0257661;5.02051;0.0589141;
48;16384;16384;measure;scatter;9.11386;1.20598;7.90787;0.0410874;0.0430758;3.3214;0.0512467;0.0256373;0.0294944;4.33501;0.0609154;
48;16384;16384;measure;scatter;7.87683;1.20544;6.67137;0.0432223;0.0371887;2.63811;0.0507607;0.0263086;0.0298153;3.77678;0.069186;
48;16384;16384;measure;scatter;14.0526;1.21198;12.8406;0.0412176;0.0361595;6.19545;0.0410349;0.0239727;0.0275907;6.41568;0.0595166;
48;16384;16384;measure;scatter;9.66374;1.178;8.48572;0.0280028;0.0276698;3.0472;0.046183;0.03892;0.0394108;5.20101;0.057324;
48;16384;16384;measure;scatter;11.855;1.18317;10.6718;0.0279371;0.0276966;4.10605;0.0403751;0.0298085;0.0307963;6.34654;0.0625777;
48;16384;16384;measure;scatter;8.57884;1.19643;7.38239;0.0430898;0.0420379;4.48593;0.0497751;0.0250755;0.0289597;2.64521;0.0623122;
48;16384;16384;measure;scatter;13.4774;1.20342;12.2739;0.0434072;0.0411126;4.85709;0.0461343;0.0270455;0.030116;7.16637;0.0626664;
48;16384;16384;measure;scatter;7.21068;1.2199;5.99077;0.0262066;0.029033;3.0111;0.0506483;0.0267288;0.0294267;2.74599;0.0716388;
48;16384;16384;measure;scatter;13.3708;1.20241;12.1684;0.0431476;0.0419649;6.9748;0.0423147;0.0236484;0.0262593;4.95058;0.0656575;
48;16384;16384;measure;scatter;10.9853;1.19702;9.78825;0.0253018;0.0293548;1.48209;0.0438479;0.0258445;0.0290929;8.09318;0.0595387;
48;16384;16384;measure;scatter;7.49145;1.19889;6.29249;0.043941;0.0416773;2.37218;0.050222;0.0256823;0.030548;3.663;0.0652391;
48;16384;16384;measure;scatter;9.82531;1.17927;8.64603;0.0401292;0.0414388;4.05826;0.0430962;0.0338529;0.0275267;4.32891;0.0728194;
48;16384;16384;measure;scatter;14.928;1.16955;13.7585;0.0282474;0.0285644;6.3232;0.0435493;0.0297855;0.0264744;7.21721;0.0614283;
48;16384;16384;measure;scatter;10.9608;1.20069;9.76013;0.0418662;0.0419473;4.65267;0.0504739;0.0244331;0.0294238;4.86005;0.0592613;
48;16384;16384;measure;scatter;12.1841;1.17865;11.0054;0.0400992;0.0335331;4.07398;0.0528915;0.033633;0.0511789;6.65579;0.0643349;
48;16384;16384;measure;scatter;14.7124;1.19546;13.517;0.0263909;0.0290989;6.94577;0.0390395;0.0236952;0.0266984;6.37124;0.0550223;
48;16384;16384;measure;scatter;15.6571;1.22156;14.4355;0.0420998;0.0415473;6.6034;0.0391649;0.0237442;0.0254504;7.61044;0.0496556;
48;16384;16384;measure;scatter;15.3807;1.20886;14.1719;0.0408282;0.0295961;7.03702;0.036707;0.0247353;0.0241887;6.9238;0.0549933;
48;16384;16384;measure;scatter;15.4213;1.21476;14.2066;0.0430348;0.0408997;6.58601;0.0378272;0.0241786;0.0245542;7.37969;0.0703778;
48;16384;16384;measure;scatter;8.3159;1.22057;7.09531;0.0413108;0.0313123;3.52715;0.0511702;0.0259487;0.0292176;3.32687;0.0623338;
48;16384;16384;measure;scatter;11.0186;1.18258;9.83599;0.0403377;0.0359743;4.11478;0.0522237;0.0293333;0.050674;5.44685;0.0658132;
48;16384;16384;measure;scatter;15.3695;1.22181;14.1477;0.0411913;0.0318258;6.63633;0.0402247;0.023578;0.0259673;7.28596;0.0626107;
48;16384;16384;measure;scatter;9.61732;1.175;8.4423;0.0254145;0.0293144;3.62609;0.0449581;0.0440461;0.0334707;4.57721;0.0617962;
48;16384;16384;measure;scatter;9.23373;1.20992;8.02377;0.0402205;0.0325342;3.50572;0.055416;0.0263456;0.0300616;4.26743;0.0660485;
48;16384;16384;measure;scatter;11.2974;1.21565;10.0818;0.0400952;0.0419079;4.64339;0.050528;0.0262769;0.0290541;5.1913;0.0591931;
48;16384;16384;measure;scatter;11.4778;1.21063;10.2672;0.0410886;0.0420863;5.40927;0.040149;0.0254829;0.0275434;4.6182;0.0633787;
48;16384;16384;measure;scatter;9.49369;1.17981;8.31386;0.0398744;0.0360998;4.04172;0.0456897;0.03852;0.0388988;4.00933;0.0637336;
48;16384;16384;measure;scatter;8.41522;1.18154;7.23367;0.0401651;0.046471;3.51969;0.0450726;0.0346562;0.0373226;3.44336;0.0669311;
48;16384;16384;measure;scatter;11.9327;1.17589;10.7568;0.0406316;0.0491628;4.49417;0.0522064;0.0412249;0.0344675;5.98071;0.0642092;
48;16384;16384;measure;scatter;14.0032;1.18416;12.8191;0.0399189;0.0338534;4.55998;0.0658061;0.0383779;0.0357818;7.98886;0.0564902;
48;16384;16384;measure;scatter;9.99569;1.17789;8.81778;0.0405205;0.0454507;2.87972;0.0514834;0.0319891;0.0284376;5.67159;0.0685909;
48;16384;16384;measure;scatter;9.90537;1.17481;8.73054;0.0406457;0.0353386;3.52077;0.0639588;0.0434752;0.0397337;4.92305;0.0635657;
48;16384;16384;measure;scatter;9.56685;1.1951;8.37173;0.0241961;0.0284164;2.91836;0.0449426;0.0296093;0.029393;5.23745;0.0593662;
48;16384;16384;measure;scatter;11.9759;1.18188;10.794;0.0405401;0.0345106;4.56705;0.054122;0.0410002;0.0364969;5.96001;0.0602396;
48;16384;16384;measure;scatter;12.6278;1.20556;11.4222;0.0429876;0.041943;5.8052;0.0419109;0.0273053;0.028775;5.36682;0.0672358;
48;16384;16384;measure;scatter;12.1669;1.21985;10.947;0.0430339;0.0342884;6.1568;0.0440075;0.0245745;0.0280389;4.5578;0.0584481;
48;16384;16384;measure;scatter;7.21664;1.03977;6.17686;0.0160801;0.0131656;2.79758;0.0517639;0.0125665;0.0125658;3.22432;0.0488089;
48;16384;16384;measure;scatter;7.71979;1.03865;6.68113;0.0151356;0.0130282;1.92961;0.0538742;0.0155045;0.0167611;4.58898;0.0482332;
48;16384;16384;measure;scatter;5.81828;1.04549;4.77273;0.0212093;0.0214284;1.90234;0.0606604;0.0149852;0.0170758;2.67273;0.0623057;
48;16384;16384;measure;scatter;5.13799;1.04929;4.08868;0.0139871;0.0127595;1.37492;0.0559187;0.0146588;0.0171183;2.54959;0.0497298;
48;16384;16384;measure;scatter;5.36419;1.07221;4.29196;0.0139245;0.0122751;1.86677;0.0519419;0.013157;0.0162153;2.26379;0.0538888;
48;16384;16384;measure;scatter;13.0316;1.04753;11.984;0.0152994;0.013196;8.86094;0.053538;0.0124987;0.0225885;2.93888;0.0670977;
48;16384;16384;measure;scatter;9.75992;1.04128;8.71862;0.0157949;0.0139065;2.44533;0.0536098;0.0129714;0.013818;6.10361;0.059583;
48;16384;16384;measure;scatter;5.70042;1.04984;4.65056;0.015037;0.0128126;1.7171;0.0529154;0.0129322;0.0162524;2.76419;0.059319;
48;16384;16384;measure;scatter;5.36795;1.04877;4.31916;0.0136692;0.0122114;1.45305;0.055572;0.0150699;0.01583;2.70416;0.0496031;
48;16384;16384;measure;scatter;6.2224;1.06359;5.1588;0.0148736;0.012468;2.17303;0.0526603;0.0132239;0.0159351;2.8172;0.0594099;
48;16384;16384;measure;scatter;7.21333;1.05486;6.15844;0.0150293;0.0122615;1.97994;0.0511321;0.0126601;0.0174134;4.01057;0.059433;
48;16384;16384;measure;scatter;9.54843;1.05137;8.49703;0.0155475;0.0132944;2.58877;0.0555864;0.0148995;0.0147102;5.74037;0.0538564;
48;16384;16384;measure;scatter;5.65308;1.0432;4.60986;0.0151996;0.0134524;1.88702;0.0504995;0.0137544;0.0143848;2.55588;0.0596642;
48;16384;16384;measure;scatter;9.39247;1.05255;8.3399;0.0158466;0.0135589;3.58561;0.0508869;0.0130452;0.0125608;4.58464;0.0637492;
48;16384;16384;measure;scatter;6.02757;1.04063;4.98692;0.0149301;0.0127698;2.47575;0.0497873;0.0124133;0.0142667;2.34622;0.0607802;
48;16384;16384;measure;scatter;12.3273;1.03651;11.2907;0.0160862;0.0133188;7.37229;0.0574063;0.0124966;0.0246647;3.74279;0.0516724;
48;16384;16384;measure;scatter;5.91885;1.04216;4.87667;0.0220418;0.0211636;1.70026;0.05393;0.025305;0.0231964;2.96576;0.0650131;
48;16384;16384;measure;scatter;5.26077;1.04216;4.21858;0.0150892;0.0130139;1.74381;0.0530636;0.0149012;0.0132224;2.30184;0.0636397;
48;16384;16384;measure;scatter;7.59121;1.04119;6.55001;0.0154435;0.0135929;2.00388;0.0524099;0.012523;0.0149259;4.37949;0.0577404;
48;16384;16384;measure;scatter;7.40168;1.04974;6.35192;0.015006;0.0121601;2.25311;0.0505188;0.0126784;0.0157283;3.93041;0.0623077;
48;16384;16384;measure;scatter;8.36706;1.05657;7.31045;0.0211036;0.0185498;1.783;0.0523702;0.0219127;0.0166563;5.33631;0.0605446;
48;16384;16384;measure;scatter;5.01877;1.0578;3.96095;0.0207605;0.0184378;1.98686;0.0702297;0.0238718;0.0167871;1.75725;0.0667419;
48;16384;16384;measure;scatter;5.5986;1.04942;4.54916;0.0139079;0.0125488;1.85924;0.0504262;0.0125181;0.0178064;2.53271;0.0500081;
48;16384;16384;measure;scatter;6.89475;1.05801;5.83671;0.0136509;0.0135484;2.16444;0.0518492;0.0128146;0.0148267;3.51001;0.0555676;
48;16384;16384;measure;scatter;8.79343;1.05185;7.74156;0.0209402;0.0166744;2.52691;0.0509704;0.0227548;0.0149968;5.02967;0.0586418;
48;16384;16384;measure;scatter;6.35024;1.04488;5.30534;0.0155229;0.0133214;2.96467;0.0493975;0.0128351;0.012753;2.17818;0.0586676;
48;16384;16384;measure;scatter;9.14118;1.0604;8.08076;0.0148361;0.0125871;3.93931;0.0518467;0.0125939;0.0138456;3.98465;0.0510957;
48;16384;16384;measure;scatter;5.57003;1.05267;4.51735;0.0142421;0.01331;2.58226;0.0512143;0.0256086;0.0137821;1.76117;0.0557655;
48;16384;16384;measure;scatter;11.6816;1.0473;10.6342;0.0152882;0.0132692;8.0541;0.0511998;0.0130958;0.0159268;2.41458;0.0567879;
48;16384;16384;measure;scatter;9.49229;1.05076;8.44152;0.0148684;0.0124171;1.99188;0.0520406;0.0138549;0.0149188;6.28034;0.0611925;
48;16384;16384;measure;scatter;9.3624;1.04763;8.31474;0.0152913;0.0133959;2.20936;0.0507836;0.0138561;0.0137248;5.93329;0.0650461;
48;16384;16384;measure;scatter;6.13428;1.05975;5.07452;0.0139777;0.0130582;1.44059;0.0604142;0.0171385;0.0159531;3.46045;0.0529305;
48;16384;16384;measure;scatter;9.49499;1.06032;8.43465;0.0150807;0.0128687;2.84812;0.0525182;0.0126493;0.0122667;5.42072;0.060425;
48;16384;16384;measure;scatter;11.1006;1.04387;10.0567;0.0153918;0.0133055;3.04082;0.0528412;0.0125812;0.0121517;6.83773;0.0719191;
48;16384;16384;measure;scatter;7.31439;1.05366;6.2607;0.0212036;0.0212853;2.797;0.050335;0.0126234;0.0139877;3.28347;0.0607984;
48;16384;16384;measure;scatter;6.66931;1.04678;5.6225;0.0152035;0.0130494;1.83143;0.0502253;0.0124444;0.0142081;3.62198;0.0639624;
48;16384;16384;measure;scatter;6.09469;1.03261;5.06206;0.0153067;0.0123653;2.17151;0.0510149;0.0154379;0.0123063;2.73503;0.0490866;
48;16384;16384;measure;scatter;10.5946;1.04131;9.55325;0.0156809;0.012711;2.58283;0.0560217;0.0130881;0.0146905;6.78783;0.0703929;
48;16384;16384;measure;scatter;6.02531;1.04343;4.98186;0.0152068;0.0130935;2.03457;0.0502703;0.012431;0.0136181;2.78558;0.0570867;
48;16384;16384;measure;scatter;10.1361;1.05725;9.07879;0.0155353;0.0121446;2.03306;0.0530436;0.0129548;0.0311182;6.86361;0.0573255;
48;16384;16384;measure;scatter;6.09905;1.0621;5.03693;0.0139827;0.0130697;1.76203;0.0571481;0.0128286;0.0133626;3.1096;0.0549034;
48;16384;16384;measure;scatter;7.04429;1.06015;5.98411;0.0145036;0.0128054;3.48969;0.0578225;0.0127088;0.0187577;2.32045;0.0573708;
48;16384;16384;measure;scatter;8.19782;1.04115;7.15666;0.0158656;0.0121346;2.42616;0.0523368;0.0151219;0.0134281;4.56514;0.0564682;
48;16384;16384;measure;scatter;10.274;1.04973;9.22426;0.0152972;0.0131347;3.88658;0.0531365;0.0125324;0.0125761;5.16958;0.0614162;
48;16384;16384;measure;scatter;13.9284;1.04248;12.8859;0.0154082;0.0132058;8.68323;0.0540679;0.0124445;0.0253867;4.02897;0.0531662;
48;16384;16384;measure;scatter;4.7143;1.05503;3.65922;0.0140063;0.0125894;1.44629;0.0563088;0.0152538;0.0155605;2.04407;0.0551378;
48;16384;16384;measure;scatter;8.22364;1.04631;7.1773;0.0155846;0.0125006;2.55031;0.0569187;0.0129566;0.0137357;4.45957;0.0557206;
48;16384;16384;measure;scatter;9.16703;1.03387;8.13314;0.0152063;0.0128412;2.39848;0.049792;0.0126622;0.0133029;5.56694;0.0639162;
48;16384;16384;measure;scatter;7.94351;1.04475;6.89873;0.0148808;0.0125555;2.08795;0.0503386;0.0132846;0.0134828;4.6487;0.0575401;
48;16384;16384;measure;scatter;7.59104;1.05393;6.5371;0.0212997;0.0130686;2.20955;0.0513663;0.0134337;0.0138728;4.14601;0.0684934;
48;16384;16384;measure;scatter;4.39105;0.967105;3.42393;0.00899756;0.00677981;1.40741;0.0411896;0.0091368;0.00959314;1.89691;0.0439192;
48;16384;16384;measure;scatter;4.92273;0.971347;3.95136;0.0134918;0.0383201;1.75158;0.0427187;0.0244116;0.0081046;2.033;0.0397304;
48;16384;16384;measure;scatter;3.86261;0.960767;2.90181;0.0124674;0.0379888;1.3193;0.0357409;0.0131312;0.0109695;1.39743;0.0747879;
48;16384;16384;measure;scatter;4.95544;0.987778;3.96764;0.0449279;0.525496;1.05823;0.0417329;0.00992387;0.0116796;2.22522;0.0504321;
48;16384;16384;measure;scatter;3.9315;0.96875;2.96269;0.0393587;0.0219594;1.45011;0.0396697;0.0270957;0.00895046;1.31428;0.0612661;
48;16384;16384;measure;scatter;4.70625;0.971948;3.73428;0.0128955;0.0360926;1.37311;0.0355058;0.013582;0.00913184;2.20646;0.0475024;
48;16384;16384;measure;scatter;4.48925;0.961492;3.52769;0.0148137;0.0444876;1.40736;0.0407318;0.0175596;0.00840789;1.9544;0.0399345;
48;16384;16384;measure;scatter;4.57723;0.984355;3.59285;0.0110656;0.0359797;1.3301;0.0409991;0.0415259;0.00715884;2.08469;0.041339;
48;16384;16384;measure;scatter;5.17614;0.9663;4.20981;0.0097334;0.0367322;1.64132;0.0451595;0.00919723;0.0114848;2.41419;0.0419966;
48;16384;16384;measure;scatter;5.243;0.974898;4.26808;0.0145912;0.0385192;2.11327;0.0664632;0.0149953;0.0134762;1.96953;0.0372291;
48;16384;16384;measure;scatter;5.13256;0.970267;4.16226;0.0146047;0.0414027;1.90584;0.043245;0.0134655;0.0141028;2.09251;0.0370933;
48;16384;16384;measure;scatter;4.63281;0.961986;3.6708;0.0103247;0.0380061;1.54183;0.0635752;0.0170358;0.015256;1.93892;0.0458466;
48;16384;16384;measure;scatter;5.55731;0.989881;4.5674;0.0482386;0.416818;1.82009;0.0404886;0.0108081;0.0165464;2.17343;0.0409795;
48;16384;16384;measure;scatter;4.77448;0.963517;3.81091;0.013854;0.038812;1.35028;0.0418407;0.0196446;0.00961439;2.30197;0.0348999;
48;16384;16384;measure;scatter;4.71999;0.982358;3.73761;0.0138788;0.0364233;1.59767;0.0351645;0.00976578;0.00990602;1.99461;0.0401842;
48;16384;16384;measure;scatter;4.84101;0.949877;3.89112;0.0113405;0.0351912;1.31471;0.0427575;0.0141543;0.0091296;2.42374;0.0400972;
48;16384;16384;measure;scatter;4.5899;0.96246;3.62739;0.0125887;0.0402038;1.29183;0.0415204;0.0112466;0.0252173;2.15952;0.0452632;
48;16384;16384;measure;scatter;4.75766;0.97216;3.78548;0.0202744;0.0380416;1.60402;0.0368719;0.0296984;0.00826822;1.99473;0.0535792;
48;16384;16384;measure;scatter;5.32978;0.972857;4.35688;0.0129053;0.0395334;1.56514;0.156407;0.013449;0.00776306;2.51635;0.0453391;
48;16384;16384;measure;scatter;5.38071;0.980936;4.39974;0.017516;0.0372529;1.99385;0.0632812;0.0147187;0.0176104;2.21637;0.0391391;
48;16384;16384;measure;scatter;5.31426;0.988898;4.32533;0.0541052;0.884132;1.03164;0.0868304;0.00989999;0.0153583;2.18249;0.0608769;
48;16384;16384;measure;scatter;4.74501;0.981556;3.76343;0.0132685;0.0376618;1.4061;0.0664137;0.0100897;0.00737726;2.17534;0.0471826;
48;16384;16384;measure;scatter;4.72045;0.953222;3.76718;0.00822941;0.00700186;1.46561;0.0324484;0.0136146;0.0121808;2.17794;0.0501569;
48;16384;16384;measure;scatter;4.11528;0.959945;3.15531;0.00918713;0.0360351;1.4711;0.0520921;0.0099374;0.0074579;1.53684;0.0326626;
48;16384;16384;measure;scatter;4.82033;0.975989;3.84431;0.00959087;0.042116;1.40102;0.0361201;0.0224255;0.00886406;2.28319;0.0409883;
48;16384;16384;measure;scatter;4.14778;0.983503;3.16425;0.0447427;0.0513649;1.43789;0.037357;0.0144905;0.00885109;1.52007;0.0494855;
48;16384;16384;measure;scatter;5.15158;0.959895;4.19165;0.00849139;0.00687286;1.57025;0.0611591;0.00983763;0.00871601;2.4842;0.0421274;
48;16384;16384;measure;scatter;4.84884;0.963575;3.88524;0.00873686;0.00717468;1.80887;0.0401019;0.0256301;0.0127536;1.94221;0.0397687;
48;16384;16384;measure;scatter;3.74706;0.971079;2.77594;0.00879345;0.04413;1.30264;0.0318881;0.0102572;0.00792722;1.32158;0.0487209;
48;16384;16384;measure;scatter;5.60823;0.983613;4.6246;0.0096687;0.0332787;1.65376;0.0331657;0.0106589;0.0108377;2.83762;0.0356229;
48;16384;16384;measure;scatter;4.0522;0.986222;3.06592;0.0104597;0.0434622;1.68457;0.0337172;0.00987476;0.00786141;1.21379;0.0621884;
48;16384;16384;measure;scatter;5.32671;0.973694;4.35298;0.0477176;0.131455;1.57647;0.0381613;0.0509944;0.00931618;2.43523;0.0636482;
48;16384;16384;measure;scatter;5.26111;0.990144;4.27094;0.0125634;0.0360942;1.66212;0.0361342;0.00955208;0.00802156;2.47177;0.0346821;
48;16384;16384;measure;scatter;4.12201;0.969201;3.15279;0.0120134;0.00707954;1.49497;0.0388806;0.0242107;0.0125774;1.50397;0.0590891;
48;16384;16384;measure;scatter;4.69492;0.972827;3.72207;0.0175584;0.0386622;1.54458;0.0494281;0.0162298;0.00808902;1.98787;0.0596462;
48;16384;16384;measure;scatter;4.1781;0.960109;3.21794;0.0152929;0.042814;1.37085;0.0378461;0.018321;0.00872863;1.68358;0.0405132;
48;16384;16384;measure;scatter;4.36438;0.968488;3.39587;0.0138097;0.0388605;1.66076;0.0309642;0.0152327;0.0103625;1.58954;0.0363536;
48;16384;16384;measure;scatter;5.23413;0.975938;4.25817;0.0168735;0.0377478;1.9222;0.0342483;0.00840093;0.0128625;2.17915;0.0466792;
48;16384;16384;measure;scatter;5.37452;0.985353;4.38915;0.012683;0.0407733;2.00096;0.0443879;0.0100544;0.0130703;2.21062;0.0566037;
48;16384;16384;measure;scatter;5.30183;0.972758;4.32906;0.015504;0.0324986;1.44053;0.0674074;0.0110029;0.00892121;2.68337;0.069824;
48;16384;16384;measure;scatter;4.73489;0.972131;3.76273;0.0145826;0.0568951;1.51571;0.0354867;0.0149224;0.0122412;2.07708;0.0358095;
48;16384;16384;measure;scatter;9.83597;0.977044;8.85891;0.0162431;0.0366155;6.48896;0.0606446;0.0141241;0.0190471;2.17223;0.0510464;
48;16384;16384;measure;scatter;4.69672;0.967333;3.72936;0.00969199;0.042051;1.48357;0.034178;0.0250645;0.00843877;2.08367;0.0426965;
48;16384;16384;measure;scatter;5.12903;0.970055;4.15896;0.011153;0.0404428;1.40844;0.107448;0.00916896;0.00902748;2.5326;0.0406733;
48;16384;16384;measure;scatter;4.43478;0.974394;3.46036;0.015156;0.0479924;1.24202;0.0359549;0.0125522;0.0262551;2.03804;0.0423963;
48;16384;16384;measure;scatter;4.26542;0.989588;3.2758;0.0135766;0.0445803;1.52721;0.067752;0.00983293;0.00932507;1.54442;0.0591075;
48;16384;16384;measure;scatter;4.63868;0.960697;3.67797;0.0124794;0.0333577;1.64152;0.035465;0.0152755;0.0128486;1.88454;0.0424858;
48;16384;16384;measure;scatter;6.04689;0.965601;5.08124;0.00992658;0.00706697;2.05998;0.0383593;0.0110742;0.015901;2.87729;0.0616415;
48;16384;16384;measure;scatter;4.46129;0.964911;3.49636;0.00960669;0.00685694;1.47789;0.0486315;0.00946796;0.0313908;1.84177;0.0707549;
48;16384;16384;measure;scatter;4.71145;0.95642;3.75501;0.0105453;0.0379346;1.72706;0.0333028;0.0134634;0.0116344;1.88948;0.0315951;
48;16384;16384;measure;scatter;4.69278;0.967531;3.72523;0.0937336;1.02168;0.531388;0.0325141;0.00532997;0.0144537;1.9999;0.0262281;
48;16384;16384;measure;scatter;4.19021;0.941659;3.24853;0.0939492;1.15153;0.235518;0.0417185;0.12249;0.381691;1.18061;0.0410274;
48;16384;16384;measure;scatter;4.07623;0.950674;3.12551;0.106858;0.954485;0.537466;0.0254537;0.00593218;0.0203917;1.36669;0.108225;
48;16384;16384;measure;scatter;4.66007;0.960984;3.69908;0.107464;1.04852;0.650803;0.0470242;0.0067995;0.0224352;1.78521;0.0308209;
48;16384;16384;measure;scatter;4.47063;0.949656;3.52092;0.116622;1.15529;0.231312;0.0409;0.00650536;0.0274641;1.87868;0.0641438;
48;16384;16384;measure;scatter;4.30899;0.918684;3.39025;0.113784;1.04608;0.492404;0.0355887;0.00571296;0.0210337;1.64365;0.0319957;
48;16384;16384;measure;scatter;4.02916;0.954582;3.07455;0.115338;0.823064;0.58525;0.0367296;0.00511568;0.0229348;1.44775;0.038369;
48;16384;16384;measure;scatter;4.12234;0.962776;3.15954;0.131356;1.04898;0.531184;0.0284908;0.005061;0.0191498;1.30875;0.086565;
48;16384;16384;measure;scatter;4.65556;0.974248;3.68129;0.110822;1.07712;0.452606;0.0274101;0.00518216;0.0195384;1.96518;0.0234378;
48;16384;16384;measure;scatter;4.39383;0.952322;3.44149;0.100363;0.991388;0.595043;0.0372004;0.00774393;0.00915602;1.59418;0.106422;
48;16384;16384;measure;scatter;3.82464;0.947489;2.87712;0.118506;0.930169;0.338128;0.0398496;0.00636594;0.0250236;1.40167;0.0174033;
48;16384;16384;measure;scatter;4.46727;0.965023;3.50222;0.114619;1.00609;0.737942;0.0225392;0.00556215;0.0281466;1.55655;0.0307637;
48;16384;16384;measure;scatter;4.53347;0.947413;3.58604;0.121117;0.788845;0.823106;0.174185;0.0416846;0.787162;0.817621;0.0323145;
48;16384;16384;measure;scatter;4.58601;0.969468;3.61653;0.107036;1.10919;0.567538;0.0242229;0.00536955;0.021527;1.76302;0.018627;
48;16384;16384;measure;scatter;4.20934;0.956655;3.25266;0.114664;1.08615;0.543048;0.0311572;0.00524008;0.0178442;1.433;0.0215675;
48;16384;16384;measure;scatter;4.0657;0.934014;3.13163;0.113925;0.869155;0.478087;0.0560786;0.0077716;0.02268;1.5285;0.0554292;
48;16384;16384;measure;scatter;4.40126;0.952636;3.4486;0.0985165;1.07262;0.530452;0.026474;0.00634968;0.0238516;1.64634;0.0439964;
48;16384;16384;measure;scatter;4.46073;0.959019;3.5017;0.0937519;0.832032;0.732926;0.0311069;0.00498525;0.0213152;1.75613;0.0294483;
48;16384;16384;measure;scatter;4.34751;0.950234;3.39722;0.108241;1.03341;0.377163;0.0264885;0.00576252;0.0274854;1.75851;0.0601643;
48;16384;16384;measure;scatter;4.10927;0.941916;3.16733;0.117688;1.02622;0.109178;0.137115;0.00982861;0.03037;1.69244;0.0444953;
48;16384;16384;measure;scatter;4.33439;0.944166;3.39018;0.10263;0.875531;0.687169;0.028979;0.0071112;0.0181579;1.64051;0.0300981;
48;16384;16384;measure;scatter;4.13238;0.956609;3.17575;0.108753;0.8692;0.659366;0.0239527;0.00687572;0.0196703;1.44717;0.0407602;
48;16384;16384;measure;scatter;4.30791;0.937848;3.37005;0.0920654;1.03683;0.520298;0.0343478;0.00954587;0.0292976;1.61828;0.0293856;
48;16384;16384;measure;scatter;4.0781;0.931725;3.14635;0.124842;0.772757;0.64501;0.0280819;0.00550758;0.0252892;1.51407;0.0307903;
48;16384;16384;measure;scatter;4.54744;0.972939;3.57448;0.095827;1.1105;0.60985;0.0268365;0.00751453;0.0202839;1.6645;0.0391619;
48;16384;16384;measure;scatter;4.47209;0.951499;3.52052;0.0990746;1.00739;0.633353;0.0352029;0.00605966;0.0246304;1.68415;0.0306654;
48;16384;16384;measure;scatter;4.17739;0.963084;3.21429;0.104218;1.0936;0.352502;1.36484;0.00564274;0.0246009;0.0613063;0.207579;
48;16384;16384;measure;scatter;4.18291;0.956432;3.22646;0.0914527;1.0367;0.486626;0.0375499;0.00584562;0.02238;1.51389;0.032017;
48;16384;16384;measure;scatter;4.70996;0.933263;3.77664;0.0934709;1.01751;0.704871;0.235319;0.0376025;0.257531;1.39544;0.0348985;
48;16384;16384;measure;scatter;3.63961;0.908752;2.73083;0.105848;0.865466;0.103114;0.217383;0.016995;0.0297879;1.29267;0.0995665;
48;16384;16384;measure;scatter;4.10416;0.968362;3.13579;0.10027;1.04449;0.485294;0.0250088;0.00747282;0.0255779;1.35785;0.0898269;
48;16384;16384;measure;scatter;4.25922;0.935654;3.32351;0.110772;0.923423;0.624148;0.0315648;0.00644604;0.0170903;1.58087;0.0291942;
48;16384;16384;measure;scatter;4.35054;0.938146;3.41238;0.0841919;1.03498;0.583462;0.0295638;0.00713775;0.0183518;1.62369;0.0309961;
48;16384;16384;measure;scatter;3.91585;0.948236;2.96756;0.0987308;0.833324;0.40403;0.0367474;0.0105818;0.00645212;1.54953;0.0281673;
48;16384;16384;measure;scatter;4.858;0.962052;3.89592;0.0883837;1.00609;0.618998;0.0335992;0.00597299;0.0191237;2.07535;0.0483987;
48;16384;16384;measure;scatter;3.90144;0.903682;2.99775;0.00820454;0.00427713;1.39202;0.0346427;0.00879054;0.0287882;1.49061;0.0304079;
48;16384;16384;measure;scatter;4.39363;0.996121;3.39747;0.0521113;1.02053;0.437032;0.0430076;0.0083481;0.0240528;1.78741;0.0249721;
48;16384;16384;measure;scatter;4.65765;0.957283;3.70033;0.114988;1.14055;0.211042;0.0333557;0.00402037;0.0165071;2.1334;0.046467;
48;16384;16384;measure;scatter;4.48585;0.93051;3.55533;0.132743;1.03377;0.628783;0.0365044;0.00560986;0.0263691;1.65777;0.0337761;
48;16384;16384;measure;scatter;4.45488;0.931198;3.52366;0.107174;1.08458;0.588859;0.032972;0.00587034;0.0276976;1.64316;0.0333529;
48;16384;16384;measure;scatter;4.63164;0.944076;3.68755;0.10793;0.887083;0.878637;0.0315253;0.00601196;0.0266;1.68327;0.0664927;
48;16384;16384;measure;scatter;3.85833;0.943197;2.91512;0.117402;0.898714;0.378505;0.0322433;0.00754435;0.0253895;1.4294;0.0259173;
48;16384;16384;measure;scatter;4.31711;0.944008;3.37309;0.110764;0.963267;0.692648;0.0240804;0.00702868;0.0276096;1.51694;0.0307593;
48;16384;16384;measure;scatter;5.07472;0.944754;4.12995;0.112707;1.03945;1.10679;0.0686178;0.0106668;0.0506934;1.71185;0.029184;
48;16384;16384;measure;scatter;4.38643;0.968747;3.41765;0.109414;0.840991;0.781026;0.0286653;0.00495421;0.0199024;1.5983;0.0343945;
48;16384;16384;measure;scatter;4.30654;0.972272;3.33425;0.139383;1.03737;0.609105;0.0259011;0.00510849;0.0120832;1.47498;0.0303161;
48;16384;16384;measure;scatter;4.15045;0.957691;3.19275;0.110614;1.07172;0.197256;0.0476391;0.0117382;0.0276113;1.62627;0.0999003;
48;16384;16384;measure;scatter;4.43395;0.962923;3.47102;0.105793;1.05546;0.550784;0.0388809;0.00596543;0.0160234;1.66093;0.0371853;
48;16384;16384;measure;scatter;4.62743;0.94942;3.67798;0.127135;1.11767;0.614132;0.0346906;0.00562158;0.017065;1.73323;0.0284404;
48;16384;16384;measure;scatter;4.40224;0.926328;3.47589;0.105082;1.02588;0.593377;0.0331352;0.00733485;0.0267935;1.65521;0.0290743;