n_threads;n_x;n_y;plan;comm_flag;total;initialization;fft_2d_total;first_fftw;first_split;first_comm;first_trans;second_fftw;second_split;second_comm;second_trans;
48;16384;16384;measure;scatter;1.79352;1.47668;0.316822;0.0493859;0.0557934;0.0001756;0.0605034;0.0429908;0.0556596;0.000139793;0.0521738;
48;16384;16384;measure;scatter;1.86043;1.53582;0.324566;0.0495002;0.0561732;9.3125e-05;0.0596713;0.0506805;0.0555467;0.000152577;0.052748;
48;16384;16384;measure;scatter;1.87826;1.53273;0.345516;0.0494174;0.0559939;0.000112271;0.0594835;0.0711246;0.0557286;0.00128591;0.0523698;
48;16384;16384;measure;scatter;1.87633;1.53381;0.342507;0.0487373;0.0557188;7.82672e-05;0.0598175;0.0698198;0.0556727;0.000127861;0.0525351;
48;16384;16384;measure;scatter;1.87783;1.53763;0.340189;0.0491105;0.0556829;9.7343e-05;0.0602875;0.0670161;0.0555557;0.000135235;0.0523039;
48;16384;16384;measure;scatter;1.87828;1.53707;0.341196;0.0494936;0.0555296;0.000139762;0.0594155;0.0688975;0.0554281;0.000150764;0.0521415;
48;16384;16384;measure;scatter;1.85524;1.5396;0.315615;0.0490741;0.055815;8.26661e-05;0.0605845;0.0431807;0.0554607;0.000151094;0.051266;
48;16384;16384;measure;scatter;1.85023;1.5359;0.314271;0.0485841;0.0558162;0.000143741;0.0595523;0.0432115;0.0554591;0.000146305;0.0513581;
48;16384;16384;measure;scatter;1.85201;1.53646;0.315537;0.0491471;0.0559721;0.00011683;0.0598979;0.04339;0.0554103;0.000156945;0.0514464;
48;16384;16384;measure;scatter;1.8779;1.53711;0.340772;0.0488865;0.0559938;0.000167825;0.0594546;0.0679527;0.0554406;0.00015435;0.0527217;
48;16384;16384;measure;scatter;1.88142;1.53669;0.344715;0.0495322;0.0555482;0.000116389;0.0599553;0.0699097;0.0554513;0.00133316;0.0528687;
48;16384;16384;measure;scatter;1.8476;1.52395;0.323634;0.0505477;0.0556458;0.000109196;0.0597011;0.0502665;0.0557541;0.000147147;0.0514624;
48;16384;16384;measure;scatter;1.86207;1.53874;0.323304;0.0492188;0.0560514;0.000117992;0.0600344;0.0498768;0.0554853;0.000166733;0.0523527;
48;16384;16384;measure;scatter;1.84887;1.53146;0.317383;0.0485783;0.0560764;0.000170852;0.0600669;0.0434501;0.0557907;0.000168797;0.0530812;
48;16384;16384;measure;scatter;1.868;1.52569;0.342284;0.0486674;0.0557357;0.000136446;0.0597971;0.0694499;0.0557641;0.000152036;0.0525809;
48;16384;16384;measure;scatter;1.8928;1.54967;0.343111;0.0498817;0.0557465;0.000114034;0.0600259;0.0702232;0.0555359;0.000157245;0.0514259;
48;16384;16384;measure;scatter;1.86153;1.53887;0.322647;0.0495505;0.0557052;0.000118132;0.0596904;0.0499325;0.0556724;0.000154881;0.0518227;
48;16384;16384;measure;scatter;1.86333;1.53837;0.324939;0.0486395;0.0558743;7.37191e-05;0.0598828;0.0513044;0.0557205;0.000144261;0.0532997;
48;16384;16384;measure;scatter;1.87639;1.53244;0.343928;0.0494321;0.0557939;0.000174268;0.0601679;0.0703874;0.0553672;0.00133291;0.0512725;
48;16384;16384;measure;scatter;1.87855;1.53723;0.341255;0.0487117;0.0560767;0.000130265;0.0604843;0.0682741;0.0554817;0.00015947;0.051937;
48;16384;16384;measure;scatter;1.85108;1.5364;0.314663;0.0485702;0.0556894;0.000121047;0.0600824;0.0432499;0.0555911;0.000160081;0.0511984;
48;16384;16384;measure;scatter;1.87846;1.53589;0.342551;0.0491422;0.0558297;0.000148439;0.059505;0.0693536;0.0555639;0.00129012;0.051718;
48;16384;16384;measure;scatter;1.85109;1.53533;0.315736;0.0486512;0.0556943;0.000179698;0.059788;0.0437906;0.0557197;0.000164309;0.0517484;
48;16384;16384;measure;scatter;1.8575;1.53559;0.321853;0.0492503;0.0556425;0.000131086;0.0596505;0.0496531;0.0556066;0.00017023;0.051749;
48;16384;16384;measure;scatter;1.86127;1.54099;0.320263;0.047969;0.055655;0.000125266;0.0597772;0.049708;0.0553946;0.000156284;0.0514778;
48;16384;16384;measure;scatter;1.85754;1.53517;0.322346;0.0491076;0.0555309;0.000140404;0.0600545;0.0494934;0.0556666;0.000170761;0.0521818;
48;16384;16384;measure;scatter;1.88189;1.53646;0.345405;0.0501219;0.0554917;0.000115487;0.0600126;0.071459;0.0556574;0.001276;0.0512713;
48;16384;16384;measure;scatter;1.8446;1.52876;0.315824;0.0492841;0.056123;9.17919e-05;0.0596234;0.0431626;0.055618;0.000154029;0.0517674;
48;16384;16384;measure;scatter;1.84688;1.53074;0.316127;0.049197;0.0558846;0.000158548;0.0603324;0.0430763;0.05567;0.000152858;0.0516553;
48;16384;16384;measure;scatter;1.85852;1.53693;0.32157;0.0495012;0.0561355;0.00013863;0.059623;0.0494608;0.055593;0.000173846;0.0509444;
48;16384;16384;measure;scatter;1.91472;1.53889;0.375813;0.0486912;0.055745;0.000109886;0.0597712;0.103146;0.05634;0.000138039;0.0518722;
48;16384;16384;measure;scatter;1.85219;1.52875;0.323424;0.0494781;0.0558233;0.000125756;0.0602188;0.0499355;0.0558507;0.000179727;0.0518125;
48;16384;16384;measure;scatter;1.87461;1.53254;0.342059;0.0497288;0.0556383;0.000102653;0.0599446;0.0693662;0.0552878;0.000135284;0.0518558;
48;16384;16384;measure;scatter;1.87625;1.53474;0.341496;0.0486578;0.0559241;0.00012247;0.0600372;0.0697265;0.0553966;0.000139543;0.0514915;
48;16384;16384;measure;scatter;1.88358;1.54137;0.342194;0.0489242;0.055511;0.000151535;0.0596786;0.0709965;0.0555052;0.00014888;0.0512775;
48;16384;16384;measure;scatter;1.87718;1.536;0.341171;0.0482859;0.055661;0.000127209;0.0597263;0.067791;0.0555159;0.00135529;0.0527085;
48;16384;16384;measure;scatter;1.87836;1.53473;0.343583;0.0487276;0.0558712;8.47999e-05;0.0597595;0.0704581;0.0555715;0.000155683;0.0529551;
48;16384;16384;measure;scatter;1.87372;1.53441;0.339303;0.0485864;0.0556051;7.5602e-05;0.0596443;0.0671172;0.0555598;0.00139864;0.0513164;
48;16384;16384;measure;scatter;1.85379;1.53199;0.321743;0.0492826;0.0555446;0.000128863;0.0599279;0.0501913;0.0554854;0.000140855;0.0510418;
48;16384;16384;measure;scatter;1.87817;1.53748;0.340676;0.0496649;0.0555578;0.000157125;0.059852;0.0678425;0.055622;0.000161233;0.0518182;
48;16384;16384;measure;scatter;1.84802;1.53238;0.315625;0.0492013;0.0558458;0.000116579;0.060055;0.0433974;0.0555848;0.000156113;0.0512681;
48;16384;16384;measure;scatter;1.86464;1.54219;0.322433;0.0474807;0.056004;0.000134793;0.0598673;0.0505687;0.0556967;0.000162967;0.0525183;
48;16384;16384;measure;scatter;1.8617;1.54003;0.321654;0.0489246;0.0559634;0.000170981;0.0600021;0.0496954;0.0554394;0.000161213;0.0512973;
48;16384;16384;measure;scatter;1.88457;1.54412;0.340433;0.0498795;0.055904;9.74331e-05;0.0603158;0.0675537;0.0555116;0.000125997;0.0510452;
48;16384;16384;measure;scatter;1.84608;1.53178;0.31428;0.04833;0.0558127;0.000101641;0.0596979;0.043121;0.0558019;0.000151926;0.0512633;
48;16384;16384;measure;scatter;1.85464;1.54032;0.314302;0.0482324;0.055832;0.000146525;0.0595002;0.0426955;0.0556489;0.000134943;0.0521115;
48;16384;16384;measure;scatter;1.85541;1.5371;0.318297;0.0485229;0.0558947;0.000129243;0.0599103;0.0457168;0.0556007;0.000150002;0.0523725;
48;16384;16384;measure;scatter;1.84841;1.52552;0.322875;0.0482395;0.0559233;0.000171122;0.0600165;0.0507705;0.055612;0.000147497;0.0519947;
48;16384;16384;measure;scatter;1.85659;1.53433;0.322245;0.0487922;0.0555117;0.00011738;0.0600619;0.0505694;0.0556369;0.000158408;0.0513967;
48;16384;16384;measure;scatter;1.85033;1.53545;0.314812;0.0477793;0.0561447;0.000174899;0.0596676;0.043139;0.0555348;0.000160071;0.0522117;
48;16384;16384;measure;scatter;2.71979;1.17311;1.54666;0.0323449;0.0287697;0.8153;0.0485041;0.0283109;0.0290208;0.507085;0.0573267;
48;16384;16384;measure;scatter;2.82366;1.17271;1.65093;0.0288277;0.0283969;0.896175;0.04962;0.0412928;0.0278538;0.523142;0.0556209;
48;16384;16384;measure;scatter;2.70408;1.27062;1.43345;0.0289215;0.0287565;0.710962;0.0464851;0.0386258;0.0286587;0.488042;0.0629947;
48;16384;16384;measure;scatter;2.67909;1.16559;1.51349;0.0322441;0.0288931;0.808784;0.0490141;0.031576;0.0285879;0.486294;0.0480971;
48;16384;16384;measure;scatter;2.77088;1.1706;1.60027;0.0316383;0.0285185;0.844055;0.0451084;0.0286306;0.0287313;0.540781;0.0528082;
48;16384;16384;measure;scatter;2.77457;1.191;1.58356;0.0321568;0.0287485;0.905016;0.050759;0.0302872;0.0286757;0.45482;0.0530954;
48;16384;16384;measure;scatter;2.7168;1.30432;1.41246;0.0286805;0.0290051;0.711086;0.0441358;0.0428889;0.0295575;0.46922;0.0578879;
48;16384;16384;measure;scatter;2.74867;1.18257;1.56609;0.0337306;0.0289747;0.834758;0.0451783;0.0315973;0.029888;0.509826;0.0521327;
48;16384;16384;measure;scatter;2.77709;1.16604;1.61103;0.0316934;0.0287984;0.864182;0.0507769;0.0296522;0.0288884;0.523331;0.0537071;
48;16384;16384;measure;scatter;2.69645;1.16769;1.52874;0.0344777;0.0287201;0.810442;0.0478522;0.0314082;0.0285968;0.492556;0.0546875;
48;16384;16384;measure;scatter;2.69302;1.17479;1.51821;0.0291339;0.028656;0.795256;0.0466693;0.0284676;0.028422;0.512197;0.0494072;
48;16384;16384;measure;scatter;2.65593;1.29079;1.36513;0.0286851;0.0290469;0.650539;0.0489486;0.0261416;0.029102;0.503775;0.0488921;
48;16384;16384;measure;scatter;2.65927;1.29942;1.35983;0.0308704;0.0285029;0.683519;0.0437563;0.0314245;0.0289075;0.461968;0.0508814;
48;16384;16384;measure;scatter;2.57784;1.18001;1.39782;0.0337479;0.0287509;0.678872;0.050099;0.0305491;0.0288886;0.496406;0.0505046;
48;16384;16384;measure;scatter;2.66611;1.17684;1.48924;0.0286567;0.0282616;0.751127;0.0505206;0.0293602;0.0285875;0.521385;0.0513467;
48;16384;16384;measure;scatter;2.6282;1.28012;1.34806;0.0312255;0.0287394;0.670333;0.0456073;0.0442073;0.03195;0.445117;0.0508854;
48;16384;16384;measure;scatter;2.74121;1.30434;1.43686;0.0322936;0.02896;0.666846;0.0444123;0.0404275;0.0293352;0.539117;0.055466;
48;16384;16384;measure;scatter;2.62973;1.28745;1.34227;0.0356289;0.0281027;0.682057;0.0505189;0.0396725;0.0286253;0.424306;0.053357;
48;16384;16384;measure;scatter;2.64364;1.17156;1.47206;0.0293468;0.0285142;0.795746;0.0503866;0.0297733;0.0283407;0.459846;0.0501106;
48;16384;16384;measure;scatter;2.66637;1.28052;1.38583;0.0255731;0.0291324;0.657919;0.0503428;0.0324962;0.028725;0.507321;0.0543205;
48;16384;16384;measure;scatter;2.69559;1.17091;1.52467;0.0310097;0.0288261;0.79201;0.0498221;0.029052;0.0287246;0.508544;0.0566786;
48;16384;16384;measure;scatter;2.59441;1.17966;1.41473;0.0321893;0.0285181;0.714698;0.049084;0.029486;0.0286786;0.480327;0.051752;
48;16384;16384;measure;scatter;2.57204;1.17401;1.39801;0.034419;0.0286903;0.712711;0.0500754;0.0405184;0.027909;0.452651;0.0510322;
48;16384;16384;measure;scatter;2.62045;1.29584;1.32459;0.0285152;0.0288396;0.646745;0.0507388;0.0290279;0.0279339;0.457743;0.0550474;
48;16384;16384;measure;scatter;2.67981;1.23325;1.44654;0.031136;0.0290906;0.771976;0.0504334;0.0319014;0.0287578;0.451562;0.0516873;
48;16384;16384;measure;scatter;2.65305;1.28128;1.37175;0.0256376;0.0298505;0.666739;0.0493419;0.0419317;0.0285195;0.475188;0.0545426;
48;16384;16384;measure;scatter;2.6389;1.17191;1.46697;0.0321154;0.0289173;0.799086;0.0505561;0.0419581;0.0278148;0.432491;0.0540342;
48;16384;16384;measure;scatter;2.68768;1.17063;1.51704;0.032042;0.0288381;0.776719;0.049693;0.0407611;0.0279951;0.501861;0.0591301;
48;16384;16384;measure;scatter;2.65384;1.27555;1.37828;0.0323526;0.0286415;0.682977;0.049734;0.0293426;0.0286132;0.470908;0.0557077;
48;16384;16384;measure;scatter;2.65772;1.17132;1.48639;0.0319639;0.0287496;0.791592;0.0493383;0.0298875;0.0288989;0.471495;0.0544613;
48;16384;16384;measure;scatter;2.65846;1.17156;1.48689;0.0346132;0.0289014;0.79381;0.0471006;0.0396325;0.0284887;0.461199;0.053141;
48;16384;16384;measure;scatter;2.63829;1.18285;1.45542;0.0340987;0.0285904;0.72722;0.0441475;0.0293988;0.0286061;0.513012;0.0503477;
48;16384;16384;measure;scatter;2.56081;1.17573;1.38506;0.0287944;0.0293382;0.707157;0.0530412;0.0294397;0.0288127;0.459157;0.0493175;
48;16384;16384;measure;scatter;2.51969;1.17916;1.34051;0.0335941;0.0287493;0.65197;0.0503095;0.0313377;0.0285455;0.463074;0.0529267;
48;16384;16384;measure;scatter;2.6368;1.17415;1.46261;0.0287857;0.0287459;0.747416;0.0423503;0.0279569;0.028622;0.504308;0.054422;
48;16384;16384;measure;scatter;2.66994;1.17317;1.49676;0.0363735;0.0291489;0.757873;0.0500586;0.0396416;0.0287152;0.496578;0.058367;
48;16384;16384;measure;scatter;2.74482;1.17217;1.57262;0.0312746;0.028752;0.781301;0.0491122;0.0295453;0.0285789;0.563297;0.060763;
48;16384;16384;measure;scatter;2.60621;1.16583;1.44037;0.0342818;0.0287884;0.761978;0.0489216;0.0409897;0.0296774;0.443351;0.0523811;
48;16384;16384;measure;scatter;2.69054;1.17396;1.51656;0.0343665;0.0287834;0.760773;0.0509274;0.0325131;0.0287559;0.526286;0.0541589;
48;16384;16384;measure;scatter;2.60932;1.17069;1.43862;0.0322923;0.0287514;0.70834;0.049609;0.0303332;0.0289447;0.509988;0.0503583;
48;16384;16384;measure;scatter;2.59022;1.29472;1.29549;0.0315869;0.0280375;0.617361;0.0485557;0.0405661;0.0286149;0.450292;0.0504769;
48;16384;16384;measure;scatter;2.65072;1.17512;1.47558;0.0286587;0.0291336;0.786393;0.0493935;0.0322213;0.0287005;0.458502;0.0625783;
48;16384;16384;measure;scatter;2.66414;1.17233;1.4918;0.0293011;0.0288373;0.769102;0.048047;0.030216;0.0284653;0.497382;0.0604461;
48;16384;16384;measure;scatter;2.70553;1.17957;1.52595;0.029298;0.0285101;0.769328;0.0498363;0.0325177;0.028784;0.532748;0.0549251;
48;16384;16384;measure;scatter;2.63912;1.18626;1.45285;0.0341135;0.0289225;0.745385;0.0493692;0.0409756;0.0288239;0.471727;0.0535296;
48;16384;16384;measure;scatter;2.52478;1.17386;1.3509;0.0313657;0.0286417;0.64708;0.0486987;0.0310019;0.028653;0.481152;0.0543027;
48;16384;16384;measure;scatter;2.64004;1.17475;1.46527;0.0290288;0.0287503;0.672224;0.0510712;0.0313149;0.028377;0.567732;0.0567735;
48;16384;16384;measure;scatter;2.57001;1.29404;1.27595;0.0341053;0.0289029;0.598992;0.0489658;0.0313194;0.0284723;0.454401;0.0507923;
48;16384;16384;measure;scatter;2.68876;1.17885;1.50989;0.0301156;0.0288741;0.760388;0.0486718;0.0311881;0.0289535;0.526028;0.0556753;
48;16384;16384;measure;scatter;2.67455;1.1746;1.49994;0.0327226;0.0290136;0.720291;0.0496356;0.0324687;0.028762;0.553503;0.0535393;
48;16384;16384;measure;scatter;1.8787;1.06998;0.808704;0.0149287;0.0133143;0.340141;0.0554155;0.0155914;0.0148669;0.309797;0.044649;
48;16384;16384;measure;scatter;1.91657;1.05412;0.862415;0.0156548;0.0135283;0.387488;0.0482573;0.0231947;0.01439;0.315974;0.0439277;
48;16384;16384;measure;scatter;1.90447;1.01582;0.88864;0.0157104;0.0133518;0.440438;0.054206;0.0162507;0.0142077;0.287107;0.0473681;
48;16384;16384;measure;scatter;1.85859;1.03008;0.828495;0.0161308;0.0138736;0.367765;0.0516717;0.0153728;0.0149574;0.301363;0.0473602;
48;16384;16384;measure;scatter;1.8431;1.02904;0.814047;0.0155498;0.0140494;0.344042;0.0536805;0.0164068;0.0147972;0.300793;0.0547285;
48;16384;16384;measure;scatter;1.90074;1.03391;0.866819;0.0181918;0.014005;0.357057;0.0543853;0.0133355;0.0147089;0.35044;0.0446953;
48;16384;16384;measure;scatter;1.89022;1.03912;0.851052;0.016848;0.013706;0.413832;0.0503944;0.0227354;0.0145712;0.271751;0.0472145;
48;16384;16384;measure;scatter;1.91324;1.04596;0.867261;0.0267716;0.0144843;0.373774;0.0565363;0.0149651;0.0148665;0.310992;0.0548712;
48;16384;16384;measure;scatter;1.91533;1.05255;0.86276;0.0162208;0.0133015;0.396024;0.0498682;0.0152358;0.0145746;0.31195;0.0455857;
48;16384;16384;measure;scatter;1.89197;1.03364;0.858312;0.0189205;0.0133958;0.39552;0.0550836;0.0226611;0.0144713;0.288248;0.0500117;
48;16384;16384;measure;scatter;1.92008;1.02149;0.898565;0.02015;0.0139376;0.393456;0.0535347;0.0235357;0.0145862;0.334318;0.0450467;
48;16384;16384;measure;scatter;1.88533;1.0315;0.853804;0.0183303;0.0140325;0.391809;0.048305;0.0160982;0.0147112;0.306011;0.0445062;
48;16384;16384;measure;scatter;1.90468;1.03881;0.865857;0.0192798;0.0136653;0.390323;0.0562865;0.0134338;0.0145875;0.312547;0.0457343;
48;16384;16384;measure;scatter;1.89118;1.04107;0.850086;0.0158185;0.0139297;0.38738;0.0512654;0.0150543;0.0147892;0.306285;0.0455643;
48;16384;16384;measure;scatter;1.85502;1.03835;0.816656;0.0176512;0.0133157;0.350234;0.0497216;0.0158629;0.0146515;0.308651;0.0465683;
48;16384;16384;measure;scatter;1.77251;1.02974;0.742753;0.019042;0.0134943;0.302421;0.0512547;0.0129738;0.0146991;0.287147;0.0417209;
48;16384;16384;measure;scatter;1.85944;1.05289;0.806525;0.015603;0.0132988;0.355523;0.0528687;0.0183737;0.0147795;0.289138;0.0469398;
48;16384;16384;measure;scatter;1.77837;1.02939;0.748954;0.0200821;0.0140519;0.309953;0.0517715;0.0153408;0.0146763;0.279638;0.043441;
48;16384;16384;measure;scatter;1.87672;1.0423;0.834408;0.0222547;0.0129295;0.34031;0.0527583;0.0175743;0.0145423;0.322183;0.0518556;
48;16384;16384;measure;scatter;1.89075;1.04673;0.843977;0.0191618;0.0140769;0.377942;0.0524969;0.0151471;0.0146691;0.304227;0.0462569;
48;16384;16384;measure;scatter;1.89984;1.02912;0.870702;0.0180942;0.0131993;0.397891;0.0517749;0.0163906;0.0144191;0.313408;0.0455248;
48;16384;16384;measure;scatter;1.89646;1.03441;0.862038;0.019864;0.0131231;0.403969;0.0528091;0.0132124;0.0146538;0.299972;0.044434;
48;16384;16384;measure;scatter;1.89546;1.04366;0.851778;0.0158256;0.0136767;0.378389;0.0511252;0.0252118;0.0149973;0.304677;0.0478758;
48;16384;16384;measure;scatter;1.88367;1.04154;0.842107;0.0182089;0.0135132;0.370538;0.0524675;0.0154938;0.0144195;0.307734;0.0497314;
48;16384;16384;measure;scatter;1.89578;1.04085;0.854914;0.0147682;0.0134821;0.398667;0.0508547;0.0131995;0.0146966;0.301488;0.0477583;
48;16384;16384;measure;scatter;1.85961;1.02657;0.83301;0.0191167;0.0138635;0.367548;0.0574791;0.0155547;0.0149554;0.297076;0.0474171;
48;16384;16384;measure;scatter;1.9099;1.04226;0.867617;0.0172185;0.0134585;0.399382;0.0488628;0.0170756;0.0146225;0.310862;0.0461353;
48;16384;16384;measure;scatter;1.87401;1.02016;0.853836;0.0193976;0.0131458;0.374077;0.054161;0.0167899;0.0148283;0.312636;0.0488003;
48;16384;16384;measure;scatter;1.89687;1.02995;0.866913;0.0195142;0.0141968;0.396833;0.0496097;0.0153936;0.0146154;0.313969;0.0427809;
48;16384;16384;measure;scatter;1.86623;1.03883;0.827384;0.0182699;0.0138106;0.372088;0.0519223;0.0237144;0.0144242;0.289801;0.0433532;
48;16384;16384;measure;scatter;1.89115;1.04423;0.846906;0.0182845;0.0139389;0.371497;0.0542344;0.0168842;0.0153613;0.310526;0.0461795;
48;16384;16384;measure;scatter;1.87695;1.02484;0.852089;0.0187253;0.013509;0.393191;0.0497452;0.0153568;0.0144747;0.300293;0.0467931;
48;16384;16384;measure;scatter;1.88183;1.02889;0.852922;0.0184096;0.0139386;0.393375;0.0540017;0.0137354;0.0151107;0.297838;0.0465122;
48;16384;16384;measure;scatter;1.86616;1.02497;0.841167;0.0199519;0.0134784;0.377982;0.0497018;0.0156686;0.0145878;0.303577;0.0462201;
48;16384;16384;measure;scatter;1.86474;1.02654;0.838162;0.0185888;0.0139966;0.380316;0.0518675;0.0159922;0.014626;0.297986;0.0447889;
48;16384;16384;measure;scatter;1.89956;1.03167;0.867869;0.0192402;0.0130851;0.404858;0.0515447;0.0153531;0.0145177;0.301194;0.0480772;
48;16384;16384;measure;scatter;1.88845;1.07406;0.814373;0.0159859;0.0135374;0.343801;0.0591061;0.0228006;0.0140964;0.298599;0.0464471;
48;16384;16384;measure;scatter;1.88601;1.04216;0.84384;0.0189026;0.0130106;0.369255;0.052433;0.0158619;0.0145905;0.315063;0.0447232;
48;16384;16384;measure;scatter;1.90225;1.02506;0.877174;0.0173662;0.0137582;0.408432;0.0492593;0.0223427;0.0145218;0.304375;0.0471177;
48;16384;16384;measure;scatter;1.9011;1.03878;0.862299;0.017887;0.0137058;0.383657;0.0517171;0.0161953;0.0147527;0.317784;0.0465999;
48;16384;16384;measure;scatter;1.87886;1.03113;0.847712;0.0192237;0.0139564;0.373471;0.0501416;0.0159254;0.0153794;0.310036;0.0495788;
48;16384;16384;measure;scatter;1.94252;1.16058;0.781887;0.015269;0.0135658;0.266904;0.0542939;0.0158034;0.0149326;0.350318;0.0507996;
48;16384;16384;measure;scatter;1.90391;1.05408;0.849813;0.0164951;0.0137465;0.383271;0.0501104;0.015659;0.0147774;0.305798;0.0499552;
48;16384;16384;measure;scatter;1.88853;1.02578;0.86274;0.017165;0.0139478;0.390832;0.0520974;0.0233932;0.0145983;0.306995;0.0437118;
48;16384;16384;measure;scatter;1.91974;1.05646;0.863246;0.0159567;0.0141965;0.382498;0.047357;0.0135096;0.0147916;0.327596;0.0473404;
48;16384;16384;measure;scatter;1.91606;1.06046;0.85559;0.0159347;0.0131999;0.388683;0.0529627;0.015114;0.0143209;0.306678;0.0486971;
48;16384;16384;measure;scatter;1.904;1.01915;0.884823;0.0184586;0.0151483;0.401854;0.055889;0.0155591;0.0147804;0.319755;0.0433787;
48;16384;16384;measure;scatter;1.90477;1.02999;0.874759;0.0180017;0.0136284;0.390799;0.0536723;0.0215602;0.0145539;0.319801;0.0427431;
48;16384;16384;measure;scatter;1.88171;1.14022;0.741473;0.0154265;0.013814;0.281931;0.0512651;0.0237384;0.0144141;0.295884;0.0449995;
48;16384;16384;measure;scatter;1.8896;1.05126;0.838323;0.0156886;0.0154629;0.376992;0.0488437;0.015137;0.0149005;0.305688;0.0456103;
48;16384;16384;measure;scatter;1.48084;0.947616;0.533189;0.0110226;0.0362565;0.176933;0.0358156;0.00870774;0.00885968;0.233426;0.0221683;
48;16384;16384;measure;scatter;1.46938;0.949965;0.519393;0.00811243;0.00796671;0.199728;0.0370372;0.0100485;0.0091958;0.222054;0.0252505;
48;16384;16384;measure;scatter;1.50176;0.935835;0.565896;0.0123763;0.00608221;0.248117;0.0364794;0.0143167;0.0112805;0.213435;0.0238091;
48;16384;16384;measure;scatter;1.48514;0.947416;0.537681;0.0083361;0.00744696;0.207359;0.0334282;0.00835706;0.00963194;0.234293;0.0288277;
48;16384;16384;measure;scatter;1.48133;0.955964;0.525331;0.00893544;0.0306095;0.169826;0.0373714;0.0156552;0.00850608;0.227319;0.0271093;
48;16384;16384;measure;scatter;1.50204;0.938521;0.563455;0.0110894;0.00606266;0.239189;0.0337893;0.0122333;0.00765561;0.229677;0.0237589;
48;16384;16384;measure;scatter;1.51491;0.945995;0.568869;0.0087693;0.00753841;0.225923;0.0383872;0.0147441;0.00833485;0.238901;0.0262709;
48;16384;16384;measure;scatter;1.50087;0.960667;0.540166;0.00818169;0.0372591;0.172389;0.0356106;0.00910365;0.0129189;0.238654;0.026048;
48;16384;16384;measure;scatter;1.49048;0.968916;0.521532;0.0143129;0.0273846;0.187649;0.0337026;0.0145807;0.00859259;0.206796;0.0285135;
48;16384;16384;measure;scatter;1.43384;0.955031;0.478786;0.0391821;0.0263589;0.115161;0.0343803;0.0109743;0.0112113;0.215352;0.0261659;
48;16384;16384;measure;scatter;1.51462;0.967641;0.546955;0.0325067;0.0129152;0.174078;0.0377071;0.00971489;0.00813157;0.246748;0.0251536;
48;16384;16384;measure;scatter;1.45708;0.953295;0.503765;0.00908071;0.0377568;0.16008;0.0401074;0.014685;0.00928622;0.204965;0.0278031;
48;16384;16384;measure;scatter;1.52446;0.968333;0.556107;0.0123068;0.0299046;0.162694;0.0380522;0.0116387;0.00863447;0.263585;0.0292916;
48;16384;16384;measure;scatter;1.50183;0.951062;0.55075;0.0110429;0.00612017;0.225175;0.0314906;0.0092994;0.0079893;0.234957;0.0246759;
48;16384;16384;measure;scatter;1.52875;0.952584;0.576153;0.00963441;0.0381265;0.196492;0.0383861;0.00891463;0.00778159;0.249797;0.0270208;
48;16384;16384;measure;scatter;1.47005;0.975626;0.494389;0.0141649;0.03044;0.152531;0.03809;0.0107237;0.0082111;0.213228;0.0270007;
48;16384;16384;measure;scatter;1.49446;0.966409;0.528028;0.0124337;0.0302778;0.179811;0.0377828;0.0149367;0.00857498;0.216467;0.0277452;
48;16384;16384;measure;scatter;1.49544;0.970764;0.524651;0.0178826;0.0370758;0.124371;0.0357849;0.0102779;0.00939132;0.262866;0.0270017;
48;16384;16384;measure;scatter;1.52756;0.959772;0.56773;0.0104465;0.0369355;0.177694;0.0355773;0.0119539;0.00807302;0.261437;0.0256122;
48;16384;16384;measure;scatter;1.47758;0.963467;0.514066;0.0432538;0.0202875;0.134245;0.0341387;0.0142056;0.00809223;0.233478;0.026366;
48;16384;16384;measure;scatter;1.47631;0.978166;0.498124;0.0114911;0.0325773;0.167047;0.03574;0.0152899;0.00891243;0.200793;0.026273;
48;16384;16384;measure;scatter;1.5169;0.955626;0.561253;0.00831762;0.00793204;0.212428;0.037465;0.0103876;0.011472;0.243661;0.0295894;
48;16384;16384;measure;scatter;1.50362;0.95372;0.54987;0.0118614;0.00611526;0.225741;0.0319848;0.015356;0.00814095;0.224067;0.0266041;
48;16384;16384;measure;scatter;1.49358;0.960928;0.532625;0.0116087;0.029945;0.162655;0.0432477;0.0155187;0.0109432;0.231021;0.0276858;
48;16384;16384;measure;scatter;1.49354;0.970988;0.522508;0.0122214;0.0378055;0.162971;0.0362937;0.00870747;0.00807362;0.22943;0.0270055;
48;16384;16384;measure;scatter;1.50598;0.970267;0.53568;0.0369109;0.032155;0.127871;0.0382429;0.0144187;0.00858733;0.249902;0.0275908;
48;16384;16384;measure;scatter;1.49854;0.962714;0.535784;0.008499;0.00787958;0.211692;0.0392557;0.010059;0.00805276;0.222605;0.0277411;
48;16384;16384;measure;scatter;1.51447;0.967419;0.547018;0.00950038;0.0302045;0.180851;0.0380417;0.0140519;0.00776969;0.23789;0.0287091;
48;16384;16384;measure;scatter;1.50943;0.958358;0.551043;0.00840755;0.0298065;0.169387;0.0426523;0.010362;0.00820189;0.253852;0.0283737;
48;16384;16384;measure;scatter;1.51378;0.97106;0.542703;0.0108151;0.030677;0.172555;0.0402419;0.010715;0.00801113;0.244777;0.0249113;
48;16384;16384;measure;scatter;1.46522;0.948966;0.516225;0.0124551;0.00628997;0.196596;0.0356603;0.0152316;0.00860216;0.217586;0.0238046;
48;16384;16384;measure;scatter;1.50235;0.976748;0.525577;0.0408057;0.0222534;0.149024;0.0364988;0.0101572;0.00905314;0.231429;0.0263565;
48;16384;16384;measure;scatter;1.50437;0.968771;0.535566;0.00921399;0.0303519;0.177485;0.0354004;0.0149034;0.00981365;0.231464;0.0269343;
48;16384;16384;measure;scatter;1.53261;0.968119;0.564473;0.00839705;0.035976;0.202764;0.0384574;0.015296;0.00853708;0.227288;0.0277581;
48;16384;16384;measure;scatter;1.48899;0.967161;0.521793;0.0127415;0.0305043;0.156549;0.0349752;0.012004;0.0109383;0.235321;0.0287587;
48;16384;16384;measure;scatter;1.52208;0.963086;0.558968;0.0302906;0.00857376;0.19413;0.0388722;0.0138782;0.00926625;0.23684;0.0271162;
48;16384;16384;measure;scatter;1.46515;0.963407;0.501708;0.0112486;0.0383131;0.130267;0.0354779;0.0129044;0.0078939;0.237021;0.0285812;
48;16384;16384;measure;scatter;1.45268;0.966609;0.48604;0.00887092;0.0317907;0.144789;0.0355329;0.0142421;0.00868755;0.213756;0.0283707;
48;16384;16384;measure;scatter;1.52574;0.97426;0.551463;0.00914351;0.0368778;0.178754;0.0330267;0.0150006;0.00883878;0.241161;0.0286595;
48;16384;16384;measure;scatter;1.49677;0.945159;0.551587;0.0110882;0.00609966;0.217733;0.0327381;0.0101838;0.00957852;0.239016;0.0251502;
48;16384;16384;measure;scatter;1.51166;0.960389;0.551243;0.00831655;0.00790198;0.221447;0.0404321;0.00984473;0.00837467;0.230463;0.0244622;
48;16384;16384;measure;scatter;1.51306;0.959651;0.55338;0.00942724;0.0373378;0.181108;0.0364942;0.00991778;0.0086161;0.243985;0.0264942;
48;16384;16384;measure;scatter;1.49683;0.95112;0.545669;0.0164626;0.00627282;0.221459;0.0367974;0.010341;0.00872864;0.221466;0.0241416;
48;16384;16384;measure;scatter;1.51063;0.954801;0.55581;0.00953407;0.00748934;0.227551;0.0367774;0.00877707;0.00835242;0.227248;0.0300804;
48;16384;16384;measure;scatter;1.52071;0.959973;0.560708;0.00929033;0.036661;0.183096;0.0386274;0.0103755;0.00834015;0.249025;0.0252934;
48;16384;16384;measure;scatter;1.5146;0.972485;0.542072;0.00988009;0.0341729;0.177352;0.0390996;0.0120668;0.00876498;0.233983;0.0267526;
48;16384;16384;measure;scatter;1.50045;0.951581;0.54884;0.00963805;0.00770799;0.21998;0.03606;0.0112837;0.0086151;0.230096;0.0254586;
48;16384;16384;measure;scatter;1.42585;0.941543;0.484285;0.0128539;0.00603795;0.175977;0.0360587;0.0113832;0.00822219;0.21158;0.022172;
48;16384;16384;measure;scatter;1.4856;0.938209;0.547368;0.0089059;0.00733978;0.232319;0.0378973;0.00866656;0.00923227;0.214465;0.0285411;
48;16384;16384;measure;scatter;1.5052;0.976577;0.528582;0.0420626;0.00792791;0.15582;0.0389446;0.0100675;0.00873019;0.235037;0.029992;
48;16384;16384;measure;scatter;1.41457;0.927755;0.486798;0.0616815;0.0323638;0.167747;0.0157666;0.00614107;0.0044998;0.187993;0.0106056;
48;16384;16384;measure;scatter;1.43799;0.940044;0.497929;0.0476312;0.0329612;0.17711;0.0178847;0.0071627;0.00523647;0.197246;0.0126959;
48;16384;16384;measure;scatter;1.41176;0.955593;0.456149;0.0421494;0.0337664;0.168846;0.0156655;0.00773484;0.00569125;0.169994;0.0123012;
48;16384;16384;measure;scatter;1.39332;0.942142;0.451152;0.0480663;0.0327196;0.152293;0.0162302;0.00774372;0.00528616;0.177686;0.0111264;
48;16384;16384;measure;scatter;1.44543;0.944652;0.50075;0.0572377;0.0336836;0.150935;0.0147574;0.00842033;0.00530593;0.218717;0.0116933;
48;16384;16384;measure;scatter;1.39816;0.902222;0.49592;0.0618862;0.0323444;0.163962;0.0171009;0.00580594;0.00542138;0.197858;0.0115409;
48;16384;16384;measure;scatter;1.40214;0.951546;0.450572;0.0429238;0.0342735;0.14226;0.0170656;0.00602766;0.0046743;0.190265;0.0130822;
48;16384;16384;measure;scatter;1.45701;0.94133;0.515652;0.0421507;0.0300704;0.19749;0.0164348;0.00720731;0.00494477;0.20484;0.0125139;
48;16384;16384;measure;scatter;1.45169;0.947467;0.504187;0.0317965;0.032702;0.21458;0.0167326;0.00809749;0.004721;0.183725;0.0118316;
48;16384;16384;measure;scatter;1.38163;0.948221;0.43339;0.0364664;0.033571;0.137358;0.0198844;0.00649367;0.00577841;0.181865;0.0119732;
48;16384;16384;measure;scatter;1.45639;0.949786;0.506571;0.0444961;0.0344527;0.176192;0.0174678;0.00679514;0.00527311;0.208726;0.0131674;
48;16384;16384;measure;scatter;1.42642;0.956813;0.46957;0.0375771;0.0337009;0.157758;0.01607;0.00812629;0.0048485;0.200351;0.0111389;
48;16384;16384;measure;scatter;1.42315;0.936354;0.486748;0.040231;0.0329551;0.178235;0.0155277;0.00551157;0.00508212;0.197317;0.011889;
48;16384;16384;measure;scatter;1.4808;0.952949;0.527824;0.0302789;0.0331521;0.21598;0.0175089;0.00848325;0.00519883;0.204823;0.0123986;
48;16384;16384;measure;scatter;1.44444;0.980234;0.464183;0.0384132;0.0327248;0.129976;0.015583;0.00542739;0.00592481;0.225266;0.0108677;
48;16384;16384;measure;scatter;1.3798;0.940373;0.439405;0.0403438;0.0328639;0.142188;0.0167035;0.00732052;0.00490647;0.181818;0.0132606;
48;16384;16384;measure;scatter;1.48746;0.942318;0.545119;0.037057;0.0338235;0.207158;0.0168067;0.00687588;0.00554584;0.225998;0.0118538;
48;16384;16384;measure;scatter;1.39138;0.937271;0.454076;0.0505043;0.0321544;0.141241;0.0174262;0.00792876;0.00510007;0.189813;0.00990786;
48;16384;16384;measure;scatter;1.41966;0.940333;0.47931;0.0318765;0.0342017;0.192409;0.0172258;0.00609742;0.00514975;0.179292;0.0130574;
48;16384;16384;measure;scatter;1.45684;0.967694;0.489122;0.0386055;0.0410176;0.136858;0.0172873;0.00778398;0.00596436;0.230723;0.0108814;
48;16384;16384;measure;scatter;1.40114;0.928242;0.472884;0.0425864;0.0359478;0.156612;0.0159294;0.00585991;0.0048793;0.199031;0.0120376;
48;16384;16384;measure;scatter;1.40179;0.956661;0.4451;0.049132;0.0326244;0.143638;0.0163201;0.00631445;0.00549541;0.180924;0.0106516;
48;16384;16384;measure;scatter;1.43592;0.950041;0.485851;0.0561863;0.0326901;0.150268;0.0163813;0.00659662;0.00531839;0.207726;0.0106834;
48;16384;16384;measure;scatter;1.40476;0.954026;0.450703;0.0366413;0.0325519;0.146985;0.0177925;0.00801939;0.00543598;0.191988;0.0112889;
48;16384;16384;measure;scatter;1.46851;0.947419;0.521066;0.055108;0.0299388;0.164292;0.0174956;0.0086436;0.00532298;0.22738;0.0128846;
48;16384;16384;measure;scatter;1.37252;0.95293;0.419569;0.0443553;0.0328798;0.146832;0.0142512;0.00569287;0.0049659;0.158619;0.0119726;
48;16384;16384;measure;scatter;1.43304;0.947004;0.486017;0.046216;0.0326343;0.171604;0.0172934;0.0058609;0.004969;0.196079;0.01136;
48;16384;16384;measure;scatter;1.44067;0.949506;0.49112;0.0370592;0.0336094;0.150589;0.0162475;0.00719756;0.00555068;0.228286;0.0125802;
48;16384;16384;measure;scatter;1.45019;0.939276;0.510887;0.0434473;0.0338274;0.18168;0.0149984;0.00807625;0.00479683;0.212799;0.0112626;
48;16384;16384;measure;scatter;1.42489;0.939072;0.485792;0.0418029;0.0334024;0.179426;0.0172847;0.00600686;0.00474541;0.191173;0.0119505;
48;16384;16384;measure;scatter;1.36929;0.951297;0.41798;0.0324241;0.00984602;0.133324;0.0154402;0.00622127;0.00500822;0.203678;0.0120386;
48;16384;16384;measure;scatter;1.41266;0.919388;0.493238;0.0600982;0.0324181;0.178256;0.0187412;0.00829773;0.00501485;0.17946;0.0109517;
48;16384;16384;measure;scatter;1.44089;0.943769;0.4971;0.0309625;0.0331903;0.201954;0.0176472;0.00824541;0.00467916;0.187144;0.013277;
48;16384;16384;measure;scatter;1.40962;0.941468;0.468061;0.0357097;0.0329913;0.163498;0.0161821;0.00824017;0.00437468;0.195906;0.0111591;
48;16384;16384;measure;scatter;1.43333;0.954538;0.478783;0.0478325;0.0298944;0.174293;0.0148528;0.00628023;0.00529115;0.189626;0.0107129;
48;16384;16384;measure;scatter;1.41288;0.945187;0.467663;0.0506849;0.0324014;0.157181;0.0161281;0.0090458;0.00536589;0.185274;0.0115818;
48;16384;16384;measure;scatter;1.41601;0.938935;0.477062;0.0406108;0.0322918;0.159515;0.0152359;0.00888363;0.00484763;0.204165;0.011513;
48;16384;16384;measure;scatter;1.36634;0.92423;0.442089;0.0390346;0.0322308;0.135802;0.0150434;0.00828621;0.00488806;0.19541;0.011394;
48;16384;16384;measure;scatter;1.39002;0.938877;0.451115;0.0399288;0.033016;0.155683;0.0157137;0.00587758;0.00525999;0.18288;0.0127549;
48;16384;16384;measure;scatter;1.43111;0.980654;0.450401;0.0637603;0.0330912;0.127175;0.015548;0.007637;0.00504155;0.186211;0.011937;
48;16384;16384;measure;scatter;1.39229;0.936855;0.45541;0.0504576;0.0327018;0.162582;0.0185396;0.00689198;0.0052712;0.168062;0.0109048;
48;16384;16384;measure;scatter;1.31108;0.894457;0.416595;0.00720277;0.00354517;0.207458;0.0160663;0.00630564;0.0048841;0.159913;0.0112207;
48;16384;16384;measure;scatter;1.48657;0.950671;0.535865;0.0323523;0.0326617;0.20562;0.0174747;0.00600967;0.00543548;0.22449;0.0118213;
48;16384;16384;measure;scatter;1.39;0.925673;0.464314;0.0544772;0.032751;0.155974;0.0143818;0.00652172;0.00530792;0.184017;0.0108834;
48;16384;16384;measure;scatter;1.43655;0.9554;0.481134;0.0308764;0.0331774;0.171381;0.0171994;0.00701542;0.00510111;0.203602;0.012781;
48;16384;16384;measure;scatter;1.36879;0.906569;0.462187;0.0633612;0.0202414;0.158097;0.0176266;0.00709339;0.00605874;0.177648;0.0120598;
48;16384;16384;measure;scatter;1.44465;0.969372;0.475258;0.0710538;0.0327835;0.143942;0.0135249;0.00626891;0.0048334;0.192109;0.0107427;
48;16384;16384;measure;scatter;1.44762;0.943056;0.504543;0.0301686;0.0336135;0.194884;0.0168268;0.0068977;0.00572849;0.204671;0.0117524;
48;16384;16384;measure;scatter;1.43407;0.939361;0.494654;0.0467064;0.032468;0.185274;0.0164449;0.00749416;0.00463231;0.189877;0.0117573;
48;16384;16384;measure;scatter;1.40239;0.968369;0.434009;0.0374034;0.0320469;0.120569;0.0172777;0.00838312;0.0057024;0.200532;0.012094;