n_threads;n_x;n_y;plan;planning;fftw_2d_r2c;plan_flops;
1;16384;16384;measure;12.7052;5.43929;1.22797e+10;
1;16384;16384;measure;14.582;5.56272;1.22294e+10;
1;16384;16384;measure;14.3866;5.63547;1.23301e+10;
1;16384;16384;measure;14.2209;5.58008;1.22797e+10;
1;16384;16384;measure;14.2942;5.49447;1.27169e+10;
1;16384;16384;measure;14.4349;5.54539;1.22797e+10;
1;16384;16384;measure;14.2533;5.53674;1.23133e+10;
1;16384;16384;measure;14.1861;5.58271;1.22294e+10;
1;16384;16384;measure;14.3574;5.6899;1.25985e+10;
1;16384;16384;measure;14.2197;5.55132;1.22797e+10;
1;16384;16384;measure;14.4083;5.58606;1.24316e+10;
1;16384;16384;measure;14.4095;5.58761;1.22797e+10;
1;16384;16384;measure;14.2118;5.46879;1.23645e+10;
1;16384;16384;measure;14.1573;5.31448;1.22797e+10;
1;16384;16384;measure;14.4168;5.51605;1.23133e+10;
1;16384;16384;measure;14.1773;5.5714;1.22797e+10;
1;16384;16384;measure;14.2661;5.63096;1.22629e+10;
1;16384;16384;measure;14.2012;5.49363;1.23645e+10;
1;16384;16384;measure;14.1612;5.62972;1.22443e+10;
1;16384;16384;measure;14.4453;5.53431;1.22629e+10;
1;16384;16384;measure;14.3893;5.5614;1.22797e+10;
1;16384;16384;measure;14.3027;5.53246;1.22797e+10;
1;16384;16384;measure;14.4133;5.55033;1.22294e+10;
1;16384;16384;measure;14.4041;5.51717;1.22294e+10;
1;16384;16384;measure;14.3797;5.55244;1.22294e+10;
1;16384;16384;measure;14.1628;5.47887;1.23142e+10;
1;16384;16384;measure;14.4352;5.46172;1.23142e+10;
1;16384;16384;measure;14.3504;5.54641;1.22294e+10;
1;16384;16384;measure;14.3358;5.50585;1.22797e+10;
1;16384;16384;measure;14.3584;5.51571;1.22294e+10;
1;16384;16384;measure;14.1538;5.56438;1.22294e+10;
1;16384;16384;measure;13.374;5.15802;1.22462e+10;
1;16384;16384;measure;14.1721;5.56683;1.22797e+10;
1;16384;16384;measure;14.1763;5.59305;1.22797e+10;
1;16384;16384;measure;14.4009;5.53098;1.22797e+10;
1;16384;16384;measure;14.5067;5.59782;1.22797e+10;
1;16384;16384;measure;14.4026;5.55822;1.22797e+10;
1;16384;16384;measure;14.2345;5.51208;1.23133e+10;
1;16384;16384;measure;14.2881;5.59898;1.22797e+10;
1;16384;16384;measure;14.5157;5.54758;1.22797e+10;
1;16384;16384;measure;14.3636;5.54932;1.22294e+10;
1;16384;16384;measure;14.4103;5.52713;1.22629e+10;
1;16384;16384;measure;14.1896;5.58886;1.22797e+10;
1;16384;16384;measure;14.3003;5.53663;1.22294e+10;
1;16384;16384;measure;14.4065;5.53381;1.23636e+10;
1;16384;16384;measure;14.2205;5.46904;1.23645e+10;
1;16384;16384;measure;14.5348;5.52485;1.22797e+10;
1;16384;16384;measure;14.2576;5.53992;1.22294e+10;
1;16384;16384;measure;14.059;5.55458;1.24978e+10;
1;16384;16384;measure;12.465;5.4063;1.22797e+10;
2;16384;16384;measure;35.4752;3.12997;1.22713e+10;
2;16384;16384;measure;35.8769;3.25514;1.23384e+10;
2;16384;16384;measure;35.5558;3.23533;1.22713e+10;
2;16384;16384;measure;35.7161;2.99329;1.23217e+10;
2;16384;16384;measure;35.7973;2.95796;1.22965e+10;
2;16384;16384;measure;35.183;2.92503;1.23813e+10;
2;16384;16384;measure;35.2198;2.93848;1.22965e+10;
2;16384;16384;measure;35.0899;3.2097;1.24475e+10;
2;16384;16384;measure;35.2495;2.9443;1.22965e+10;
2;16384;16384;measure;35.5041;2.94219;1.22965e+10;
2;16384;16384;measure;35.0762;3.01547;1.22965e+10;
2;16384;16384;measure;34.8932;3.18554;1.22965e+10;
2;16384;16384;measure;34.6405;2.942;1.24223e+10;
2;16384;16384;measure;35.6879;3.12223;1.22713e+10;
2;16384;16384;measure;35.4073;2.8984;1.22713e+10;
2;16384;16384;measure;35.6297;3.1226;1.22713e+10;
2;16384;16384;measure;35.5489;2.97157;1.23636e+10;
2;16384;16384;measure;35.5875;2.95075;1.23636e+10;
2;16384;16384;measure;35.0216;2.96084;1.22965e+10;
2;16384;16384;measure;35.621;2.91807;1.23813e+10;
2;16384;16384;measure;35.5194;3.15748;1.23813e+10;
2;16384;16384;measure;35.41;2.95397;1.23636e+10;
2;16384;16384;measure;34.9254;2.95724;1.23813e+10;
2;16384;16384;measure;35.2375;2.92599;1.22965e+10;
2;16384;16384;measure;35.7902;2.919;1.24484e+10;
2;16384;16384;measure;35.4725;2.94834;1.22965e+10;
2;16384;16384;measure;36.2399;2.93827;1.23636e+10;
2;16384;16384;measure;35.5606;2.88786;1.22713e+10;
2;16384;16384;measure;35.8455;2.92611;1.22965e+10;
2;16384;16384;measure;35.6454;3.11648;1.22713e+10;
2;16384;16384;measure;35.1484;2.96733;1.23813e+10;
2;16384;16384;measure;35.6308;2.89509;1.22881e+10;
2;16384;16384;measure;35.3481;3.27138;1.22881e+10;
2;16384;16384;measure;35.728;2.97273;1.22965e+10;
2;16384;16384;measure;35.8857;2.93384;1.22965e+10;
2;16384;16384;measure;35.2525;3.12606;1.22713e+10;
2;16384;16384;measure;35.8582;3.17964;1.23813e+10;
2;16384;16384;measure;35.4984;2.93255;1.23813e+10;
2;16384;16384;measure;35.6777;2.94516;1.22965e+10;
2;16384;16384;measure;35.4507;3.12215;1.22713e+10;
2;16384;16384;measure;35.4419;2.92761;1.22965e+10;
2;16384;16384;measure;33.314;3.30285;1.24065e+10;
2;16384;16384;measure;35.5586;2.93423;1.23636e+10;
2;16384;16384;measure;35.8707;3.19168;1.23813e+10;
2;16384;16384;measure;35.9988;3.11935;1.22713e+10;
2;16384;16384;measure;35.6143;2.90798;1.23049e+10;
2;16384;16384;measure;35.525;2.93281;1.22965e+10;
2;16384;16384;measure;35.6745;3.1592;1.23133e+10;
2;16384;16384;measure;35.1085;2.93439;1.23217e+10;
2;16384;16384;measure;35.8228;3.21398;1.22965e+10;
4;16384;16384;measure;132.256;1.57557;1.23049e+10;
4;16384;16384;measure;129.385;1.67142;1.22503e+10;
4;16384;16384;measure;130.766;1.53116;1.23981e+10;
4;16384;16384;measure;131.957;1.98693;1.23351e+10;
4;16384;16384;measure;129.884;1.66888;1.24903e+10;
4;16384;16384;measure;130.005;1.6409;1.23729e+10;
4;16384;16384;measure;131.336;1.84158;1.23133e+10;
4;16384;16384;measure;131.157;2.00392;1.22503e+10;
4;16384;16384;measure;131.168;1.64381;1.22881e+10;
4;16384;16384;measure;130.707;2.09363;1.22671e+10;
4;16384;16384;measure;130.958;1.64204;1.22881e+10;
4;16384;16384;measure;131.326;2.00898;1.22503e+10;
4;16384;16384;measure;129.547;1.63217;1.22881e+10;
4;16384;16384;measure;132.357;1.99276;1.23351e+10;
4;16384;16384;measure;130.093;1.68997;1.22881e+10;
4;16384;16384;measure;133.005;1.55597;1.23729e+10;
4;16384;16384;measure;130.545;2.21454;1.22503e+10;
4;16384;16384;measure;130.17;2.10081;1.22503e+10;
4;16384;16384;measure;131.548;1.6429;1.22503e+10;
4;16384;16384;measure;131.413;1.56164;1.23729e+10;
4;16384;16384;measure;130.735;1.95556;1.23133e+10;
4;16384;16384;measure;131.543;1.67772;1.22503e+10;
4;16384;16384;measure;130.181;1.6735;1.23259e+10;
4;16384;16384;measure;130.954;1.61114;1.16131e+10;
4;16384;16384;measure;131.212;2.08379;1.22503e+10;
4;16384;16384;measure;130.814;1.85086;1.23133e+10;
4;16384;16384;measure;129.416;1.66542;1.23259e+10;
4;16384;16384;measure;130.504;1.64671;1.22881e+10;
4;16384;16384;measure;130.106;1.6484;1.22881e+10;
4;16384;16384;measure;131.175;1.59777;1.22881e+10;
4;16384;16384;measure;130.196;1.77145;1.22881e+10;
4;16384;16384;measure;130.214;1.64385;1.23259e+10;
4;16384;16384;measure;130.248;1.6336;1.22503e+10;
4;16384;16384;measure;130.062;1.59971;1.22881e+10;
4;16384;16384;measure;129.999;1.60966;1.23729e+10;
4;16384;16384;measure;130.303;2.14377;1.2351e+10;
4;16384;16384;measure;129.288;1.63776;1.25566e+10;
4;16384;16384;measure;130.264;1.74532;1.23385e+10;
4;16384;16384;measure;131.012;1.63695;1.22503e+10;
4;16384;16384;measure;132.92;1.74309;1.23603e+10;
4;16384;16384;measure;131.3;2.05958;1.22503e+10;
4;16384;16384;measure;130.301;1.62709;1.22881e+10;
4;16384;16384;measure;131.689;1.65941;1.23007e+10;
4;16384;16384;measure;130.358;1.60615;1.22527e+10;
4;16384;16384;measure;131.79;1.84367;1.23133e+10;
4;16384;16384;measure;131.889;2.14576;1.23385e+10;
4;16384;16384;measure;130.568;1.64404;1.23729e+10;
4;16384;16384;measure;129.17;1.63726;1.16257e+10;
4;16384;16384;measure;130.463;1.57923;1.23729e+10;
4;16384;16384;measure;130.173;2.16848;1.22503e+10;
8;16384;16384;measure;87.1508;1.03825;1.24275e+10;
8;16384;16384;measure;87.6752;0.807649;1.22839e+10;
8;16384;16384;measure;87.5633;0.787541;1.22839e+10;
8;16384;16384;measure;86.5933;0.843644;1.16676e+10;
8;16384;16384;measure;87.0967;0.79721;1.22398e+10;
8;16384;16384;measure;88.4347;0.756353;1.25504e+10;
8;16384;16384;measure;87.5907;0.857551;1.23427e+10;
8;16384;16384;measure;88.6602;0.761284;1.22398e+10;
8;16384;16384;measure;87.8728;1.24554;1.23133e+10;
8;16384;16384;measure;88.2786;0.87543;1.23427e+10;
8;16384;16384;measure;87.8203;1.17681;1.22839e+10;
8;16384;16384;measure;88.0574;1.2922;1.22398e+10;
8;16384;16384;measure;87.4341;0.777934;1.22839e+10;
8;16384;16384;measure;88.0939;0.797988;1.22839e+10;
8;16384;16384;measure;88.3139;1.24314;1.23427e+10;
8;16384;16384;measure;86.7006;1.29572;1.23246e+10;
8;16384;16384;measure;87.5683;0.783576;1.22398e+10;
8;16384;16384;measure;87.4981;0.869059;1.23133e+10;
8;16384;16384;measure;86.6313;0.918168;1.22692e+10;
8;16384;16384;measure;87.0883;0.786879;1.24014e+10;
8;16384;16384;measure;88.5967;1.31098;1.23427e+10;
8;16384;16384;measure;89.6537;0.955026;1.22839e+10;
8;16384;16384;measure;87.1149;0.777955;1.22839e+10;
8;16384;16384;measure;86.8536;1.0639;1.23133e+10;
8;16384;16384;measure;88.6108;0.777405;1.22839e+10;
8;16384;16384;measure;86.9299;0.834503;1.22485e+10;
8;16384;16384;measure;87.379;0.779065;1.22839e+10;
8;16384;16384;measure;87.4951;1.27959;1.22398e+10;
8;16384;16384;measure;86.3969;1.2428;1.23133e+10;
8;16384;16384;measure;88.1521;0.845315;1.23427e+10;
8;16384;16384;measure;87.0481;0.82606;1.24014e+10;
8;16384;16384;measure;87.8917;0.78572;1.22839e+10;
8;16384;16384;measure;89.5862;1.05732;1.22398e+10;
8;16384;16384;measure;88.0178;0.854132;1.23427e+10;
8;16384;16384;measure;87.8003;0.787857;1.22839e+10;
8;16384;16384;measure;87.9901;0.765787;1.22986e+10;
8;16384;16384;measure;88.5838;1.42582;1.22692e+10;
8;16384;16384;measure;88.395;0.757658;1.22839e+10;
8;16384;16384;measure;89.031;0.751916;1.22986e+10;
8;16384;16384;measure;88.9837;0.864815;1.23133e+10;
8;16384;16384;measure;87.124;1.32184;1.23133e+10;
8;16384;16384;measure;89.7549;0.929285;1.22839e+10;
8;16384;16384;measure;88.0716;0.792195;1.22839e+10;
8;16384;16384;measure;87.8417;0.787393;1.22839e+10;
8;16384;16384;measure;89.3954;1.0533;1.22398e+10;
8;16384;16384;measure;87.0983;0.974341;1.16383e+10;
8;16384;16384;measure;87.4668;1.03792;1.16676e+10;
8;16384;16384;measure;86.5633;0.789982;1.22839e+10;
8;16384;16384;measure;87.4981;0.811393;1.22839e+10;
16;16384;16384;measure;83.0658;0.416002;1.22975e+10;
16;16384;16384;measure;77.6304;0.445641;1.23666e+10;
16;16384;16384;measure;75.005;0.450814;1.2484e+10;
16;16384;16384;measure;77.9011;0.698134;1.23448e+10;
16;16384;16384;measure;74.2108;0.798363;1.22818e+10;
16;16384;16384;measure;79.2458;0.616323;1.23133e+10;
16;16384;16384;measure;76.9458;0.5014;1.22818e+10;
16;16384;16384;measure;70.1682;0.591436;1.23133e+10;
16;16384;16384;measure;71.8958;0.465071;1.22818e+10;
16;16384;16384;measure;76.9678;0.461149;1.2329e+10;
16;16384;16384;measure;82.201;0.62369;1.22345e+10;
16;16384;16384;measure;80.0539;0.437659;1.22345e+10;
16;16384;16384;measure;76.5138;0.452623;1.22818e+10;
16;16384;16384;measure;70.0967;0.47159;1.22818e+10;
16;16384;16384;measure;76.0559;0.480335;1.22985e+10;
16;16384;16384;measure;77.5212;0.485992;1.22818e+10;
16;16384;16384;measure;75.6454;0.471981;1.22345e+10;
16;16384;16384;measure;76.6301;0.702172;1.16698e+10;
16;16384;16384;measure;82.8181;0.825589;1.22345e+10;
16;16384;16384;measure;72.8146;0.465442;1.22985e+10;
16;16384;16384;measure;67.3633;0.460678;1.23666e+10;
16;16384;16384;measure;79.5943;0.902889;1.15595e+10;
16;16384;16384;measure;73.447;0.45612;1.22818e+10;
16;16384;16384;measure;77.3982;0.41978;1.22818e+10;
16;16384;16384;measure;75.4943;1.12518;1.22818e+10;
16;16384;16384;measure;76.4286;0.601537;1.23133e+10;
16;16384;16384;measure;70.0114;0.888911;1.23133e+10;
16;16384;16384;measure;80.8837;0.417238;1.22345e+10;
16;16384;16384;measure;81.2302;0.431945;1.22818e+10;
16;16384;16384;measure;73.088;0.45316;1.22345e+10;
16;16384;16384;measure;77.0921;0.460284;1.22345e+10;
16;16384;16384;measure;78.2181;0.420269;1.22818e+10;
16;16384;16384;measure;77.5072;0.474305;1.22818e+10;
16;16384;16384;measure;80.6201;0.447788;1.22818e+10;
16;16384;16384;measure;76.5947;0.496474;1.23508e+10;
16;16384;16384;measure;72.7427;0.756319;1.23301e+10;
16;16384;16384;measure;76.2319;0.438688;1.22975e+10;
16;16384;16384;measure;82.9303;0.410719;1.22818e+10;
16;16384;16384;measure;78.4753;0.441172;1.22818e+10;
16;16384;16384;measure;76.4678;0.454924;1.22818e+10;
16;16384;16384;measure;82.8571;1.04648;1.23133e+10;
16;16384;16384;measure;80.8638;0.4202;1.22818e+10;
16;16384;16384;measure;80.3001;0.506442;1.23448e+10;
16;16384;16384;measure;75.818;0.414537;1.22818e+10;
16;16384;16384;measure;76.2687;0.460131;1.22818e+10;
16;16384;16384;measure;76.9217;0.442711;1.22818e+10;
16;16384;16384;measure;75.9086;0.444091;1.23193e+10;
16;16384;16384;measure;75.7844;0.465185;1.15595e+10;
16;16384;16384;measure;78.5351;0.45445;1.24078e+10;
16;16384;16384;measure;83.3015;0.596233;1.23133e+10;
32;16384;16384;measure;76.8272;0.366374;1.23459e+10;
32;16384;16384;measure;79.1686;0.226335;1.23133e+10;
32;16384;16384;measure;76.5097;0.240438;1.22816e+10;
32;16384;16384;measure;74.661;0.253233;1.24144e+10;
32;16384;16384;measure;78.2132;0.235045;1.22643e+10;
32;16384;16384;measure;84.5933;0.262826;1.23459e+10;
32;16384;16384;measure;75.6573;0.223449;1.23654e+10;
32;16384;16384;measure;75.3383;0.22823;1.2297e+10;
32;16384;16384;measure;79.6192;0.232945;1.23133e+10;
32;16384;16384;measure;75.1388;0.243941;1.27796e+10;
32;16384;16384;measure;74.8661;0.243929;1.22806e+10;
32;16384;16384;measure;74.0213;0.237625;1.24112e+10;
32;16384;16384;measure;77.5217;0.420556;1.23301e+10;
32;16384;16384;measure;78.1013;0.518248;1.22485e+10;
32;16384;16384;measure;79.9084;0.245204;1.23459e+10;
32;16384;16384;measure;81.1329;0.402849;1.23459e+10;
32;16384;16384;measure;73.8044;0.253288;1.24928e+10;
32;16384;16384;measure;78.5411;0.44354;1.23459e+10;
32;16384;16384;measure;82.8;0.234118;1.23459e+10;
32;16384;16384;measure;80.3922;0.240218;1.24112e+10;
32;16384;16384;measure;77.1661;0.246722;1.22806e+10;
32;16384;16384;measure;74.3445;0.241216;1.22806e+10;
32;16384;16384;measure;73.177;0.228784;1.22806e+10;
32;16384;16384;measure;80.3986;0.281975;1.23459e+10;
32;16384;16384;measure;76.6766;0.237115;1.23296e+10;
32;16384;16384;measure;81.705;0.487142;1.15567e+10;
32;16384;16384;measure;81.4516;0.233207;1.22806e+10;
32;16384;16384;measure;72.8044;0.254417;1.22317e+10;
32;16384;16384;measure;72.6695;0.256122;1.23165e+10;
32;16384;16384;measure;86.5498;0.659696;1.22806e+10;
32;16384;16384;measure;82.0447;0.220917;1.22806e+10;
32;16384;16384;measure;85.1803;0.292373;1.23133e+10;
32;16384;16384;measure;73.7382;0.237556;1.22806e+10;
32;16384;16384;measure;74.1301;0.238887;1.22806e+10;
32;16384;16384;measure;71.7645;0.326462;1.23133e+10;
32;16384;16384;measure;81.3028;0.212513;1.22806e+10;
32;16384;16384;measure;75.1791;0.242841;1.22806e+10;
32;16384;16384;measure;75.8421;0.245499;1.24144e+10;
32;16384;16384;measure;83.9203;0.386086;1.22391e+10;
32;16384;16384;measure;74.307;0.234583;1.22643e+10;
32;16384;16384;measure;74.4891;0.478605;1.23133e+10;
32;16384;16384;measure;76.6128;0.454748;1.23133e+10;
32;16384;16384;measure;79.6485;0.268095;1.24307e+10;
32;16384;16384;measure;78.7673;0.237696;1.22317e+10;
32;16384;16384;measure;84.1794;0.247692;1.24307e+10;
32;16384;16384;measure;77.7333;0.235493;1.25417e+10;
32;16384;16384;measure;71.5522;0.253665;1.22317e+10;
32;16384;16384;measure;87.8619;0.221886;1.22806e+10;
32;16384;16384;measure;72.3148;0.246868;1.22806e+10;
32;16384;16384;measure;71.4954;0.232884;1.23133e+10;
64;16384;16384;measure;174.566;0.149145;1.228e+10;
64;16384;16384;measure;171.543;0.157299;1.228e+10;
64;16384;16384;measure;157.67;0.193164;1.26338e+10;
64;16384;16384;measure;171.856;0.181022;1.23466e+10;
64;16384;16384;measure;161.372;0.144087;1.228e+10;
64;16384;16384;measure;168.279;0.186346;1.16383e+10;
64;16384;16384;measure;173.551;0.198442;1.24314e+10;
64;16384;16384;measure;197.554;0.146612;1.22966e+10;
64;16384;16384;measure;150.63;0.199493;1.24808e+10;
64;16384;16384;measure;164.468;0.164098;1.22966e+10;
64;16384;16384;measure;171.88;0.189949;1.23466e+10;
64;16384;16384;measure;165.912;0.230105;1.24314e+10;
64;16384;16384;measure;159.816;0.364833;1.23466e+10;
64;16384;16384;measure;159.117;0.155637;1.228e+10;
64;16384;16384;measure;170.789;0.159316;1.228e+10;
64;16384;16384;measure;175.594;0.156269;1.22301e+10;
64;16384;16384;measure;190.333;0.201932;1.22322e+10;
64;16384;16384;measure;159.435;0.196921;1.23466e+10;
64;16384;16384;measure;149.591;0.245537;1.228e+10;
64;16384;16384;measure;202.316;0.149977;1.23976e+10;
64;16384;16384;measure;158.212;0.157343;1.1555e+10;
64;16384;16384;measure;159.455;0.156003;1.23648e+10;
64;16384;16384;measure;167.914;0.247072;1.23981e+10;
64;16384;16384;measure;155.39;0.295195;1.24314e+10;
64;16384;16384;measure;168.64;0.357533;1.23466e+10;
64;16384;16384;measure;213.017;0.160209;1.228e+10;
64;16384;16384;measure;171.416;0.202059;1.23133e+10;
64;16384;16384;measure;174.269;0.156911;1.228e+10;
64;16384;16384;measure;152.063;0.149096;1.228e+10;
64;16384;16384;measure;157.709;0.308506;1.23466e+10;
64;16384;16384;measure;168.33;0.159979;1.23648e+10;
64;16384;16384;measure;151.785;0.147011;1.22301e+10;
64;16384;16384;measure;180.223;0.157088;1.228e+10;
64;16384;16384;measure;153.587;0.152868;1.23648e+10;
64;16384;16384;measure;184.899;0.156875;1.22633e+10;
64;16384;16384;measure;168.436;0.160453;1.22779e+10;
64;16384;16384;measure;151.382;0.164669;1.228e+10;
64;16384;16384;measure;168.03;0.298475;1.23466e+10;
64;16384;16384;measure;162.004;0.25318;1.23466e+10;
64;16384;16384;measure;153.431;0.225289;1.23466e+10;
64;16384;16384;measure;168.727;0.155869;1.228e+10;
64;16384;16384;measure;174.794;0.267251;1.26794e+10;
64;16384;16384;measure;154.835;0.151056;1.23149e+10;
64;16384;16384;measure;155.716;0.157075;1.228e+10;
64;16384;16384;measure;160.73;0.153244;1.228e+10;
64;16384;16384;measure;155.206;0.156175;1.228e+10;
64;16384;16384;measure;181.016;0.159823;1.228e+10;
64;16384;16384;measure;168.488;0.156318;1.22968e+10;
64;16384;16384;measure;152.061;0.165448;1.24131e+10;
64;16384;16384;measure;163.168;0.156381;1.228e+10;
128;16384;16384;measure;235.467;0.200295;1.16078e+10;
128;16384;16384;measure;252.571;0.19329;1.24987e+10;
128;16384;16384;measure;224.263;0.192756;1.22459e+10;
128;16384;16384;measure;217.801;0.171717;1.24366e+10;
128;16384;16384;measure;237.345;0.18817;1.24992e+10;
128;16384;16384;measure;237.747;0.163801;1.2633e+10;
128;16384;16384;measure;272.339;0.17983;1.26984e+10;
128;16384;16384;measure;241.689;0.173003;1.23894e+10;
128;16384;16384;measure;221.434;0.218494;1.22499e+10;
128;16384;16384;measure;222.725;0.148968;1.23981e+10;
128;16384;16384;measure;214.854;0.172191;1.2542e+10;
128;16384;16384;measure;235.467;0.200295;1.16078e+10;
128;16384;16384;measure;252.571;0.19329;1.24987e+10;
128;16384;16384;measure;224.263;0.192756;1.22459e+10;
128;16384;16384;measure;217.801;0.171717;1.24366e+10;
128;16384;16384;measure;237.345;0.18817;1.24992e+10;
128;16384;16384;measure;237.747;0.163801;1.2633e+10;
128;16384;16384;measure;272.339;0.17983;1.26984e+10;
128;16384;16384;measure;241.689;0.173003;1.23894e+10;
128;16384;16384;measure;221.434;0.218494;1.22499e+10;
128;16384;16384;measure;222.725;0.148968;1.23981e+10;
128;16384;16384;measure;214.854;0.172191;1.2542e+10;
128;16384;16384;measure;235.467;0.200295;1.16078e+10;
128;16384;16384;measure;252.571;0.19329;1.24987e+10;
128;16384;16384;measure;224.263;0.192756;1.22459e+10;
128;16384;16384;measure;217.801;0.171717;1.24366e+10;
128;16384;16384;measure;237.345;0.18817;1.24992e+10;
128;16384;16384;measure;237.747;0.163801;1.2633e+10;
128;16384;16384;measure;272.339;0.17983;1.26984e+10;
128;16384;16384;measure;241.689;0.173003;1.23894e+10;
128;16384;16384;measure;221.434;0.218494;1.22499e+10;
128;16384;16384;measure;222.725;0.148968;1.23981e+10;
128;16384;16384;measure;214.854;0.172191;1.2542e+10;
128;16384;16384;measure;235.467;0.200295;1.16078e+10;
128;16384;16384;measure;252.571;0.19329;1.24987e+10;
128;16384;16384;measure;224.263;0.192756;1.22459e+10;
128;16384;16384;measure;217.801;0.171717;1.24366e+10;
128;16384;16384;measure;237.345;0.18817;1.24992e+10;
128;16384;16384;measure;237.747;0.163801;1.2633e+10;
128;16384;16384;measure;272.339;0.17983;1.26984e+10;
128;16384;16384;measure;241.689;0.173003;1.23894e+10;
128;16384;16384;measure;221.434;0.218494;1.22499e+10;
128;16384;16384;measure;222.725;0.148968;1.23981e+10;
128;16384;16384;measure;214.854;0.172191;1.2542e+10;
128;16384;16384;measure;235.467;0.200295;1.16078e+10;
128;16384;16384;measure;252.571;0.19329;1.24987e+10;
128;16384;16384;measure;224.263;0.192756;1.22459e+10;
128;16384;16384;measure;217.801;0.171717;1.24366e+10;
128;16384;16384;measure;237.345;0.18817;1.24992e+10;
128;16384;16384;measure;237.747;0.163801;1.2633e+10;
128;16384;16384;measure;272.339;0.17983;1.26984e+10;
