n_threads;n_x;n_y;plan;total;initialization;fft_2d_total;
1;16384;16384;estimate;8.70779;0.467413;8.24038;
1;16384;16384;estimate;8.6435;0.41907;8.22443;
1;16384;16384;estimate;8.63681;0.420587;8.21622;
1;16384;16384;estimate;8.63227;0.419969;8.2123;
1;16384;16384;estimate;8.63377;0.420155;8.21362;
1;16384;16384;estimate;8.63612;0.418048;8.21807;
1;16384;16384;estimate;8.56373;0.420497;8.14323;
1;16384;16384;estimate;8.61747;0.418321;8.19915;
1;16384;16384;estimate;8.61356;0.420428;8.19313;
1;16384;16384;estimate;8.60328;0.419308;8.18397;
1;16384;16384;estimate;8.61183;0.418048;8.19378;
1;16384;16384;estimate;8.62704;0.418799;8.20824;
1;16384;16384;estimate;8.64738;0.417866;8.22951;
1;16384;16384;estimate;8.55797;0.418145;8.13982;
1;16384;16384;estimate;8.62881;0.418193;8.21062;
1;16384;16384;estimate;8.5909;0.417678;8.17323;
1;16384;16384;estimate;8.54565;0.417895;8.12776;
1;16384;16384;estimate;8.61893;0.41923;8.1997;
1;16384;16384;estimate;8.62902;0.417858;8.21116;
1;16384;16384;estimate;8.58076;0.41762;8.16314;
1;16384;16384;estimate;8.61315;0.417996;8.19515;
1;16384;16384;estimate;8.53071;0.418309;8.1124;
1;16384;16384;estimate;7.84346;0.418224;7.42523;
1;16384;16384;estimate;8.61694;0.418434;8.19851;
1;16384;16384;estimate;8.60938;0.418146;8.19123;
1;16384;16384;estimate;8.62307;0.421072;8.202;
1;16384;16384;estimate;8.61781;0.420574;8.19724;
1;16384;16384;estimate;8.55192;0.421872;8.13004;
1;16384;16384;estimate;8.60943;0.417717;8.19172;
1;16384;16384;estimate;8.63587;0.417931;8.21793;
1;16384;16384;estimate;7.88545;0.420559;7.46489;
1;16384;16384;estimate;8.61789;0.418615;8.19928;
1;16384;16384;estimate;8.60658;0.418161;8.18842;
1;16384;16384;estimate;8.64587;0.419467;8.2264;
1;16384;16384;estimate;8.59683;0.418934;8.1779;
1;16384;16384;estimate;8.60782;0.418416;8.18941;
1;16384;16384;estimate;8.61887;0.420723;8.19814;
1;16384;16384;estimate;8.59606;0.418202;8.17786;
1;16384;16384;estimate;8.58275;0.41777;8.16498;
1;16384;16384;estimate;7.87906;0.41841;7.46065;
1;16384;16384;estimate;7.86957;0.417478;7.45209;
1;16384;16384;estimate;8.53774;0.418991;8.11875;
1;16384;16384;estimate;8.63005;0.420146;8.2099;
1;16384;16384;estimate;8.59456;0.420059;8.1745;
1;16384;16384;estimate;8.6372;0.417729;8.21947;
1;16384;16384;estimate;8.62117;0.421177;8.2;
1;16384;16384;estimate;8.61249;0.419784;8.19271;
1;16384;16384;estimate;7.82462;0.417885;7.40674;
1;16384;16384;estimate;8.54484;0.419914;8.12493;
1;16384;16384;estimate;8.61647;0.417728;8.19874;
2;16384;16384;estimate;4.56544;0.418381;4.14706;
2;16384;16384;estimate;4.55283;0.418726;4.13411;
2;16384;16384;estimate;4.58703;0.420344;4.16669;
2;16384;16384;estimate;4.58272;0.41807;4.16465;
2;16384;16384;estimate;4.64328;0.420199;4.22308;
2;16384;16384;estimate;4.65453;0.42065;4.23388;
2;16384;16384;estimate;4.61087;0.41819;4.19268;
2;16384;16384;estimate;4.59444;0.417951;4.17649;
2;16384;16384;estimate;4.64712;0.417789;4.22933;
2;16384;16384;estimate;4.61834;0.419898;4.19844;
2;16384;16384;estimate;4.61166;0.419859;4.19181;
2;16384;16384;estimate;4.58719;0.417948;4.16924;
2;16384;16384;estimate;4.51812;0.419176;4.09895;
2;16384;16384;estimate;4.64465;0.418271;4.22638;
2;16384;16384;estimate;4.62281;0.417807;4.20501;
2;16384;16384;estimate;4.59358;0.419612;4.17396;
2;16384;16384;estimate;4.57912;0.41746;4.16166;
2;16384;16384;estimate;4.59968;0.420319;4.17936;
2;16384;16384;estimate;4.64481;0.41999;4.22482;
2;16384;16384;estimate;4.60483;0.417562;4.18726;
2;16384;16384;estimate;4.58598;0.417319;4.16866;
2;16384;16384;estimate;4.53505;0.417732;4.11732;
2;16384;16384;estimate;4.53279;0.420517;4.11228;
2;16384;16384;estimate;4.51653;0.418923;4.0976;
2;16384;16384;estimate;4.62371;0.418109;4.2056;
2;16384;16384;estimate;4.58935;0.41979;4.16956;
2;16384;16384;estimate;4.51117;0.417828;4.09334;
2;16384;16384;estimate;4.57914;0.417991;4.16115;
2;16384;16384;estimate;4.5956;0.417708;4.17789;
2;16384;16384;estimate;4.53788;0.418009;4.11987;
2;16384;16384;estimate;4.62642;0.417537;4.20889;
2;16384;16384;estimate;4.57947;0.419891;4.15958;
2;16384;16384;estimate;4.58883;0.420262;4.16856;
2;16384;16384;estimate;4.61342;0.420329;4.19309;
2;16384;16384;estimate;4.59501;0.417767;4.17724;
2;16384;16384;estimate;4.60032;0.418058;4.18226;
2;16384;16384;estimate;4.56511;0.420673;4.14444;
2;16384;16384;estimate;4.6023;0.418112;4.18419;
2;16384;16384;estimate;4.6074;0.418638;4.18876;
2;16384;16384;estimate;4.61147;0.418251;4.19322;
2;16384;16384;estimate;4.62164;0.418369;4.20327;
2;16384;16384;estimate;4.5848;0.418106;4.1667;
2;16384;16384;estimate;4.54405;0.420154;4.1239;
2;16384;16384;estimate;4.54941;0.420681;4.12873;
2;16384;16384;estimate;4.55235;0.42094;4.13141;
2;16384;16384;estimate;4.57215;0.41792;4.15423;
2;16384;16384;estimate;4.63655;0.420764;4.21579;
2;16384;16384;estimate;4.60593;0.418113;4.18781;
2;16384;16384;estimate;4.63283;0.420638;4.2122;
2;16384;16384;estimate;4.59327;0.418296;4.17498;
4;16384;16384;estimate;2.78485;0.420094;2.36475;
4;16384;16384;estimate;2.77109;0.417819;2.35327;
4;16384;16384;estimate;2.77715;0.422221;2.35493;
4;16384;16384;estimate;2.77556;0.42032;2.35524;
4;16384;16384;estimate;2.78242;0.41864;2.36378;
4;16384;16384;estimate;2.76538;0.418041;2.34734;
4;16384;16384;estimate;2.76768;0.41896;2.34872;
4;16384;16384;estimate;2.76573;0.422053;2.34368;
4;16384;16384;estimate;2.75973;0.420331;2.3394;
4;16384;16384;estimate;2.77341;0.417877;2.35554;
4;16384;16384;estimate;2.77565;0.418333;2.35731;
4;16384;16384;estimate;2.78124;0.422823;2.35842;
4;16384;16384;estimate;2.77187;0.420527;2.35134;
4;16384;16384;estimate;2.77493;0.420041;2.35489;
4;16384;16384;estimate;2.78455;0.422272;2.36228;
4;16384;16384;estimate;2.77324;0.421586;2.35165;
4;16384;16384;estimate;2.78093;0.420386;2.36054;
4;16384;16384;estimate;2.77647;0.418097;2.35837;
4;16384;16384;estimate;2.78016;0.417672;2.36249;
4;16384;16384;estimate;2.75576;0.418433;2.33733;
4;16384;16384;estimate;2.7702;0.420532;2.34966;
4;16384;16384;estimate;2.78225;0.420605;2.36165;
4;16384;16384;estimate;2.7775;0.420267;2.35723;
4;16384;16384;estimate;2.7679;0.420656;2.34725;
4;16384;16384;estimate;2.75345;0.417725;2.33573;
4;16384;16384;estimate;2.80009;0.420022;2.38007;
4;16384;16384;estimate;2.7624;0.417285;2.34511;
4;16384;16384;estimate;2.76872;0.418148;2.35058;
4;16384;16384;estimate;2.77076;0.42083;2.34993;
4;16384;16384;estimate;2.77397;0.420247;2.35373;
4;16384;16384;estimate;2.77523;0.421661;2.35357;
4;16384;16384;estimate;2.76675;0.420197;2.34655;
4;16384;16384;estimate;2.77729;0.42043;2.35686;
4;16384;16384;estimate;2.76544;0.418358;2.34708;
4;16384;16384;estimate;2.77797;0.420296;2.35768;
4;16384;16384;estimate;2.78565;0.422253;2.3634;
4;16384;16384;estimate;2.76654;0.422546;2.34399;
4;16384;16384;estimate;2.77977;0.420359;2.35942;
4;16384;16384;estimate;2.77806;0.423178;2.35488;
4;16384;16384;estimate;2.76214;0.421019;2.34112;
4;16384;16384;estimate;2.76645;0.420016;2.34644;
4;16384;16384;estimate;2.77286;0.423069;2.34979;
4;16384;16384;estimate;2.77037;0.418482;2.35189;
4;16384;16384;estimate;2.76323;0.418116;2.34512;
4;16384;16384;estimate;2.75162;0.420769;2.33085;
4;16384;16384;estimate;2.78152;0.422413;2.3591;
4;16384;16384;estimate;2.77497;0.422304;2.35266;
4;16384;16384;estimate;2.76413;0.419958;2.34417;
4;16384;16384;estimate;2.7829;0.421031;2.36187;
4;16384;16384;estimate;2.77322;0.423804;2.34941;
8;16384;16384;estimate;1.91563;0.423088;1.49254;
8;16384;16384;estimate;1.91411;0.423651;1.49046;
8;16384;16384;estimate;1.90796;0.422583;1.48538;
8;16384;16384;estimate;1.88924;0.420863;1.46838;
8;16384;16384;estimate;1.91523;0.423842;1.49138;
8;16384;16384;estimate;1.90312;0.421529;1.48159;
8;16384;16384;estimate;1.90389;0.422741;1.48115;
8;16384;16384;estimate;1.89932;0.421112;1.47821;
8;16384;16384;estimate;1.90492;0.421225;1.4837;
8;16384;16384;estimate;1.90179;0.419035;1.48275;
8;16384;16384;estimate;1.90778;0.421101;1.48668;
8;16384;16384;estimate;1.91341;0.42176;1.49165;
8;16384;16384;estimate;1.90968;0.421696;1.48798;
8;16384;16384;estimate;1.90019;0.421012;1.47918;
8;16384;16384;estimate;1.92099;0.421251;1.49974;
8;16384;16384;estimate;1.90108;0.421354;1.47973;
8;16384;16384;estimate;1.91145;0.423058;1.48839;
8;16384;16384;estimate;1.88401;0.419836;1.46417;
8;16384;16384;estimate;1.8977;0.42067;1.47703;
8;16384;16384;estimate;1.91651;0.42369;1.49282;
8;16384;16384;estimate;1.90784;0.423228;1.48461;
8;16384;16384;estimate;1.90043;0.423886;1.47654;
8;16384;16384;estimate;1.90749;0.4234;1.48409;
8;16384;16384;estimate;1.90602;0.423864;1.48216;
8;16384;16384;estimate;1.9093;0.420969;1.48833;
8;16384;16384;estimate;1.90409;0.420476;1.48362;
8;16384;16384;estimate;1.90177;0.418502;1.48327;
8;16384;16384;estimate;1.91717;0.421625;1.49555;
8;16384;16384;estimate;1.89447;0.423203;1.47127;
8;16384;16384;estimate;1.89077;0.423177;1.46759;
8;16384;16384;estimate;1.89786;0.423237;1.47462;
8;16384;16384;estimate;1.91763;0.423812;1.49382;
8;16384;16384;estimate;1.89285;0.421333;1.47152;
8;16384;16384;estimate;1.90976;0.424056;1.48571;
8;16384;16384;estimate;1.90463;0.418545;1.48609;
8;16384;16384;estimate;1.90309;0.421579;1.48151;
8;16384;16384;estimate;1.89311;0.421981;1.47113;
8;16384;16384;estimate;1.89738;0.42053;1.47685;
8;16384;16384;estimate;1.90508;0.418576;1.48651;
8;16384;16384;estimate;1.90152;0.421676;1.47985;
8;16384;16384;estimate;1.91374;0.42162;1.49212;
8;16384;16384;estimate;1.91753;0.423501;1.49402;
8;16384;16384;estimate;1.90771;0.423303;1.48441;
8;16384;16384;estimate;1.8964;0.423968;1.47243;
8;16384;16384;estimate;1.9031;0.418368;1.48473;
8;16384;16384;estimate;1.89801;0.421026;1.47698;
8;16384;16384;estimate;1.90815;0.420499;1.48765;
8;16384;16384;estimate;1.9065;0.424122;1.48238;
8;16384;16384;estimate;1.91498;0.423399;1.49158;
8;16384;16384;estimate;1.89705;0.420914;1.47614;
16;16384;16384;estimate;1.31599;0.417804;0.898188;
16;16384;16384;estimate;1.31119;0.422165;0.889024;
16;16384;16384;estimate;1.30427;0.421328;0.882941;
16;16384;16384;estimate;1.32615;0.425546;0.900603;
16;16384;16384;estimate;1.3172;0.418219;0.898978;
16;16384;16384;estimate;1.32222;0.425825;0.896397;
16;16384;16384;estimate;1.32434;0.424851;0.899492;
16;16384;16384;estimate;1.32979;0.422506;0.907284;
16;16384;16384;estimate;1.31078;0.423366;0.887414;
16;16384;16384;estimate;1.32735;0.426107;0.901246;
16;16384;16384;estimate;1.32968;0.425335;0.904345;
16;16384;16384;estimate;1.32775;0.423294;0.904456;
16;16384;16384;estimate;1.31852;0.42421;0.894307;
16;16384;16384;estimate;1.31981;0.423337;0.896476;
16;16384;16384;estimate;1.32422;0.425096;0.899125;
16;16384;16384;estimate;1.30332;0.423026;0.880298;
16;16384;16384;estimate;1.32115;0.42161;0.899539;
16;16384;16384;estimate;1.31137;0.422978;0.888394;
16;16384;16384;estimate;1.31721;0.423203;0.894007;
16;16384;16384;estimate;1.32466;0.423028;0.901629;
16;16384;16384;estimate;1.32646;0.422918;0.903544;
16;16384;16384;estimate;1.32197;0.425946;0.896023;
16;16384;16384;estimate;1.32422;0.424375;0.89984;
16;16384;16384;estimate;1.31673;0.419764;0.896961;
16;16384;16384;estimate;1.31718;0.425771;0.89141;
16;16384;16384;estimate;1.32288;0.422627;0.900255;
16;16384;16384;estimate;1.32068;0.421057;0.89962;
16;16384;16384;estimate;1.31148;0.421133;0.890345;
16;16384;16384;estimate;1.3241;0.425691;0.898407;
16;16384;16384;estimate;1.31118;0.420185;0.890992;
16;16384;16384;estimate;1.32088;0.424451;0.896424;
16;16384;16384;estimate;1.31921;0.4233;0.895912;
16;16384;16384;estimate;1.32853;0.425798;0.902735;
16;16384;16384;estimate;1.3257;0.424488;0.901214;
16;16384;16384;estimate;1.30651;0.425384;0.881126;
16;16384;16384;estimate;1.31315;0.421835;0.891318;
16;16384;16384;estimate;1.30643;0.423885;0.88254;
16;16384;16384;estimate;1.32433;0.425284;0.899047;
16;16384;16384;estimate;1.31666;0.423207;0.893458;
16;16384;16384;estimate;1.32199;0.425739;0.896251;
16;16384;16384;estimate;1.32347;0.42295;0.900524;
16;16384;16384;estimate;1.31814;0.426279;0.891857;
16;16384;16384;estimate;1.31065;0.422572;0.88808;
16;16384;16384;estimate;1.31133;0.42607;0.885264;
16;16384;16384;estimate;1.32226;0.425663;0.896594;
16;16384;16384;estimate;1.3174;0.420871;0.896529;
16;16384;16384;estimate;1.32457;0.424697;0.899869;
16;16384;16384;estimate;1.30841;0.424339;0.884072;
16;16384;16384;estimate;1.32369;0.423403;0.900285;
16;16384;16384;estimate;1.31183;0.425223;0.88661;
32;16384;16384;estimate;1.1771;0.428713;0.748386;
32;16384;16384;estimate;1.18006;0.432054;0.748005;
32;16384;16384;estimate;1.17726;0.429142;0.748121;
32;16384;16384;estimate;1.1785;0.429747;0.748753;
32;16384;16384;estimate;1.18401;0.429127;0.754883;
32;16384;16384;estimate;1.18208;0.429088;0.752987;
32;16384;16384;estimate;1.16694;0.432074;0.734862;
32;16384;16384;estimate;1.17762;0.431503;0.746121;
32;16384;16384;estimate;1.18822;0.431959;0.756265;
32;16384;16384;estimate;1.19161;0.431649;0.759965;
32;16384;16384;estimate;1.1757;0.426626;0.749072;
32;16384;16384;estimate;1.17144;0.426699;0.744742;
32;16384;16384;estimate;1.17429;0.43232;0.741974;
32;16384;16384;estimate;1.17795;0.431339;0.746606;
32;16384;16384;estimate;1.18186;0.429732;0.752123;
32;16384;16384;estimate;1.17177;0.426405;0.745365;
32;16384;16384;estimate;1.18068;0.42992;0.750764;
32;16384;16384;estimate;1.19495;0.427731;0.767222;
32;16384;16384;estimate;1.17695;0.4288;0.748154;
32;16384;16384;estimate;1.17643;0.429799;0.746632;
32;16384;16384;estimate;1.18405;0.431734;0.752315;
32;16384;16384;estimate;1.1763;0.4304;0.7459;
32;16384;16384;estimate;1.18288;0.429716;0.753159;
32;16384;16384;estimate;1.17436;0.429274;0.745084;
32;16384;16384;estimate;1.17826;0.431845;0.746416;
32;16384;16384;estimate;1.17805;0.432889;0.745156;
32;16384;16384;estimate;1.18745;0.42884;0.758613;
32;16384;16384;estimate;1.19704;0.430771;0.766267;
32;16384;16384;estimate;1.17808;0.424956;0.753127;
32;16384;16384;estimate;1.17752;0.431752;0.745768;
32;16384;16384;estimate;1.17253;0.429418;0.743111;
32;16384;16384;estimate;1.17489;0.427246;0.747648;
32;16384;16384;estimate;1.18044;0.4328;0.747637;
32;16384;16384;estimate;1.18269;0.431992;0.750694;
32;16384;16384;estimate;1.1954;0.431114;0.764288;
32;16384;16384;estimate;1.1652;0.424365;0.740832;
32;16384;16384;estimate;1.1748;0.428605;0.746195;
32;16384;16384;estimate;1.18131;0.4327;0.748612;
32;16384;16384;estimate;1.17236;0.429259;0.743099;
32;16384;16384;estimate;1.17775;0.431756;0.745995;
32;16384;16384;estimate;1.17684;0.429434;0.747407;
32;16384;16384;estimate;1.17861;0.430086;0.748523;
32;16384;16384;estimate;1.17047;0.432604;0.737865;
32;16384;16384;estimate;1.17568;0.432264;0.743418;
32;16384;16384;estimate;1.17856;0.429246;0.749319;
32;16384;16384;estimate;1.17877;0.428786;0.74998;
32;16384;16384;estimate;1.17462;0.431687;0.74293;
32;16384;16384;estimate;1.18825;0.430477;0.757768;
32;16384;16384;estimate;1.17872;0.42905;0.749667;
32;16384;16384;estimate;1.18443;0.428729;0.755697;
64;16384;16384;estimate;1.33541;0.46497;0.870442;
64;16384;16384;estimate;1.3189;0.465999;0.852899;
64;16384;16384;estimate;1.33458;0.465177;0.869404;
64;16384;16384;estimate;1.33145;0.466112;0.865337;
64;16384;16384;estimate;1.33817;0.468992;0.869175;
64;16384;16384;estimate;1.33332;0.466565;0.866755;
64;16384;16384;estimate;1.34634;0.464197;0.882148;
64;16384;16384;estimate;1.34398;0.463738;0.880241;
64;16384;16384;estimate;1.32654;0.466224;0.86032;
64;16384;16384;estimate;1.33145;0.46725;0.864199;
64;16384;16384;estimate;1.3295;0.469739;0.859762;
64;16384;16384;estimate;1.33247;0.46118;0.87129;
64;16384;16384;estimate;1.33198;0.462516;0.869463;
64;16384;16384;estimate;1.32825;0.463748;0.864498;
64;16384;16384;estimate;1.33659;0.468471;0.86812;
64;16384;16384;estimate;1.31587;0.467052;0.848818;
64;16384;16384;estimate;1.30745;0.465042;0.842409;
64;16384;16384;estimate;1.32361;0.46329;0.860315;
64;16384;16384;estimate;1.3335;0.465352;0.868146;
64;16384;16384;estimate;1.34349;0.468584;0.874909;
64;16384;16384;estimate;1.33024;0.470202;0.860035;
64;16384;16384;estimate;1.31948;0.467049;0.852428;
64;16384;16384;estimate;1.32666;0.463784;0.862871;
64;16384;16384;estimate;1.31959;0.465943;0.853652;
64;16384;16384;estimate;1.32235;0.467481;0.854872;
64;16384;16384;estimate;1.31467;0.465655;0.849011;
64;16384;16384;estimate;1.34169;0.46784;0.873845;
64;16384;16384;estimate;1.32921;0.469138;0.860069;
64;16384;16384;estimate;1.33209;0.466449;0.865639;
64;16384;16384;estimate;1.32215;0.468368;0.853786;
64;16384;16384;estimate;1.3313;0.470471;0.860827;
64;16384;16384;estimate;1.32402;0.46521;0.858811;
64;16384;16384;estimate;1.33334;0.46459;0.868747;
64;16384;16384;estimate;1.32028;0.465862;0.854418;
64;16384;16384;estimate;1.32854;0.469519;0.859023;
64;16384;16384;estimate;1.34158;0.469632;0.871945;
64;16384;16384;estimate;1.34202;0.468747;0.873273;
64;16384;16384;estimate;1.3373;0.46693;0.870368;
64;16384;16384;estimate;1.31967;0.465763;0.853905;
64;16384;16384;estimate;1.33917;0.465797;0.873368;
64;16384;16384;estimate;1.31492;0.464496;0.850421;
64;16384;16384;estimate;1.33278;0.469993;0.862787;
64;16384;16384;estimate;1.33688;0.467238;0.869645;
64;16384;16384;estimate;1.33239;0.466594;0.8658;
64;16384;16384;estimate;1.3414;0.469124;0.872276;
64;16384;16384;estimate;1.32526;0.465823;0.859435;
64;16384;16384;estimate;1.33715;0.46984;0.867307;
64;16384;16384;estimate;1.3275;0.469338;0.858166;
64;16384;16384;estimate;1.33633;0.471422;0.864912;
64;16384;16384;estimate;1.32455;0.465856;0.858689;
128;16384;16384;estimate;1.59097;0.466769;1.1242;
128;16384;16384;estimate;2.04062;0.494645;1.54598;
128;16384;16384;estimate;1.60674;0.488933;1.11781;
128;16384;16384;estimate;2.03331;0.482984;1.55032;
128;16384;16384;estimate;1.58978;0.490389;1.09939;
128;16384;16384;estimate;2.03024;0.490148;1.54009;
128;16384;16384;estimate;1.59093;0.484325;1.10661;
128;16384;16384;estimate;2.06666;0.488825;1.57784;
128;16384;16384;estimate;1.60439;0.488656;1.11573;
128;16384;16384;estimate;2.03286;0.489716;1.54315;
128;16384;16384;estimate;1.60208;0.482076;1.12001;
128;16384;16384;estimate;2.00421;0.48309;1.52112;
128;16384;16384;estimate;1.56866;0.477834;1.09082;
128;16384;16384;estimate;2.05574;0.486878;1.56886;
128;16384;16384;estimate;1.5815;0.485694;1.09581;
128;16384;16384;estimate;2.04351;0.480098;1.56341;
128;16384;16384;estimate;1.5792;0.480823;1.09838;
128;16384;16384;estimate;2.01668;0.482207;1.53447;
128;16384;16384;estimate;1.58475;0.47616;1.10859;
128;16384;16384;estimate;2.08616;0.475062;1.61109;
128;16384;16384;estimate;1.57197;0.478391;1.09358;
128;16384;16384;estimate;2.02804;0.481566;1.54647;
128;16384;16384;estimate;1.5813;0.471984;1.10932;
128;16384;16384;estimate;2.03071;0.480478;1.55023;
128;16384;16384;estimate;1.58071;0.479122;1.10159;
128;16384;16384;estimate;2.0089;0.487707;1.52119;
128;16384;16384;estimate;1.57629;0.48133;1.09496;
128;16384;16384;estimate;2.06478;0.487957;1.57682;
128;16384;16384;estimate;1.571;0.480055;1.09094;
128;16384;16384;estimate;1.99393;0.480572;1.51336;
128;16384;16384;estimate;2.0387;0.468248;1.57045;
128;16384;16384;estimate;1.57749;0.483601;1.09389;
128;16384;16384;estimate;2.0146;0.479877;1.53472;
128;16384;16384;estimate;1.57188;0.48008;1.0918;
128;16384;16384;estimate;2.08278;0.484803;1.59798;
128;16384;16384;estimate;1.99865;0.474176;1.52447;
128;16384;16384;estimate;1.56427;0.476559;1.08771;
128;16384;16384;estimate;2.07977;0.484135;1.59564;
128;16384;16384;estimate;1.58136;0.475884;1.10548;
128;16384;16384;estimate;2.00641;0.481186;1.52522;
128;16384;16384;estimate;1.59541;0.48533;1.11008;
128;16384;16384;estimate;2.00299;0.489333;1.51366;
128;16384;16384;estimate;1.58452;0.481674;1.10285;
128;16384;16384;estimate;2.10308;0.489017;1.61406;
128;16384;16384;estimate;1.99521;0.468374;1.52683;
128;16384;16384;estimate;1.59074;0.477015;1.11372;
128;16384;16384;estimate;1.98568;0.482733;1.50295;
128;16384;16384;estimate;1.57589;0.482776;1.09311;
128;16384;16384;estimate;2.0443;0.488161;1.55614;
128;16384;16384;estimate;1.59684;0.488942;1.1079;