n_threads;n_x;n_y;plan;run_flag;total;initialization;fft_2d_total;
1;16384;16384;estimate;scatter;11.5916;1.28303;10.3085;
1;16384;16384;estimate;scatter;10.368;1.24752;9.12045;
1;16384;16384;estimate;scatter;11.483;1.24799;10.235;
1;16384;16384;estimate;scatter;11.532;1.24539;10.2866;
1;16384;16384;estimate;scatter;11.4784;1.24602;10.2323;
1;16384;16384;estimate;scatter;11.4758;1.24523;10.2306;
1;16384;16384;estimate;scatter;11.4687;1.24592;10.2228;
1;16384;16384;estimate;scatter;11.4638;1.24612;10.2176;
1;16384;16384;estimate;scatter;10.3354;1.24605;9.08936;
1;16384;16384;estimate;scatter;11.4428;1.24539;10.1974;
1;16384;16384;estimate;scatter;11.5088;1.24369;10.2651;
1;16384;16384;estimate;scatter;11.4657;1.24498;10.2208;
1;16384;16384;estimate;scatter;11.4462;1.24385;10.2024;
1;16384;16384;estimate;scatter;11.4611;1.24476;10.2164;
1;16384;16384;estimate;scatter;11.4747;1.24694;10.2278;
1;16384;16384;estimate;scatter;11.4769;1.24635;10.2305;
1;16384;16384;estimate;scatter;11.45;1.24661;10.2034;
1;16384;16384;estimate;scatter;11.4738;1.24338;10.2304;
1;16384;16384;estimate;scatter;11.45;1.24613;10.2039;
1;16384;16384;estimate;scatter;11.482;1.24576;10.2362;
1;16384;16384;estimate;scatter;11.4568;1.24512;10.2117;
1;16384;16384;estimate;scatter;11.4344;1.24471;10.1897;
1;16384;16384;estimate;scatter;11.459;1.24662;10.2124;
1;16384;16384;estimate;scatter;11.4154;1.2439;10.1715;
1;16384;16384;estimate;scatter;11.5225;1.24615;10.2763;
1;16384;16384;estimate;scatter;11.4324;1.24633;10.1861;
1;16384;16384;estimate;scatter;11.4394;1.24503;10.1943;
1;16384;16384;estimate;scatter;11.4525;1.24533;10.2072;
1;16384;16384;estimate;scatter;11.5042;1.24609;10.2581;
1;16384;16384;estimate;scatter;11.4463;1.24553;10.2008;
1;16384;16384;estimate;scatter;11.4624;1.24326;10.2191;
1;16384;16384;estimate;scatter;11.4762;1.24522;10.231;
1;16384;16384;estimate;scatter;11.5021;1.24696;10.2551;
1;16384;16384;estimate;scatter;11.458;1.24645;10.2116;
1;16384;16384;estimate;scatter;11.473;1.24683;10.2262;
1;16384;16384;estimate;scatter;11.4395;1.24369;10.1958;
1;16384;16384;estimate;scatter;11.4681;1.24724;10.2209;
1;16384;16384;estimate;scatter;11.4747;1.24585;10.2288;
1;16384;16384;estimate;scatter;11.4813;1.24806;10.2332;
1;16384;16384;estimate;scatter;11.4771;1.24593;10.2312;
1;16384;16384;estimate;scatter;11.4249;1.24441;10.1805;
1;16384;16384;estimate;scatter;11.4427;1.24632;10.1964;
1;16384;16384;estimate;scatter;11.476;1.2453;10.2307;
1;16384;16384;estimate;scatter;11.425;1.24484;10.1801;
1;16384;16384;estimate;scatter;11.4516;1.24441;10.2072;
1;16384;16384;estimate;scatter;11.4413;1.24551;10.1958;
1;16384;16384;estimate;scatter;11.4806;1.24418;10.2364;
1;16384;16384;estimate;scatter;11.4953;1.24163;10.2537;
1;16384;16384;estimate;scatter;11.4607;1.24533;10.2154;
1;16384;16384;estimate;scatter;11.4615;1.24535;10.2162;
2;16384;16384;estimate;scatter;6.83974;1.24569;5.59406;
2;16384;16384;estimate;scatter;6.83339;1.24525;5.58814;
2;16384;16384;estimate;scatter;6.86458;1.24509;5.61948;
2;16384;16384;estimate;scatter;6.82789;1.24533;5.58256;
2;16384;16384;estimate;scatter;6.84715;1.24363;5.60352;
2;16384;16384;estimate;scatter;6.82397;1.24634;5.57762;
2;16384;16384;estimate;scatter;6.81007;1.24283;5.56723;
2;16384;16384;estimate;scatter;6.87455;1.24154;5.63301;
2;16384;16384;estimate;scatter;6.87284;1.24231;5.63053;
2;16384;16384;estimate;scatter;6.85525;1.24552;5.60972;
2;16384;16384;estimate;scatter;6.85298;1.24211;5.61087;
2;16384;16384;estimate;scatter;6.8498;1.24585;5.60395;
2;16384;16384;estimate;scatter;6.8928;1.24554;5.64726;
2;16384;16384;estimate;scatter;6.86585;1.24498;5.62087;
2;16384;16384;estimate;scatter;6.80653;1.24328;5.56326;
2;16384;16384;estimate;scatter;6.89237;1.24505;5.64732;
2;16384;16384;estimate;scatter;6.87916;1.24571;5.63345;
2;16384;16384;estimate;scatter;6.8143;1.24511;5.56919;
2;16384;16384;estimate;scatter;6.89922;1.2444;5.65482;
2;16384;16384;estimate;scatter;6.92161;1.24408;5.67753;
2;16384;16384;estimate;scatter;6.84786;1.24323;5.60463;
2;16384;16384;estimate;scatter;6.82549;1.24497;5.58052;
2;16384;16384;estimate;scatter;6.81415;1.25308;5.56107;
2;16384;16384;estimate;scatter;6.88815;1.2448;5.64335;
2;16384;16384;estimate;scatter;6.89776;1.2456;5.65216;
2;16384;16384;estimate;scatter;6.84368;1.24538;5.5983;
2;16384;16384;estimate;scatter;6.818;1.24476;5.57324;
2;16384;16384;estimate;scatter;6.88749;1.24364;5.64384;
2;16384;16384;estimate;scatter;6.894;1.24563;5.64837;
2;16384;16384;estimate;scatter;6.88265;1.24508;5.63757;
2;16384;16384;estimate;scatter;6.89654;1.2446;5.65194;
2;16384;16384;estimate;scatter;6.83068;1.24526;5.58542;
2;16384;16384;estimate;scatter;6.80279;1.24286;5.55993;
2;16384;16384;estimate;scatter;6.85972;1.2438;5.61592;
2;16384;16384;estimate;scatter;6.78403;1.24682;5.53721;
2;16384;16384;estimate;scatter;6.76792;1.24621;5.5217;
2;16384;16384;estimate;scatter;6.81172;1.24767;5.56405;
2;16384;16384;estimate;scatter;6.81621;1.24236;5.57385;
2;16384;16384;estimate;scatter;6.86935;1.24328;5.62606;
2;16384;16384;estimate;scatter;6.7671;1.24539;5.52171;
2;16384;16384;estimate;scatter;6.90779;1.24377;5.66402;
2;16384;16384;estimate;scatter;6.86332;1.24406;5.61926;
2;16384;16384;estimate;scatter;6.78648;1.24493;5.54155;
2;16384;16384;estimate;scatter;6.84783;1.24239;5.60544;
2;16384;16384;estimate;scatter;6.81703;1.24462;5.57241;
2;16384;16384;estimate;scatter;6.81455;1.24677;5.56778;
2;16384;16384;estimate;scatter;6.86214;1.24581;5.61632;
2;16384;16384;estimate;scatter;6.83279;1.24653;5.58627;
2;16384;16384;estimate;scatter;6.75776;1.24228;5.51548;
2;16384;16384;estimate;scatter;6.87265;1.24506;5.62759;
4;16384;16384;estimate;scatter;5.19873;1.23884;3.95989;
4;16384;16384;estimate;scatter;5.12906;1.25584;3.87322;
4;16384;16384;estimate;scatter;5.13647;1.24201;3.89446;
4;16384;16384;estimate;scatter;5.2045;1.26258;3.94192;
4;16384;16384;estimate;scatter;5.20773;1.24209;3.96565;
4;16384;16384;estimate;scatter;5.14434;1.24356;3.90078;
4;16384;16384;estimate;scatter;5.16575;1.25205;3.9137;
4;16384;16384;estimate;scatter;5.19105;1.24371;3.94734;
4;16384;16384;estimate;scatter;5.16442;1.24488;3.91954;
4;16384;16384;estimate;scatter;5.17821;1.25119;3.92702;
4;16384;16384;estimate;scatter;5.15013;1.24228;3.90785;
4;16384;16384;estimate;scatter;5.14312;1.24262;3.9005;
4;16384;16384;estimate;scatter;5.18994;1.25262;3.93732;
4;16384;16384;estimate;scatter;5.13611;1.23956;3.89655;
4;16384;16384;estimate;scatter;5.14271;1.25272;3.88999;
4;16384;16384;estimate;scatter;5.19781;1.25294;3.94487;
4;16384;16384;estimate;scatter;5.21889;1.25934;3.95955;
4;16384;16384;estimate;scatter;5.12993;1.24179;3.88814;
4;16384;16384;estimate;scatter;5.19846;1.25351;3.94495;
4;16384;16384;estimate;scatter;5.1462;1.25598;3.89022;
4;16384;16384;estimate;scatter;5.19699;1.24405;3.95294;
4;16384;16384;estimate;scatter;5.17068;1.25697;3.91371;
4;16384;16384;estimate;scatter;5.21323;1.24671;3.96652;
4;16384;16384;estimate;scatter;5.21;1.24576;3.96423;
4;16384;16384;estimate;scatter;5.18885;1.24235;3.9465;
4;16384;16384;estimate;scatter;5.19857;1.25509;3.94348;
4;16384;16384;estimate;scatter;5.13591;1.25735;3.87856;
4;16384;16384;estimate;scatter;5.18058;1.24653;3.93405;
4;16384;16384;estimate;scatter;5.13026;1.24662;3.88364;
4;16384;16384;estimate;scatter;5.19199;1.24517;3.94683;
4;16384;16384;estimate;scatter;5.14282;1.24127;3.90155;
4;16384;16384;estimate;scatter;5.14159;1.2434;3.89819;
4;16384;16384;estimate;scatter;5.16687;1.25408;3.91279;
4;16384;16384;estimate;scatter;5.20411;1.24561;3.9585;
4;16384;16384;estimate;scatter;5.17334;1.24135;3.93199;
4;16384;16384;estimate;scatter;5.14352;1.24691;3.89661;
4;16384;16384;estimate;scatter;5.20663;1.25367;3.95295;
4;16384;16384;estimate;scatter;5.16929;1.25464;3.91465;
4;16384;16384;estimate;scatter;5.20234;1.25417;3.94817;
4;16384;16384;estimate;scatter;5.16144;1.25825;3.90319;
4;16384;16384;estimate;scatter;5.1486;1.24242;3.90618;
4;16384;16384;estimate;scatter;5.15806;1.25644;3.90162;
4;16384;16384;estimate;scatter;5.17396;1.2586;3.91536;
4;16384;16384;estimate;scatter;5.19273;1.24748;3.94525;
4;16384;16384;estimate;scatter;5.16342;1.25199;3.91143;
4;16384;16384;estimate;scatter;5.19129;1.25535;3.93594;
4;16384;16384;estimate;scatter;5.14493;1.25028;3.89466;
4;16384;16384;estimate;scatter;5.19256;1.24953;3.94303;
4;16384;16384;estimate;scatter;5.20094;1.25239;3.94854;
4;16384;16384;estimate;scatter;5.16492;1.24879;3.91613;
8;16384;16384;estimate;scatter;4.68613;1.24696;3.43917;
8;16384;16384;estimate;scatter;4.65752;1.24556;3.41196;
8;16384;16384;estimate;scatter;4.64;1.25082;3.38918;
8;16384;16384;estimate;scatter;4.67372;1.24586;3.42786;
8;16384;16384;estimate;scatter;4.59119;1.24516;3.34604;
8;16384;16384;estimate;scatter;4.65773;1.24461;3.41311;
8;16384;16384;estimate;scatter;4.64451;1.24667;3.39784;
8;16384;16384;estimate;scatter;4.68484;1.25136;3.43348;
8;16384;16384;estimate;scatter;4.64254;1.24413;3.39841;
8;16384;16384;estimate;scatter;4.66371;1.25067;3.41304;
8;16384;16384;estimate;scatter;4.6963;1.24689;3.44941;
8;16384;16384;estimate;scatter;4.6905;1.2472;3.4433;
8;16384;16384;estimate;scatter;4.68571;1.24478;3.44093;
8;16384;16384;estimate;scatter;4.69316;1.24465;3.44851;
8;16384;16384;estimate;scatter;4.67299;1.24563;3.42737;
8;16384;16384;estimate;scatter;4.66066;1.24328;3.41738;
8;16384;16384;estimate;scatter;4.64886;1.24558;3.40328;
8;16384;16384;estimate;scatter;4.68055;1.24487;3.43568;
8;16384;16384;estimate;scatter;4.64546;1.24288;3.40258;
8;16384;16384;estimate;scatter;4.67517;1.24381;3.43137;
8;16384;16384;estimate;scatter;4.68802;1.24637;3.44165;
8;16384;16384;estimate;scatter;4.6245;1.24567;3.37883;
8;16384;16384;estimate;scatter;4.66855;1.24476;3.42379;
8;16384;16384;estimate;scatter;4.67824;1.24447;3.43377;
8;16384;16384;estimate;scatter;4.61591;1.24557;3.37035;
8;16384;16384;estimate;scatter;4.68103;1.24653;3.4345;
8;16384;16384;estimate;scatter;4.66873;1.24651;3.42222;
8;16384;16384;estimate;scatter;4.69095;1.24455;3.44639;
8;16384;16384;estimate;scatter;4.67176;1.24589;3.42587;
8;16384;16384;estimate;scatter;4.66451;1.24616;3.41836;
8;16384;16384;estimate;scatter;4.63182;1.25231;3.37952;
8;16384;16384;estimate;scatter;4.67454;1.24742;3.42712;
8;16384;16384;estimate;scatter;4.65726;1.24569;3.41157;
8;16384;16384;estimate;scatter;4.66752;1.24708;3.42044;
8;16384;16384;estimate;scatter;4.6532;1.2436;3.4096;
8;16384;16384;estimate;scatter;4.667;1.25684;3.41016;
8;16384;16384;estimate;scatter;4.66711;1.25086;3.41625;
8;16384;16384;estimate;scatter;4.65665;1.24755;3.4091;
8;16384;16384;estimate;scatter;4.64383;1.24497;3.39885;
8;16384;16384;estimate;scatter;4.68017;1.25211;3.42807;
8;16384;16384;estimate;scatter;4.70547;1.2492;3.45627;
8;16384;16384;estimate;scatter;4.64637;1.24135;3.40501;
8;16384;16384;estimate;scatter;4.66691;1.24667;3.42024;
8;16384;16384;estimate;scatter;4.66769;1.25252;3.41517;
8;16384;16384;estimate;scatter;4.62628;1.24454;3.38175;
8;16384;16384;estimate;scatter;4.68157;1.24698;3.43459;
8;16384;16384;estimate;scatter;4.68702;1.24745;3.43957;
8;16384;16384;estimate;scatter;4.69856;1.25043;3.44813;
8;16384;16384;estimate;scatter;4.65521;1.25328;3.40193;
8;16384;16384;estimate;scatter;4.65564;1.24676;3.40889;
16;16384;16384;estimate;scatter;4.26785;1.25367;3.01419;
16;16384;16384;estimate;scatter;4.27414;1.24893;3.02521;
16;16384;16384;estimate;scatter;4.26151;1.25284;3.00867;
16;16384;16384;estimate;scatter;4.24721;1.25024;2.99697;
16;16384;16384;estimate;scatter;4.26987;1.24782;3.02205;
16;16384;16384;estimate;scatter;4.21736;1.25178;2.96558;
16;16384;16384;estimate;scatter;4.27623;1.25348;3.02275;
16;16384;16384;estimate;scatter;4.28551;1.25901;3.0265;
16;16384;16384;estimate;scatter;4.20043;1.25896;2.94148;
16;16384;16384;estimate;scatter;4.25534;1.25662;2.99872;
16;16384;16384;estimate;scatter;4.25453;1.25503;2.9995;
16;16384;16384;estimate;scatter;4.25667;1.25994;2.99673;
16;16384;16384;estimate;scatter;4.25738;1.25817;2.99921;
16;16384;16384;estimate;scatter;4.25116;1.26217;2.98899;
16;16384;16384;estimate;scatter;4.22212;1.25973;2.96239;
16;16384;16384;estimate;scatter;4.26485;1.25916;3.00569;
16;16384;16384;estimate;scatter;4.25514;1.24882;3.00632;
16;16384;16384;estimate;scatter;4.21791;1.2551;2.96281;
16;16384;16384;estimate;scatter;4.26923;1.24979;3.01944;
16;16384;16384;estimate;scatter;4.29809;1.26189;3.0362;
16;16384;16384;estimate;scatter;4.25004;1.25174;2.99831;
16;16384;16384;estimate;scatter;4.22245;1.24808;2.97437;
16;16384;16384;estimate;scatter;4.25715;1.24941;3.00774;
16;16384;16384;estimate;scatter;4.3021;1.27055;3.03155;
16;16384;16384;estimate;scatter;4.25294;1.25385;2.99909;
16;16384;16384;estimate;scatter;4.21396;1.25289;2.96107;
16;16384;16384;estimate;scatter;4.2583;1.25127;3.00703;
16;16384;16384;estimate;scatter;4.24737;1.25597;2.9914;
16;16384;16384;estimate;scatter;4.2145;1.24713;2.96738;
16;16384;16384;estimate;scatter;4.26005;1.25527;3.00478;
16;16384;16384;estimate;scatter;4.24777;1.25279;2.99498;
16;16384;16384;estimate;scatter;4.27308;1.25036;3.02272;
16;16384;16384;estimate;scatter;4.24165;1.26397;2.97768;
16;16384;16384;estimate;scatter;4.22376;1.25232;2.97144;
16;16384;16384;estimate;scatter;4.26217;1.25896;3.0032;
16;16384;16384;estimate;scatter;4.24242;1.25383;2.98859;
16;16384;16384;estimate;scatter;4.25623;1.25017;3.00605;
16;16384;16384;estimate;scatter;4.28684;1.25002;3.03682;
16;16384;16384;estimate;scatter;4.26686;1.2589;3.00796;
16;16384;16384;estimate;scatter;4.27789;1.25458;3.02331;
16;16384;16384;estimate;scatter;4.27771;1.25399;3.02373;
16;16384;16384;estimate;scatter;4.23592;1.25635;2.97957;
16;16384;16384;estimate;scatter;4.30134;1.25569;3.04565;
16;16384;16384;estimate;scatter;4.25896;1.24856;3.0104;
16;16384;16384;estimate;scatter;4.28942;1.24727;3.04215;
16;16384;16384;estimate;scatter;4.25763;1.25406;3.00357;
16;16384;16384;estimate;scatter;4.24505;1.25755;2.9875;
16;16384;16384;estimate;scatter;4.28777;1.25374;3.03403;
16;16384;16384;estimate;scatter;4.25687;1.25981;2.99707;
16;16384;16384;estimate;scatter;4.25491;1.25757;2.99733;
32;16384;16384;estimate;scatter;4.0308;1.26962;2.76118;
32;16384;16384;estimate;scatter;4.05231;1.27466;2.77764;
32;16384;16384;estimate;scatter;4.02529;1.28183;2.74346;
32;16384;16384;estimate;scatter;4.03812;1.27323;2.76489;
32;16384;16384;estimate;scatter;4.09004;1.28906;2.80098;
32;16384;16384;estimate;scatter;4.07954;1.28203;2.79752;
32;16384;16384;estimate;scatter;4.06209;1.27791;2.78418;
32;16384;16384;estimate;scatter;4.05786;1.28157;2.77629;
32;16384;16384;estimate;scatter;4.02537;1.28171;2.74366;
32;16384;16384;estimate;scatter;4.04184;1.28548;2.75637;
32;16384;16384;estimate;scatter;4.01984;1.27658;2.74326;
32;16384;16384;estimate;scatter;4.0452;1.27735;2.76785;
32;16384;16384;estimate;scatter;4.08835;1.28059;2.80776;
32;16384;16384;estimate;scatter;4.0714;1.27614;2.79526;
32;16384;16384;estimate;scatter;4.04963;1.28165;2.76799;
32;16384;16384;estimate;scatter;4.00904;1.27298;2.73606;
32;16384;16384;estimate;scatter;4.05359;1.27171;2.78188;
32;16384;16384;estimate;scatter;4.06489;1.28126;2.78363;
32;16384;16384;estimate;scatter;4.06603;1.2812;2.78482;
32;16384;16384;estimate;scatter;4.05636;1.28933;2.76703;
32;16384;16384;estimate;scatter;4.02035;1.27758;2.74277;
32;16384;16384;estimate;scatter;4.07777;1.29467;2.7831;
32;16384;16384;estimate;scatter;4.05539;1.28527;2.77013;
32;16384;16384;estimate;scatter;4.05203;1.27449;2.77754;
32;16384;16384;estimate;scatter;4.06296;1.27475;2.78821;
32;16384;16384;estimate;scatter;4.07552;1.27171;2.80381;
32;16384;16384;estimate;scatter;4.02294;1.27343;2.7495;
32;16384;16384;estimate;scatter;4.06138;1.27741;2.78397;
32;16384;16384;estimate;scatter;4.04371;1.27947;2.76424;
32;16384;16384;estimate;scatter;4.05923;1.27561;2.78362;
32;16384;16384;estimate;scatter;4.01864;1.2806;2.73804;
32;16384;16384;estimate;scatter;4.00913;1.28414;2.72499;
32;16384;16384;estimate;scatter;4.06026;1.28107;2.77919;
32;16384;16384;estimate;scatter;4.00765;1.281;2.72664;
32;16384;16384;estimate;scatter;4.05861;1.27445;2.78416;
32;16384;16384;estimate;scatter;4.02847;1.27432;2.75415;
32;16384;16384;estimate;scatter;4.06744;1.28398;2.78346;
32;16384;16384;estimate;scatter;4.03156;1.27955;2.75201;
32;16384;16384;estimate;scatter;4.0252;1.2816;2.74361;
32;16384;16384;estimate;scatter;4.01036;1.27499;2.73537;
32;16384;16384;estimate;scatter;4.06644;1.27873;2.78772;
32;16384;16384;estimate;scatter;4.07481;1.27734;2.79747;
32;16384;16384;estimate;scatter;4.06614;1.28391;2.78223;
32;16384;16384;estimate;scatter;4.05445;1.27996;2.77449;
32;16384;16384;estimate;scatter;4.05131;1.28682;2.7645;
32;16384;16384;estimate;scatter;4.04759;1.28314;2.76445;
32;16384;16384;estimate;scatter;4.04014;1.2748;2.76534;
32;16384;16384;estimate;scatter;4.0264;1.28145;2.74495;
32;16384;16384;estimate;scatter;4.03655;1.27485;2.7617;
32;16384;16384;estimate;scatter;4.0508;1.27693;2.77387;
64;16384;16384;estimate;scatter;4.03227;1.31848;2.71379;
64;16384;16384;estimate;scatter;4.09651;1.33246;2.76405;
64;16384;16384;estimate;scatter;4.04946;1.32539;2.72407;
64;16384;16384;estimate;scatter;4.04739;1.31511;2.73229;
64;16384;16384;estimate;scatter;4.05253;1.32328;2.72926;
64;16384;16384;estimate;scatter;4.10309;1.38505;2.71804;
64;16384;16384;estimate;scatter;4.06179;1.3172;2.74458;
64;16384;16384;estimate;scatter;4.07782;1.32037;2.75746;
64;16384;16384;estimate;scatter;4.04168;1.31733;2.72435;
64;16384;16384;estimate;scatter;4.05907;1.33879;2.72027;
64;16384;16384;estimate;scatter;4.12915;1.38137;2.74778;
64;16384;16384;estimate;scatter;4.08694;1.31941;2.76752;
64;16384;16384;estimate;scatter;4.09703;1.32588;2.77115;
64;16384;16384;estimate;scatter;4.07137;1.31918;2.75219;
64;16384;16384;estimate;scatter;4.03654;1.32609;2.71045;
64;16384;16384;estimate;scatter;4.09621;1.32809;2.76812;
64;16384;16384;estimate;scatter;4.0908;1.32507;2.76573;
64;16384;16384;estimate;scatter;4.0897;1.32467;2.76502;
64;16384;16384;estimate;scatter;4.09816;1.33944;2.75872;
64;16384;16384;estimate;scatter;4.11245;1.39796;2.71449;
64;16384;16384;estimate;scatter;4.04299;1.32658;2.71641;
64;16384;16384;estimate;scatter;4.07224;1.35131;2.72093;
64;16384;16384;estimate;scatter;4.09751;1.31354;2.78397;
64;16384;16384;estimate;scatter;4.09016;1.34262;2.74754;
64;16384;16384;estimate;scatter;4.06919;1.32725;2.74194;
64;16384;16384;estimate;scatter;4.06261;1.31863;2.74398;
64;16384;16384;estimate;scatter;4.08067;1.35178;2.7289;
64;16384;16384;estimate;scatter;4.03798;1.32556;2.71242;
64;16384;16384;estimate;scatter;4.11464;1.36971;2.74493;
64;16384;16384;estimate;scatter;4.08107;1.32369;2.75738;
64;16384;16384;estimate;scatter;4.04484;1.33108;2.71377;
64;16384;16384;estimate;scatter;4.06771;1.33171;2.736;
64;16384;16384;estimate;scatter;4.12672;1.38707;2.73965;
64;16384;16384;estimate;scatter;4.03884;1.32604;2.71281;
64;16384;16384;estimate;scatter;4.11028;1.38105;2.72923;
64;16384;16384;estimate;scatter;4.09757;1.38114;2.71642;
64;16384;16384;estimate;scatter;4.03118;1.328;2.70318;
64;16384;16384;estimate;scatter;4.01194;1.32383;2.68811;
64;16384;16384;estimate;scatter;4.05597;1.32778;2.72819;
64;16384;16384;estimate;scatter;4.05989;1.33694;2.72295;
64;16384;16384;estimate;scatter;4.05071;1.33304;2.71766;
64;16384;16384;estimate;scatter;4.06422;1.33485;2.72937;
64;16384;16384;estimate;scatter;4.07152;1.33651;2.73501;
64;16384;16384;estimate;scatter;4.03383;1.32149;2.71234;
64;16384;16384;estimate;scatter;4.05371;1.32592;2.72779;
64;16384;16384;estimate;scatter;4.07867;1.34664;2.73203;
64;16384;16384;estimate;scatter;4.03771;1.33781;2.6999;
64;16384;16384;estimate;scatter;4.04286;1.34159;2.70127;
64;16384;16384;estimate;scatter;4.07226;1.32349;2.74876;
64;16384;16384;estimate;scatter;4.09017;1.3274;2.76277;
128;16384;16384;estimate;scatter;4.17399;1.32113;2.85287;
128;16384;16384;estimate;scatter;4.21054;1.34533;2.86521;
128;16384;16384;estimate;scatter;4.28348;1.41281;2.87067;
128;16384;16384;estimate;scatter;4.17234;1.32709;2.84525;
128;16384;16384;estimate;scatter;4.17992;1.31819;2.86173;
128;16384;16384;estimate;scatter;4.22816;1.37205;2.85611;
128;16384;16384;estimate;scatter;4.25797;1.39743;2.86054;
128;16384;16384;estimate;scatter;4.2035;1.33043;2.87307;
128;16384;16384;estimate;scatter;4.1721;1.36499;2.80712;
128;16384;16384;estimate;scatter;4.16128;1.33249;2.82879;
128;16384;16384;estimate;scatter;4.22497;1.40731;2.81766;
128;16384;16384;estimate;scatter;4.22638;1.36684;2.85955;
128;16384;16384;estimate;scatter;4.19915;1.37044;2.82871;
128;16384;16384;estimate;scatter;4.18509;1.3352;2.84989;
128;16384;16384;estimate;scatter;4.18592;1.32516;2.86077;
128;16384;16384;estimate;scatter;4.24804;1.35702;2.89102;
128;16384;16384;estimate;scatter;4.23226;1.42162;2.81064;
128;16384;16384;estimate;scatter;4.22848;1.34911;2.87936;
128;16384;16384;estimate;scatter;4.16387;1.36224;2.80162;
128;16384;16384;estimate;scatter;4.11603;1.346;2.77003;
128;16384;16384;estimate;scatter;4.15229;1.33629;2.816;
128;16384;16384;estimate;scatter;4.22471;1.36558;2.85913;
128;16384;16384;estimate;scatter;4.28623;1.4153;2.87093;
128;16384;16384;estimate;scatter;4.21199;1.36094;2.85105;
128;16384;16384;estimate;scatter;4.22063;1.39767;2.82296;
128;16384;16384;estimate;scatter;4.29698;1.43775;2.85923;
128;16384;16384;estimate;scatter;4.28212;1.43888;2.84324;
128;16384;16384;estimate;scatter;4.25253;1.36798;2.88455;
128;16384;16384;estimate;scatter;4.24211;1.42424;2.81787;
128;16384;16384;estimate;scatter;4.29933;1.41816;2.88117;
128;16384;16384;estimate;scatter;4.21228;1.3335;2.87878;
128;16384;16384;estimate;scatter;4.27448;1.38826;2.88622;
128;16384;16384;estimate;scatter;4.2125;1.37;2.8425;
128;16384;16384;estimate;scatter;4.23639;1.40733;2.82906;
128;16384;16384;estimate;scatter;4.2124;1.35586;2.85654;
128;16384;16384;estimate;scatter;4.18181;1.36403;2.81778;
128;16384;16384;estimate;scatter;4.27133;1.40852;2.86281;
128;16384;16384;estimate;scatter;4.26585;1.41329;2.85256;
128;16384;16384;estimate;scatter;4.19127;1.33353;2.85774;
128;16384;16384;estimate;scatter;4.27795;1.35603;2.92192;
128;16384;16384;estimate;scatter;4.19171;1.36188;2.82983;
128;16384;16384;estimate;scatter;4.27109;1.42127;2.84982;
128;16384;16384;estimate;scatter;4.1737;1.33082;2.84288;
128;16384;16384;estimate;scatter;4.19981;1.3843;2.81551;
128;16384;16384;estimate;scatter;4.25199;1.42369;2.8283;
128;16384;16384;estimate;scatter;4.2289;1.34043;2.88847;
128;16384;16384;estimate;scatter;4.20505;1.35014;2.85491;
128;16384;16384;estimate;scatter;4.1631;1.32578;2.83732;
128;16384;16384;estimate;scatter;4.15817;1.34937;2.8088;
128;16384;16384;estimate;scatter;4.20515;1.361;2.84416;