n_ranks;n_threads;n_x;n_y;plan;planning;fftw_2d_r2c;plan_flops;
1;1;16384;16384;measure;14.7385;5.56741;1.22294e+10;
1;1;16384;16384;measure;14.6557;5.5064;1.23636e+10;
1;1;16384;16384;measure;14.5276;5.5277;1.23133e+10;
1;1;16384;16384;measure;14.6771;5.47811;1.22294e+10;
1;1;16384;16384;measure;14.6749;5.46919;1.22294e+10;
1;1;16384;16384;measure;14.6732;5.44514;1.23142e+10;
1;1;16384;16384;measure;14.7028;5.49556;1.22294e+10;
1;1;16384;16384;measure;14.6565;5.48871;1.23142e+10;
1;1;16384;16384;measure;14.737;5.48898;1.22797e+10;
1;1;16384;16384;measure;14.5332;5.52905;1.22294e+10;
1;1;16384;16384;measure;14.7068;5.47676;1.22294e+10;
1;1;16384;16384;measure;14.5954;5.50617;1.23133e+10;
1;1;16384;16384;measure;14.4064;5.50961;1.24316e+10;
1;1;16384;16384;measure;14.355;5.50881;1.22294e+10;
1;1;16384;16384;measure;14.638;5.52565;1.22294e+10;
1;1;16384;16384;measure;14.6306;5.4659;1.23142e+10;
1;1;16384;16384;measure;14.633;5.54968;1.22965e+10;
1;1;16384;16384;measure;14.7079;5.52029;1.22779e+10;
1;1;16384;16384;measure;14.5053;5.46859;1.23636e+10;
1;1;16384;16384;measure;14.6868;5.4708;1.22294e+10;
1;1;16384;16384;measure;14.5365;5.42521;1.23142e+10;
1;1;16384;16384;measure;14.597;5.45087;1.23142e+10;
1;1;16384;16384;measure;14.612;5.47851;1.22294e+10;
1;1;16384;16384;measure;14.6608;5.47304;1.22797e+10;
1;1;16384;16384;measure;14.7474;5.59122;1.22629e+10;
1;1;16384;16384;measure;14.704;5.49073;1.23142e+10;
1;1;16384;16384;measure;14.4654;5.45265;1.23981e+10;
1;1;16384;16384;measure;14.6916;5.51836;1.22294e+10;
1;1;16384;16384;measure;14.7797;5.51166;1.22294e+10;
1;1;16384;16384;measure;14.612;5.48486;1.22294e+10;
1;1;16384;16384;measure;14.7326;5.55159;1.22294e+10;
1;1;16384;16384;measure;14.6227;5.46083;1.22294e+10;
1;1;16384;16384;measure;14.7125;5.5123;1.22294e+10;
1;1;16384;16384;measure;14.6341;5.51195;1.23142e+10;
1;1;16384;16384;measure;14.6457;5.52577;1.22294e+10;
1;1;16384;16384;measure;14.5839;5.49567;1.22294e+10;
1;1;16384;16384;measure;14.6307;5.56808;1.22294e+10;
1;1;16384;16384;measure;14.668;5.50089;1.22294e+10;
1;1;16384;16384;measure;14.2897;5.37194;1.22462e+10;
1;1;16384;16384;measure;14.6962;5.53954;1.23477e+10;
1;1;16384;16384;measure;14.6703;5.45103;1.23142e+10;
1;1;16384;16384;measure;14.6573;5.45357;1.23981e+10;
1;1;16384;16384;measure;14.7137;5.45884;1.23142e+10;
1;1;16384;16384;measure;14.3492;5.40647;1.22797e+10;
1;1;16384;16384;measure;14.7145;5.50067;1.22294e+10;
1;1;16384;16384;measure;14.6113;5.46656;1.2516e+10;
1;1;16384;16384;measure;14.662;5.48321;1.22294e+10;
1;1;16384;16384;measure;14.8247;5.48168;1.22294e+10;
1;1;16384;16384;measure;14.448;5.49461;1.23133e+10;
1;1;16384;16384;measure;14.6869;5.47654;1.22294e+10;
2;1;16384;16384;measure;34.7403;3.09907;0;
2;1;16384;16384;measure;34.6663;3.1132;0;
2;1;16384;16384;measure;34.6341;3.11353;0;
2;1;16384;16384;measure;34.6801;3.05576;0;
2;1;16384;16384;measure;34.7488;3.06919;0;
2;1;16384;16384;measure;34.6366;3.06677;0;
2;1;16384;16384;measure;34.7198;3.0134;0;
2;1;16384;16384;measure;34.7783;3.10432;0;
2;1;16384;16384;measure;34.5652;3.08668;0;
2;1;16384;16384;measure;34.679;3.14631;0;
2;1;16384;16384;measure;34.6548;3.079;0;
2;1;16384;16384;measure;34.9107;3.06138;0;
2;1;16384;16384;measure;34.7747;3.09141;0;
2;1;16384;16384;measure;34.6837;3.10865;0;
2;1;16384;16384;measure;34.805;3.07904;0;
2;1;16384;16384;measure;34.718;3.1744;0;
2;1;16384;16384;measure;34.71;3.08296;0;
2;1;16384;16384;measure;34.6283;3.02708;0;
2;1;16384;16384;measure;34.4316;3.07753;0;
2;1;16384;16384;measure;34.6102;3.08251;0;
2;1;16384;16384;measure;34.6401;3.12149;0;
2;1;16384;16384;measure;34.6789;3.01695;0;
2;1;16384;16384;measure;34.6117;3.10153;0;
2;1;16384;16384;measure;34.7725;3.01413;0;
2;1;16384;16384;measure;34.432;3.10365;0;
2;1;16384;16384;measure;34.7381;3.03107;0;
2;1;16384;16384;measure;34.5916;3.13519;0;
2;1;16384;16384;measure;34.6194;3.10111;0;
2;1;16384;16384;measure;34.5844;3.10086;0;
2;1;16384;16384;measure;34.7591;3.066;0;
2;1;16384;16384;measure;34.6482;3.0785;0;
2;1;16384;16384;measure;34.8088;2.99987;0;
2;1;16384;16384;measure;34.5985;3.11756;0;
2;1;16384;16384;measure;34.5658;3.10253;0;
2;1;16384;16384;measure;34.7578;3.01737;0;
2;1;16384;16384;measure;34.6862;3.09287;0;
2;1;16384;16384;measure;34.7941;3.06975;0;
2;1;16384;16384;measure;34.5927;3.09722;0;
2;1;16384;16384;measure;34.592;2.98327;0;
2;1;16384;16384;measure;34.7104;3.06104;0;
2;1;16384;16384;measure;34.8228;3.04102;0;
2;1;16384;16384;measure;34.4495;3.09067;0;
2;1;16384;16384;measure;34.5199;3.06711;0;
2;1;16384;16384;measure;34.7829;3.11707;0;
2;1;16384;16384;measure;34.7654;3.00986;0;
2;1;16384;16384;measure;34.5923;3.06799;0;
2;1;16384;16384;measure;34.4281;3.14753;0;
2;1;16384;16384;measure;34.9764;3.08899;0;
2;1;16384;16384;measure;34.6938;3.12641;0;
2;1;16384;16384;measure;34.7707;3.00327;0;
4;1;16384;16384;measure;18.5005;1.69279;0;
4;1;16384;16384;measure;18.7314;1.79126;0;
4;1;16384;16384;measure;18.6955;1.69819;0;
4;1;16384;16384;measure;18.7264;1.81186;0;
4;1;16384;16384;measure;18.967;1.81334;0;
4;1;16384;16384;measure;18.0495;1.72584;0;
4;1;16384;16384;measure;18.3173;1.672;0;
4;1;16384;16384;measure;18.4463;1.70044;0;
4;1;16384;16384;measure;18.3732;1.68398;0;
4;1;16384;16384;measure;18.4764;1.68314;0;
4;1;16384;16384;measure;18.3789;1.69497;0;
4;1;16384;16384;measure;18.0889;1.71901;0;
4;1;16384;16384;measure;18.9003;1.78397;0;
4;1;16384;16384;measure;18.079;1.72221;0;
4;1;16384;16384;measure;18.5986;1.79996;0;
4;1;16384;16384;measure;18.223;1.72769;0;
4;1;16384;16384;measure;18.2374;1.72496;0;
4;1;16384;16384;measure;19.1084;1.76605;0;
4;1;16384;16384;measure;18.9353;1.74831;0;
4;1;16384;16384;measure;19.134;2.12989;0;
4;1;16384;16384;measure;18.6086;1.77772;0;
4;1;16384;16384;measure;18.3459;1.68943;0;
4;1;16384;16384;measure;18.6409;1.72435;0;
4;1;16384;16384;measure;18.7303;1.81405;0;
4;1;16384;16384;measure;18.3086;1.66788;0;
4;1;16384;16384;measure;18.9691;1.82008;0;
4;1;16384;16384;measure;18.1524;1.68859;0;
4;1;16384;16384;measure;18.5294;1.75449;0;
4;1;16384;16384;measure;18.222;1.72432;0;
4;1;16384;16384;measure;18.3094;1.7112;0;
4;1;16384;16384;measure;18.0864;1.72376;0;
4;1;16384;16384;measure;18.325;1.69412;0;
4;1;16384;16384;measure;18.3594;1.71528;0;
4;1;16384;16384;measure;18.9157;1.79561;0;
4;1;16384;16384;measure;18.7345;1.79488;0;
4;1;16384;16384;measure;18.2589;1.70516;0;
4;1;16384;16384;measure;18.2633;1.71825;0;
4;1;16384;16384;measure;18.6282;1.81434;0;
4;1;16384;16384;measure;18.7454;1.82166;0;
4;1;16384;16384;measure;18.798;1.80875;0;
4;1;16384;16384;measure;18.8005;1.76639;0;
4;1;16384;16384;measure;18.4191;1.69346;0;
4;1;16384;16384;measure;18.357;1.70647;0;
4;1;16384;16384;measure;18.6254;1.82497;0;
4;1;16384;16384;measure;18.1023;1.69838;0;
4;1;16384;16384;measure;18.7357;1.8062;0;
4;1;16384;16384;measure;18.3307;1.67872;0;
4;1;16384;16384;measure;19.0611;1.82164;0;
4;1;16384;16384;measure;18.6074;1.7215;0;
4;1;16384;16384;measure;18.2587;1.73309;0;
8;1;16384;16384;measure;10.3212;1.12371;0;
8;1;16384;16384;measure;10.3192;1.10947;0;
8;1;16384;16384;measure;10.316;1.14112;0;
8;1;16384;16384;measure;10.3663;1.13906;0;
8;1;16384;16384;measure;10.4262;1.09411;0;
8;1;16384;16384;measure;10.4016;1.12798;0;
8;1;16384;16384;measure;10.451;1.12071;0;
8;1;16384;16384;measure;10.3922;1.11787;0;
8;1;16384;16384;measure;10.3502;1.14749;0;
8;1;16384;16384;measure;10.3356;1.13794;0;
8;1;16384;16384;measure;10.3567;1.13251;0;
8;1;16384;16384;measure;10.3765;1.12555;0;
8;1;16384;16384;measure;10.5219;1.1274;0;
8;1;16384;16384;measure;10.3542;1.10784;0;
8;1;16384;16384;measure;10.3192;1.11673;0;
8;1;16384;16384;measure;10.3763;1.11237;0;
8;1;16384;16384;measure;10.4356;1.13522;0;
8;1;16384;16384;measure;10.3758;1.10834;0;
8;1;16384;16384;measure;10.3495;1.12759;0;
8;1;16384;16384;measure;10.4594;1.12818;0;
8;1;16384;16384;measure;10.4459;1.11625;0;
8;1;16384;16384;measure;10.3296;1.12949;0;
8;1;16384;16384;measure;10.3583;1.11432;0;
8;1;16384;16384;measure;10.3939;1.13473;0;
8;1;16384;16384;measure;10.4462;1.14019;0;
8;1;16384;16384;measure;10.3308;1.11093;0;
8;1;16384;16384;measure;10.4406;1.13101;0;
8;1;16384;16384;measure;10.3474;1.10411;0;
8;1;16384;16384;measure;10.3473;1.11178;0;
8;1;16384;16384;measure;10.3262;1.11937;0;
8;1;16384;16384;measure;10.3691;1.11734;0;
8;1;16384;16384;measure;10.3991;1.11032;0;
8;1;16384;16384;measure;10.4075;1.28506;0;
8;1;16384;16384;measure;10.3844;1.11556;0;
8;1;16384;16384;measure;10.3804;1.13542;0;
8;1;16384;16384;measure;10.3733;1.11503;0;
8;1;16384;16384;measure;10.4522;1.13276;0;
8;1;16384;16384;measure;10.4214;1.11459;0;
8;1;16384;16384;measure;10.3258;1.12065;0;
8;1;16384;16384;measure;10.4322;1.125;0;
8;1;16384;16384;measure;10.4613;1.12209;0;
8;1;16384;16384;measure;10.3395;1.12207;0;
8;1;16384;16384;measure;10.412;1.10978;0;
8;1;16384;16384;measure;10.3274;1.12374;0;
8;1;16384;16384;measure;10.5685;1.14101;0;
8;1;16384;16384;measure;10.4105;1.1164;0;
8;1;16384;16384;measure;10.3392;1.12704;0;
8;1;16384;16384;measure;10.4336;1.11461;0;
8;1;16384;16384;measure;10.3178;1.1111;0;
8;1;16384;16384;measure;10.4103;1.13343;0;
16;1;16384;16384;measure;7.3515;0.698934;0;
16;1;16384;16384;measure;7.22863;0.695642;0;
16;1;16384;16384;measure;7.20485;0.702539;0;
16;1;16384;16384;measure;7.26853;0.691814;0;
16;1;16384;16384;measure;7.2975;0.69735;0;
16;1;16384;16384;measure;7.40596;0.776728;0;
16;1;16384;16384;measure;7.0261;0.686263;0;
16;1;16384;16384;measure;7.26409;0.69873;0;
16;1;16384;16384;measure;7.25649;0.692789;0;
16;1;16384;16384;measure;7.24678;0.677002;0;
16;1;16384;16384;measure;7.3932;0.705575;0;
16;1;16384;16384;measure;7.28587;0.710561;0;
16;1;16384;16384;measure;7.25756;0.703065;0;
16;1;16384;16384;measure;7.27319;0.698866;0;
16;1;16384;16384;measure;7.25352;0.695367;0;
16;1;16384;16384;measure;7.3062;0.693518;0;
16;1;16384;16384;measure;7.23893;0.695185;0;
16;1;16384;16384;measure;7.26717;0.695058;0;
16;1;16384;16384;measure;7.31701;0.711944;0;
16;1;16384;16384;measure;7.3496;0.706499;0;
16;1;16384;16384;measure;7.46806;0.712801;0;
16;1;16384;16384;measure;7.23958;0.696684;0;
16;1;16384;16384;measure;7.25461;0.696498;0;
16;1;16384;16384;measure;7.06561;0.673461;0;
16;1;16384;16384;measure;7.31164;0.71459;0;
16;1;16384;16384;measure;7.36245;0.687641;0;
16;1;16384;16384;measure;7.33128;0.7033;0;
16;1;16384;16384;measure;7.23914;0.697831;0;
16;1;16384;16384;measure;7.13778;0.685481;0;
16;1;16384;16384;measure;7.17245;0.679393;0;
16;1;16384;16384;measure;7.26749;0.700564;0;
16;1;16384;16384;measure;7.2686;0.694073;0;
16;1;16384;16384;measure;7.50402;0.733308;0;
16;1;16384;16384;measure;7.2712;0.699829;0;
16;1;16384;16384;measure;7.3808;0.703754;0;
16;1;16384;16384;measure;7.29758;0.706312;0;
16;1;16384;16384;measure;7.31111;0.713254;0;
16;1;16384;16384;measure;7.25236;0.707405;0;
16;1;16384;16384;measure;7.52063;0.695632;0;
16;1;16384;16384;measure;7.3005;0.702027;0;
16;1;16384;16384;measure;7.40785;0.704688;0;
16;1;16384;16384;measure;7.07577;0.678652;0;
16;1;16384;16384;measure;7.50159;0.72111;0;
16;1;16384;16384;measure;7.2208;0.696229;0;
16;1;16384;16384;measure;7.2711;0.691897;0;
16;1;16384;16384;measure;7.25061;0.701151;0;
16;1;16384;16384;measure;7.06362;0.684652;0;
16;1;16384;16384;measure;7.35231;0.706966;0;
16;1;16384;16384;measure;7.26002;0.6936;0;
16;1;16384;16384;measure;7.30017;0.690567;0;
32;1;16384;16384;measure;5.10964;0.541042;0;
32;1;16384;16384;measure;4.96124;0.540249;0;
32;1;16384;16384;measure;5.06939;0.581952;0;
32;1;16384;16384;measure;5.09488;0.5689;0;
32;1;16384;16384;measure;5.18391;0.54367;0;
32;1;16384;16384;measure;5.04427;0.557254;0;
32;1;16384;16384;measure;5.13563;0.56982;0;
32;1;16384;16384;measure;5.04312;0.564867;0;
32;1;16384;16384;measure;5.11554;0.564753;0;
32;1;16384;16384;measure;5.11063;0.574771;0;
32;1;16384;16384;measure;5.05483;0.572329;0;
32;1;16384;16384;measure;5.15393;0.565084;0;
32;1;16384;16384;measure;4.96819;0.542237;0;
32;1;16384;16384;measure;5.07243;0.55633;0;
32;1;16384;16384;measure;5.14862;0.568194;0;
32;1;16384;16384;measure;4.94555;0.531148;0;
32;1;16384;16384;measure;5.0808;0.553513;0;
32;1;16384;16384;measure;5.00036;0.555422;0;
32;1;16384;16384;measure;5.02335;0.525459;0;
32;1;16384;16384;measure;5.10492;0.567658;0;
32;1;16384;16384;measure;5.04135;0.531311;0;
32;1;16384;16384;measure;5.1018;0.545293;0;
32;1;16384;16384;measure;4.91304;0.565578;0;
32;1;16384;16384;measure;5.06756;0.537949;0;
32;1;16384;16384;measure;5.11774;0.55206;0;
32;1;16384;16384;measure;5.05866;0.564889;0;
32;1;16384;16384;measure;5.11574;0.55875;0;
32;1;16384;16384;measure;4.99556;0.542567;0;
32;1;16384;16384;measure;4.97739;0.538526;0;
32;1;16384;16384;measure;5.26071;0.555884;0;
32;1;16384;16384;measure;5.12519;0.555616;0;
32;1;16384;16384;measure;5.07278;0.575708;0;
32;1;16384;16384;measure;5.01644;0.542677;0;
32;1;16384;16384;measure;4.97523;0.529753;0;
32;1;16384;16384;measure;5.16403;0.560732;0;
32;1;16384;16384;measure;5.07329;0.574128;0;
32;1;16384;16384;measure;5.10317;0.573484;0;
32;1;16384;16384;measure;5.04605;0.56526;0;
32;1;16384;16384;measure;5.05742;0.543098;0;
32;1;16384;16384;measure;5.03695;0.526939;0;
32;1;16384;16384;measure;5.1294;0.552218;0;
32;1;16384;16384;measure;5.18787;0.573613;0;
32;1;16384;16384;measure;5.05331;0.563761;0;
32;1;16384;16384;measure;4.9963;0.530295;0;
32;1;16384;16384;measure;4.61536;0.48668;0;
32;1;16384;16384;measure;5.14643;0.54297;0;
32;1;16384;16384;measure;4.43722;0.447623;0;
32;1;16384;16384;measure;5.02525;0.563711;0;
32;1;16384;16384;measure;5.07027;0.547833;0;
32;1;16384;16384;measure;4.85566;0.511518;0;
64;1;16384;16384;measure;4.80414;0.604463;0;
64;1;16384;16384;measure;5.00161;0.613792;0;
64;1;16384;16384;measure;4.174;0.548121;0;
64;1;16384;16384;measure;4.7421;0.608809;0;
64;1;16384;16384;measure;4.93761;0.612019;0;
64;1;16384;16384;measure;5.04262;0.606239;0;
64;1;16384;16384;measure;4.22156;0.568129;0;
64;1;16384;16384;measure;4.98804;0.612785;0;
64;1;16384;16384;measure;4.94397;0.60983;0;
64;1;16384;16384;measure;4.59628;0.574711;0;
64;1;16384;16384;measure;5.10601;0.606762;0;
64;1;16384;16384;measure;3.94386;0.518447;0;
64;1;16384;16384;measure;4.34038;0.576086;0;
64;1;16384;16384;measure;3.76059;0.482031;0;
64;1;16384;16384;measure;4.96275;0.6039;0;
64;1;16384;16384;measure;3.85982;0.502184;0;
64;1;16384;16384;measure;5.14496;0.611193;0;
64;1;16384;16384;measure;4.26044;0.562202;0;
64;1;16384;16384;measure;4.73698;0.615779;0;
64;1;16384;16384;measure;3.50073;0.46734;0;
64;1;16384;16384;measure;3.91525;0.521557;0;
64;1;16384;16384;measure;3.39469;0.460345;0;
64;1;16384;16384;measure;4.08162;0.546996;0;
64;1;16384;16384;measure;3.56342;0.467557;0;
64;1;16384;16384;measure;3.91487;0.513289;0;
64;1;16384;16384;measure;4.15952;0.541606;0;
64;1;16384;16384;measure;4.08908;0.553094;0;
64;1;16384;16384;measure;3.96582;0.535378;0;
64;1;16384;16384;measure;3.95328;0.518661;0;
64;1;16384;16384;measure;3.46158;0.454008;0;
64;1;16384;16384;measure;3.7123;0.493176;0;
64;1;16384;16384;measure;4.32783;0.574351;0;
64;1;16384;16384;measure;3.70143;0.484335;0;
64;1;16384;16384;measure;3.40248;0.446231;0;
64;1;16384;16384;measure;3.81232;0.49142;0;
64;1;16384;16384;measure;3.09891;0.390782;0;
64;1;16384;16384;measure;3.84373;0.505811;0;
64;1;16384;16384;measure;3.66561;0.476164;0;
64;1;16384;16384;measure;3.8542;0.497707;0;
64;1;16384;16384;measure;3.55468;0.477551;0;
64;1;16384;16384;measure;4.27773;0.571868;0;
64;1;16384;16384;measure;3.99836;0.543553;0;
64;1;16384;16384;measure;3.25654;0.432667;0;
64;1;16384;16384;measure;3.92315;0.522441;0;
64;1;16384;16384;measure;3.84157;0.517482;0;
64;1;16384;16384;measure;3.81602;0.50127;0;
64;1;16384;16384;measure;3.59355;0.469362;0;
64;1;16384;16384;measure;3.97008;0.529581;0;
64;1;16384;16384;measure;3.59145;0.480046;0;
64;1;16384;16384;measure;3.48651;0.447307;0;
128;1;16384;16384;measure;3.52141;0.359706;0;
128;1;16384;16384;measure;4.40164;0.510255;0;
128;1;16384;16384;measure;3.67385;0.373019;0;
128;1;16384;16384;measure;3.1719;0.334339;0;
128;1;16384;16384;measure;4.20194;0.470013;0;
128;1;16384;16384;measure;3.8895;0.406435;0;
128;1;16384;16384;measure;3.97064;0.416858;0;
128;1;16384;16384;measure;3.54725;0.355102;0;
128;1;16384;16384;measure;4.08936;0.446964;0;
128;1;16384;16384;measure;4.26092;0.481096;0;
128;1;16384;16384;measure;3.58909;0.358801;0;
128;1;16384;16384;measure;3.74335;0.384846;0;
128;1;16384;16384;measure;3.77692;0.390795;0;
128;1;16384;16384;measure;3.46323;0.345582;0;
128;1;16384;16384;measure;4.81464;0.561959;0;
128;1;16384;16384;measure;3.96195;0.424769;0;
128;1;16384;16384;measure;4.75238;0.560548;0;
128;1;16384;16384;measure;3.70974;0.376186;0;
128;1;16384;16384;measure;4.00205;0.419384;0;
128;1;16384;16384;measure;4.30453;0.488209;0;
128;1;16384;16384;measure;4.12248;0.439194;0;
128;1;16384;16384;measure;4.37307;0.499778;0;
128;1;16384;16384;measure;4.47278;0.518218;0;
128;1;16384;16384;measure;4.60561;0.535984;0;
128;1;16384;16384;measure;3.93287;0.414839;0;
128;1;16384;16384;measure;4.11522;0.460986;0;
128;1;16384;16384;measure;4.4473;0.515053;0;
128;1;16384;16384;measure;4.1911;0.468159;0;
128;1;16384;16384;measure;4.32861;0.490579;0;
128;1;16384;16384;measure;4.43334;0.50825;0;
128;1;16384;16384;measure;4.72862;0.555647;0;
128;1;16384;16384;measure;3.96959;0.421105;0;
128;1;16384;16384;measure;4.47506;0.514243;0;
128;1;16384;16384;measure;4.30843;0.490491;0;
128;1;16384;16384;measure;4.76529;0.562402;0;
128;1;16384;16384;measure;4.37452;0.513386;0;
128;1;16384;16384;measure;4.02764;0.418865;0;
128;1;16384;16384;measure;3.96153;0.41855;0;
128;1;16384;16384;measure;4.08747;0.449234;0;
128;1;16384;16384;measure;4.49998;0.523121;0;
128;1;16384;16384;measure;3.95488;0.406255;0;
128;1;16384;16384;measure;3.86258;0.398036;0;
128;1;16384;16384;measure;4.54636;0.537026;0;
128;1;16384;16384;measure;3.99446;0.428696;0;
128;1;16384;16384;measure;4.42379;0.500914;0;
128;1;16384;16384;measure;3.56092;0.362459;0;
128;1;16384;16384;measure;5.00707;0.600529;0;
128;1;16384;16384;measure;3.65982;0.378878;0;
128;1;16384;16384;measure;4.73393;0.556348;0;
128;1;16384;16384;measure;4.35113;0.483163;0;

