n_threads;n_x;n_y;plan;comm_flag;total;initialization;fft_2d_total;first_fftw;first_split;first_comm;first_trans;second_fftw;second_split;second_comm;second_trans;
40;128;128;measure;scatter;0.129624;0.127485;0.00213415;7.10809e-05;4.96651e-05;0.000257118;6.3929e-05;7.6737e-05;5.5264e-05;0.0014884;7.1961e-05;
40;128;128;measure;scatter;0.0672725;0.0647592;0.00250823;8.83779e-05;8.0836e-05;0.00019271;0.000121349;0.00011412;7.3004e-05;0.00174878;8.9058e-05;
40;128;128;measure;scatter;0.0657842;0.0624377;0.00334238;7.26099e-05;5.53101e-05;0.00118526;7.9795e-05;8.6433e-05;4.66141e-05;0.00175534;6.1023e-05;
40;128;128;measure;scatter;0.0655891;0.0625813;0.00300375;7.00301e-05;3.7306e-05;0.000908277;0.000127095;8.92091e-05;3.8312e-05;0.00164359;8.9929e-05;
40;128;128;measure;scatter;0.0657498;0.0624265;0.00331913;6.33299e-05;5.42121e-05;0.0011515;9.9868e-05;7.60199e-05;6.06941e-05;0.0017502;6.3302e-05;
40;128;128;measure;scatter;0.0666151;0.0642952;0.00231088;0.000115932;5.7379e-05;0.000230357;0.000134571;7.84439e-05;8.11261e-05;0.00148283;0.000130249;
40;128;128;measure;scatter;0.0655088;0.062637;0.00286734;7.99401e-05;5.2995e-05;0.00073639;0.000124902;7.3012e-05;3.87521e-05;0.00170075;6.05921e-05;
40;128;128;measure;scatter;0.0658082;0.0625246;0.00327892;8.0514e-05;5.04591e-05;0.00111829;7.1825e-05;6.08161e-05;4.66849e-05;0.0017596;9.07301e-05;
40;128;128;measure;scatter;0.066437;0.0642073;0.00221959;9.90669e-05;6.69342e-05;0.000130431;0.000108483;9.5275e-05;3.7933e-05;0.00161124;7.0225e-05;
40;128;128;measure;scatter;0.0667498;0.0626306;0.00411319;6.1529e-05;6.91789e-05;0.00228337;6.91849e-05;6.32161e-05;4.6222e-05;0.00145666;6.3838e-05;
40;128;128;measure;scatter;0.0655084;0.0625052;0.00299865;6.0092e-05;5.33941e-05;0.000998021;8.51802e-05;0.000105856;4.12529e-05;0.00159138;6.3475e-05;
40;128;128;measure;scatter;0.0657739;0.062424;0.0033458;7.62669e-05;4.13521e-05;0.00125759;8.33131e-05;8.8824e-05;5.2555e-05;0.00167806;6.78331e-05;
40;128;128;measure;scatter;0.0658767;0.0624418;0.00343016;6.5804e-05;5.03501e-05;0.00125015;5.12861e-05;8.10421e-05;3.6709e-05;0.00182128;7.35361e-05;
40;128;128;measure;scatter;0.0659319;0.0623017;0.00362506;6.9285e-05;6.0217e-05;0.00138492;7.37791e-05;4.72909e-05;5.10421e-05;0.00183878;9.97521e-05;
40;128;128;measure;scatter;0.0667906;0.064307;0.00247979;0.000111637;7.70381e-05;0.000172597;0.000124482;6.58431e-05;7.07719e-05;0.00177947;7.79461e-05;
40;128;128;measure;scatter;0.0658972;0.0626047;0.00328721;6.73831e-05;4.9144e-05;0.00105453;0.000105678;6.10859e-05;4.69701e-05;0.0018365;6.59239e-05;
40;128;128;measure;scatter;0.0655354;0.0622808;0.00324996;7.40369e-05;5.61101e-05;0.00110838;8.79581e-05;7.68169e-05;5.3159e-05;0.00172701;6.6488e-05;
40;128;128;measure;scatter;0.0657656;0.0624732;0.00328706;6.76711e-05;5.06788e-05;0.00114892;0.000103981;8.3907e-05;5.05149e-05;0.00172281;5.85809e-05;
40;128;128;measure;scatter;0.0668673;0.0626276;0.00423569;0.000117731;6.51861e-05;0.00226049;9.4163e-05;7.8531e-05;4.7012e-05;0.0014955;7.708e-05;
40;128;128;measure;scatter;0.0663218;0.0624223;0.00389304;6.9665e-05;6.97779e-05;0.00132519;9.7882e-05;6.30869e-05;4.91911e-05;0.00213031;8.7935e-05;
40;128;128;measure;scatter;0.0729508;0.0625327;0.0104141;0.00833936;5.64631e-05;4.86369e-05;7.61501e-05;6.078e-05;4.0476e-05;0.00170539;8.6857e-05;
40;128;128;measure;scatter;0.0677096;0.0638584;0.00384615;9.53299e-05;6.7492e-05;0.00121503;9.85221e-05;0.000266522;5.3528e-05;0.00195522;9.4512e-05;
40;128;128;measure;scatter;0.0670049;0.0627082;0.00429302;6.71782e-05;5.9298e-05;0.00203302;7.43112e-05;8.263e-05;4.392e-05;0.00184572;8.69411e-05;
40;128;128;measure;scatter;0.0657374;0.0626404;0.00309241;6.73579e-05;5.2016e-05;0.000760408;8.15298e-05;6.09481e-05;4.26951e-05;0.00196125;6.6211e-05;
40;128;128;measure;scatter;0.0666998;0.062791;0.00390463;7.4985e-05;4.79701e-05;0.00174588;0.000117493;6.2811e-05;4.66872e-05;0.00173834;7.0466e-05;
40;128;128;measure;scatter;0.065781;0.0625264;0.0032503;6.8438e-05;5.18621e-05;0.00128718;8.2395e-05;6.22829e-05;4.82739e-05;0.00159179;5.8085e-05;
40;128;128;measure;scatter;0.0656856;0.0625021;0.0031795;6.9238e-05;5.4952e-05;0.00119559;6.7472e-05;6.75551e-05;4.63119e-05;0.00160495;7.34259e-05;
40;128;128;measure;scatter;0.0657087;0.0625484;0.00315493;7.00911e-05;5.32139e-05;0.0013532;8.55071e-05;7.6653e-05;4.26969e-05;0.00140299;7.05759e-05;
40;128;128;measure;scatter;0.0670342;0.0625785;0.00445095;6.79251e-05;6.20489e-05;0.0021046;7.9382e-05;8.25911e-05;4.3453e-05;0.0019153;9.56529e-05;
40;128;128;measure;scatter;0.0660727;0.0625801;0.00348838;7.0571e-05;5.84589e-05;0.00120008;7.2001e-05;6.64941e-05;4.54679e-05;0.00191119;6.41111e-05;
40;128;128;measure;scatter;0.0657518;0.0626654;0.0030812;6.33232e-05;4.91429e-05;0.00100184;0.000121944;6.44568e-05;4.62111e-05;0.00166459;6.96878e-05;
40;128;128;measure;scatter;0.0654579;0.0626496;0.00280417;6.92429e-05;5.0605e-05;0.00109076;8.10779e-05;7.97e-05;3.73721e-05;0.00133284;6.25669e-05;
40;128;128;measure;scatter;0.0655389;0.0626556;0.00287699;7.11919e-05;5.527e-05;0.00108349;7.27752e-05;6.6207e-05;5.2881e-05;0.00139612;7.9059e-05;
40;128;128;measure;scatter;0.0672245;0.0626765;0.00454224;7.39759e-05;5.16211e-05;0.00219776;0.000124906;7.29151e-05;3.68899e-05;0.00190262;8.15489e-05;
40;128;128;measure;scatter;0.0656919;0.0624474;0.00324067;7.4845e-05;6.0423e-05;0.00106486;7.89268e-05;7.3662e-05;4.2957e-05;0.00178105;6.39439e-05;
40;128;128;measure;scatter;0.0671593;0.0638369;0.00331142;7.10238e-05;5.33361e-05;0.000762597;0.000144997;9.779e-05;6.53651e-05;0.00201493;0.00010139;
40;128;128;measure;scatter;0.0656712;0.0625915;0.00307579;7.71119e-05;0.00010034;0.000699611;8.1453e-05;0.000102889;2.96049e-05;0.00192064;6.4142e-05;
40;128;128;measure;scatter;0.0663875;0.0625607;0.00382201;7.31321e-05;5.1856e-05;0.00126623;6.30331e-05;5.41429e-05;4.27461e-05;0.00219049;8.03862e-05;
40;128;128;measure;scatter;0.0675809;0.0651158;0.00245753;8.66319e-05;7.82651e-05;0.000158924;0.000111016;7.8012e-05;5.9762e-05;0.0017761;0.000108822;
40;128;128;measure;scatter;0.0655787;0.0626227;0.00295187;7.60779e-05;5.3535e-05;0.000882679;6.30501e-05;7.71468e-05;4.73582e-05;0.00168585;6.6167e-05;
40;128;128;measure;scatter;0.0668145;0.0625344;0.00427598;7.2046e-05;5.01e-05;0.00241715;9.40131e-05;6.67069e-05;4.33451e-05;0.00146357;6.9051e-05;
40;128;128;measure;scatter;0.0670566;0.0625088;0.00454345;6.70881e-05;5.30411e-05;0.00217955;7.84411e-05;7.46369e-05;4.76791e-05;0.00197567;6.73428e-05;
40;128;128;measure;scatter;0.0677185;0.0652324;0.00248018;0.000143833;6.9858e-05;9.58249e-05;0.000168924;9.36962e-05;7.2235e-05;0.0016386;0.000197208;
40;128;128;measure;scatter;0.0666116;0.0638559;0.0027475;7.9748e-05;5.9719e-05;0.000688892;9.11141e-05;9.94659e-05;4.8768e-05;0.0015788;0.000100997;
40;128;128;measure;scatter;0.0671701;0.0624564;0.00470848;7.253e-05;6.20009e-05;0.00235852;7.30611e-05;5.67609e-05;4.19952e-05;0.0019506;9.3014e-05;
40;128;128;measure;scatter;0.0656345;0.0624848;0.00314499;6.892e-05;5.65948e-05;0.000984029;0.000107484;6.8167e-05;7.08019e-05;0.00169423;9.47679e-05;
40;128;128;measure;scatter;0.0669135;0.0625;0.0044089;6.91831e-05;4.87359e-05;0.00191974;7.2852e-05;5.78358e-05;4.4862e-05;0.00210851;8.7182e-05;
40;128;128;measure;scatter;0.067085;0.0637496;0.00333054;7.48339e-05;7.1692e-05;0.000887544;0.000102669;9.48538e-05;7.59901e-05;0.0019525;7.0458e-05;
40;128;128;measure;scatter;0.0667114;0.0644416;0.00226541;8.34102e-05;8.21669e-05;0.000139735;0.000109663;9.39162e-05;7.31668e-05;0.00161045;7.29039e-05;
40;128;128;measure;scatter;0.065902;0.0622882;0.00360875;7.83161e-05;5.62561e-05;0.00125259;8.47529e-05;6.53791e-05;4.3141e-05;0.00196944;5.88801e-05;
40;256;256;measure;scatter;0.107091;0.103077;0.00400963;8.6949e-05;7.27149e-05;0.000768865;9.67591e-05;7.32611e-05;7.8134e-05;0.00274572;8.72309e-05;
40;256;256;measure;scatter;0.107166;0.103287;0.00387432;0.000203549;0.000156252;0.000351749;9.4021e-05;6.31309e-05;6.7451e-05;0.00285075;8.7423e-05;
40;256;256;measure;scatter;0.107736;0.102866;0.00486603;8.87739e-05;7.74949e-05;0.00161751;9.7621e-05;0.000107625;5.98289e-05;0.00272777;8.9406e-05;
40;256;256;measure;scatter;0.108516;0.102954;0.00555641;8.05811e-05;8.109e-05;0.0013982;0.000112933;8.97499e-05;5.12882e-05;0.00365694;8.56321e-05;
40;256;256;measure;scatter;0.110008;0.102985;0.00701972;8.8027e-05;7.9385e-05;0.0031434;9.497e-05;8.00921e-05;7.39559e-05;0.00336629;9.3607e-05;
40;256;256;measure;scatter;0.108892;0.103218;0.0056684;8.97208e-05;7.4737e-05;0.00305621;8.59462e-05;5.90479e-05;5.28051e-05;0.0021441;0.000105831;
40;256;256;measure;scatter;0.109412;0.104552;0.00485576;9.17469e-05;7.51161e-05;0.0024564;9.47721e-05;6.53111e-05;5.4766e-05;0.00193162;8.60291e-05;
40;256;256;measure;scatter;0.108278;0.102929;0.00534444;8.42491e-05;9.25921e-05;0.00206337;9.57809e-05;0.000113576;5.7437e-05;0.00275661;8.08269e-05;
40;256;256;measure;scatter;0.108021;0.102931;0.00508498;9.01802e-05;7.47759e-05;0.0018308;9.27059e-05;7.2781e-05;5.88591e-05;0.00276689;9.7991e-05;
40;256;256;measure;scatter;0.108175;0.104395;0.00377229;0.000246525;0.000140775;0.000282495;0.000286727;7.1059e-05;7.02611e-05;0.00257876;9.5689e-05;
40;256;256;measure;scatter;0.108856;0.104909;0.0039411;0.000541559;0.000104931;0.000366789;0.00011497;0.00012275;0.000101494;0.0024739;0.00011471;
40;256;256;measure;scatter;0.108187;0.102875;0.00530755;8.66989e-05;8.0544e-05;0.00205303;8.78528e-05;6.55642e-05;8.27268e-05;0.00274657;0.000104574;
40;256;256;measure;scatter;0.1063;0.102716;0.00358009;8.35799e-05;7.0754e-05;0.00121766;9.1315e-05;6.93949e-05;7.7693e-05;0.00187872;9.09742e-05;
40;256;256;measure;scatter;0.107663;0.102628;0.00502982;9.15499e-05;7.7249e-05;0.00172954;0.000101942;6.4245e-05;9.6258e-05;0.00273803;0.000131008;
40;256;256;measure;scatter;0.110672;0.106459;0.00420589;0.000128889;8.95921e-05;0.00015111;0.000134304;0.00038442;6.29961e-05;0.00313226;0.000122317;
40;256;256;measure;scatter;0.107294;0.102934;0.00435465;8.9573e-05;8.19031e-05;0.00120991;8.91278e-05;7.4113e-05;6.71572e-05;0.00265502;8.78449e-05;
40;256;256;measure;scatter;0.10673;0.103133;0.00359215;9.68431e-05;7.9649e-05;0.00135791;8.43389e-05;8.1623e-05;5.07801e-05;0.00176091;8.0094e-05;
40;256;256;measure;scatter;0.106087;0.102814;0.00326847;8.7908e-05;6.91211e-05;0.00102682;8.09941e-05;9.75269e-05;0.000100868;0.00171815;8.7081e-05;
40;256;256;measure;scatter;0.107079;0.10291;0.00416429;8.5253e-05;7.77049e-05;0.00111488;7.5826e-05;6.98641e-05;6.44429e-05;0.00258626;9.00591e-05;
40;256;256;measure;scatter;0.11518;0.11112;0.00405505;0.000229686;0.000178632;0.000351354;8.0595e-05;8.77639e-05;0.000120103;0.00291769;8.92309e-05;
40;256;256;measure;scatter;0.109339;0.105444;0.00388673;0.000130498;0.000105579;0.000241644;0.000327927;0.000173668;6.26561e-05;0.00275597;8.87839e-05;
40;256;256;measure;scatter;0.109094;0.104633;0.0044543;0.000428054;0.000113869;0.000413478;0.000129632;9.60829e-05;0.000122138;0.00305946;9.15921e-05;
40;256;256;measure;scatter;0.108694;0.103195;0.00549176;8.3376e-05;7.92621e-05;0.00259328;8.35061e-05;6.94089e-05;7.48441e-05;0.00236133;0.000146749;
40;256;256;measure;scatter;0.109744;0.105431;0.00430742;0.000154928;0.000127584;0.000385188;0.000138897;9.02379e-05;6.39081e-05;0.00324757;9.91051e-05;
40;256;256;measure;scatter;0.107169;0.102783;0.0043823;8.997e-05;7.74551e-05;0.00149053;0.000105015;9.38089e-05;6.6394e-05;0.00236858;9.0546e-05;
40;256;256;measure;scatter;0.110647;0.103124;0.00751831;8.59839e-05;8.4511e-05;0.00259394;9.61581e-05;0.000128105;5.65189e-05;0.00438531;8.77779e-05;
40;256;256;measure;scatter;0.107149;0.102939;0.00420542;9.30419e-05;7.80059e-05;0.00122487;0.000155586;0.000106789;5.288e-05;0.00240566;8.8586e-05;
40;256;256;measure;scatter;0.10745;0.102747;0.00469752;9.10349e-05;7.97219e-05;0.00144089;0.000123026;8.54479e-05;7.45e-05;0.00271097;9.19271e-05;
40;256;256;measure;scatter;0.107319;0.102888;0.00442654;8.5169e-05;8.9091e-05;0.00121315;9.4838e-05;9.88808e-05;6.2329e-05;0.00269382;8.92619e-05;
40;256;256;measure;scatter;0.107805;0.103546;0.00425529;0.000122033;9.88201e-05;0.000986654;0.000108962;8.9922e-05;5.0257e-05;0.00269217;0.000106475;
40;256;256;measure;scatter;0.108183;0.102791;0.00538721;8.47639e-05;8.31981e-05;0.00211456;7.8778e-05;8.9793e-05;5.80519e-05;0.0027897;8.83669e-05;
40;256;256;measure;scatter;0.106527;0.103086;0.00343565;8.70968e-05;7.46921e-05;0.000897206;0.000102633;8.5959e-05;6.74999e-05;0.00202833;9.22321e-05;
40;256;256;measure;scatter;0.108915;0.104693;0.00421255;0.000143589;9.59891e-05;0.000302504;0.000203488;0.000166929;6.3736e-05;0.00309031;0.000146005;
40;256;256;measure;scatter;0.107772;0.103025;0.00474335;8.3277e-05;0.000328775;0.00118925;9.91782e-05;8.71848e-05;7.70651e-05;0.00277026;0.000108361;
40;256;256;measure;scatter;0.108118;0.102976;0.00513746;9.0787e-05;6.95828e-05;0.00204446;9.71749e-05;6.4139e-05;0.000144416;0.00252881;9.80929e-05;
40;256;256;measure;scatter;0.107681;0.102965;0.00471031;9.28021e-05;7.8619e-05;0.00149313;0.000112996;7.4113e-05;7.4836e-05;0.00269648;8.73259e-05;
40;256;256;measure;scatter;0.107663;0.10295;0.00470823;8.5915e-05;0.000264458;0.00123289;9.98811e-05;9.8459e-05;5.43131e-05;0.00277824;9.4071e-05;
40;256;256;measure;scatter;0.106854;0.102893;0.00395564;9.298e-05;7.30362e-05;0.0013321;9.7356e-05;7.9501e-05;6.17099e-05;0.00212813;9.083e-05;
40;256;256;measure;scatter;0.108342;0.102909;0.00542797;8.78919e-05;9.85849e-05;0.00126945;8.9861e-05;8.3586e-05;6.6529e-05;0.00364373;8.83371e-05;
40;256;256;measure;scatter;0.109105;0.10286;0.00623998;9.08889e-05;7.79629e-05;0.00192699;7.70881e-05;0.000124819;5.7267e-05;0.00379859;8.6383e-05;
40;256;256;measure;scatter;0.10715;0.10287;0.00427535;8.02251e-05;7.9317e-05;0.00105809;0.000107295;0.000135033;9.9719e-05;0.00262408;9.15988e-05;
40;256;256;measure;scatter;0.108266;0.102939;0.00532199;9.14889e-05;7.8267e-05;0.00199796;8.58791e-05;6.9655e-05;7.92469e-05;0.00274225;0.000177246;
40;256;256;measure;scatter;0.110425;0.106541;0.00387313;0.00012629;0.00011198;9.0353e-05;0.000125697;0.000128752;0.000201352;0.0029701;0.000118614;
40;256;256;measure;scatter;0.108054;0.102982;0.00506824;8.5738e-05;0.000109125;0.00176594;9.356e-05;0.000110073;5.2742e-05;0.00274879;0.000102268;
40;256;256;measure;scatter;0.109063;0.105633;0.00342187;0.00012308;0.000110866;0.00032222;0.000107854;0.000102702;7.42851e-05;0.00248618;9.4675e-05;
40;256;256;measure;scatter;0.106579;0.102883;0.00369053;8.8128e-05;7.2818e-05;0.000972031;8.4691e-05;0.000154287;6.0729e-05;0.00216442;9.3431e-05;
40;256;256;measure;scatter;0.106149;0.103015;0.00312948;8.226e-05;7.2248e-05;0.00157058;7.48271e-05;7.71349e-05;5.14649e-05;0.00111624;8.47199e-05;
40;256;256;measure;scatter;0.108442;0.103024;0.00541443;8.6169e-05;7.25989e-05;0.00286083;0.000108828;7.44262e-05;6.68028e-05;0.00206158;8.31841e-05;
40;256;256;measure;scatter;0.108946;0.104912;0.00402786;0.000313214;0.000129219;0.000313385;0.000124792;5.63851e-05;8.4897e-05;0.00289988;0.000106093;
40;256;256;measure;scatter;0.109092;0.102866;0.00622078;8.39978e-05;7.8246e-05;0.00315636;9.00731e-05;7.85829e-05;6.19451e-05;0.00256298;0.000108594;
40;512;512;measure;scatter;0.171141;0.146869;0.0242659;9.54419e-05;8.59271e-05;0.00803962;0.00013957;0.000102751;9.31039e-05;0.0155966;0.00011284;
40;512;512;measure;scatter;0.16694;0.146984;0.0199502;0.00011759;0.000104859;0.00888316;0.000118391;0.000137023;0.000150145;0.0103315;0.000107568;
40;512;512;measure;scatter;0.167881;0.146693;0.0211832;0.000105838;8.2558e-05;0.00464981;0.000122078;0.000112829;0.000209855;0.015783;0.000117246;
40;512;512;measure;scatter;0.172952;0.146569;0.0263772;0.000111422;9.5071e-05;0.00726372;0.000140224;0.000123274;0.000154888;0.0183787;0.000109922;
40;512;512;measure;scatter;0.172479;0.150244;0.0222306;0.00120986;0.000107319;0.00764332;0.00015016;0.000348913;9.0769e-05;0.0125528;0.000127395;
40;512;512;measure;scatter;0.175514;0.146751;0.0287572;0.000117147;8.95699e-05;0.00950743;0.000125143;0.000113863;0.000247037;0.0184453;0.000111712;
40;512;512;measure;scatter;0.171241;0.147333;0.0239018;0.000656614;0.000159661;0.00785709;0.000141704;0.000105187;0.000226056;0.0146426;0.00011283;
40;512;512;measure;scatter;0.16917;0.146523;0.0226419;0.000102939;7.42981e-05;0.00829961;0.000128481;0.00011339;0.000158429;0.0136532;0.00011157;
40;512;512;measure;scatter;0.172082;0.146609;0.0254666;0.000105507;8.2483e-05;0.0112016;0.0001334;0.000132492;0.000179705;0.0135188;0.000112633;
40;512;512;measure;scatter;0.178297;0.146902;0.03139;9.24051e-05;7.154e-05;0.00813426;0.000106315;0.000133614;0.000116583;0.0226158;0.000119525;
40;512;512;measure;scatter;0.171389;0.146654;0.0247305;0.000114049;9.64331e-05;0.00841807;0.000152391;9.9807e-05;9.14759e-05;0.0156399;0.000118322;
40;512;512;measure;scatter;0.160508;0.146569;0.0139317;0.000103424;8.31389e-05;0.00845635;0.000154569;0.000128532;0.000100936;0.00479157;0.000113203;
40;512;512;measure;scatter;0.169085;0.146738;0.02234;0.00010384;7.74709e-05;0.00530541;0.000167195;0.000119636;8.9247e-05;0.0163609;0.000116365;
40;512;512;measure;scatter;0.1776;0.152554;0.0250344;0.00136031;0.000778344;0.00977724;0.000170155;0.00100883;0.000108426;0.0116882;0.000142812;
40;512;512;measure;scatter;0.17544;0.151242;0.0241865;0.0013031;0.000119058;0.00849584;0.000157222;0.00042223;0.000100716;0.0133945;0.00019382;
40;512;512;measure;scatter;0.182645;0.146288;0.0363532;0.000113252;8.66051e-05;0.0130752;0.000126238;0.000105053;0.000191586;0.0225461;0.000109142;
40;512;512;measure;scatter;0.176256;0.1467;0.0295504;9.95188e-05;8.1714e-05;0.0112089;0.000131337;9.55318e-05;0.00021304;0.017595;0.000125444;
40;512;512;measure;scatter;0.179429;0.146897;0.032526;9.50631e-05;7.2598e-05;0.0222247;0.000127144;9.14189e-05;0.000196351;0.0096103;0.000108489;
40;512;512;measure;scatter;0.163744;0.147085;0.016654;0.000120801;8.6115e-05;0.00636133;0.00012523;9.6339e-05;9.8546e-05;0.00966001;0.000105588;
40;512;512;measure;scatter;0.171237;0.147386;0.0238455;0.000679378;0.000135458;0.00588327;0.000144529;0.00015496;8.2639e-05;0.0166525;0.000112786;
40;512;512;measure;scatter;0.171324;0.146766;0.0245538;9.38191e-05;8.12479e-05;0.00829061;0.000127445;0.000113583;0.000221734;0.0155112;0.000114087;
40;512;512;measure;scatter;0.170447;0.146879;0.0235638;0.000135506;0.000695356;0.00753373;0.000129655;0.000231357;9.76999e-05;0.0146245;0.000116028;
40;512;512;measure;scatter;0.163528;0.147328;0.0161919;0.00071696;0.000147366;0.00628964;0.000135008;0.000130318;8.82659e-05;0.00856878;0.000115581;
40;512;512;measure;scatter;0.168571;0.146469;0.0220964;8.38619e-05;8.5071e-05;0.00483306;0.000150588;9.83709e-05;8.89641e-05;0.0166307;0.00012576;
40;512;512;measure;scatter;0.172571;0.146358;0.0262082;0.000217879;8.5036e-05;0.0117517;0.000127014;0.000217542;6.7442e-05;0.0136215;0.000120096;
40;512;512;measure;scatter;0.167297;0.146899;0.0203934;9.5437e-05;7.6765e-05;0.00909235;0.000128051;0.000191284;6.63779e-05;0.0106285;0.000114668;
40;512;512;measure;scatter;0.167618;0.151494;0.0161196;0.000866779;0.000165014;0.00754986;0.000165715;0.000474012;9.81721e-05;0.00667645;0.000123626;
40;512;512;measure;scatter;0.174873;0.146553;0.0283139;0.000109537;8.77329e-05;0.0111063;0.000117619;0.00021474;6.9059e-05;0.0164962;0.000112758;
40;512;512;measure;scatter;0.166964;0.147549;0.0194056;0.000634076;0.000130581;0.00649438;0.000138287;9.2102e-05;7.77331e-05;0.011732;0.000106406;
40;512;512;measure;scatter;0.17049;0.146238;0.0242463;0.000102531;8.22472e-05;0.00784826;0.00012471;0.000112836;0.000197171;0.0156724;0.000106186;
40;512;512;measure;scatter;0.166395;0.146659;0.0197305;0.00089038;0.000169176;0.0075731;0.000124782;0.000122062;0.000129223;0.0106091;0.000112697;
40;512;512;measure;scatter;0.165349;0.146392;0.0189513;8.6152e-05;9.2695e-05;0.00715085;0.000129725;0.000117097;0.000100222;0.0111618;0.00011276;
40;512;512;measure;scatter;0.178685;0.149493;0.0291855;0.000726178;0.000119959;0.0112938;0.000145011;0.000127422;0.000264097;0.0163872;0.000121797;
40;512;512;measure;scatter;0.17849;0.146915;0.0315697;0.000117178;0.000814384;0.00652811;0.000137191;0.000107352;8.78621e-05;0.0236613;0.000116389;
40;512;512;measure;scatter;0.164931;0.146776;0.0181489;9.437e-05;8.10791e-05;0.0094689;0.000121236;0.000137994;0.000202208;0.00791094;0.000132144;
40;512;512;measure;scatter;0.173253;0.147244;0.0260044;0.000674864;8.38921e-05;0.0102193;0.000827285;0.000118122;0.000135032;0.0138314;0.000114438;
40;512;512;measure;scatter;0.168034;0.146992;0.0210358;0.000116404;8.46242e-05;0.00655774;0.000153424;0.000145215;8.07571e-05;0.0137705;0.000127123;
40;512;512;measure;scatter;0.180304;0.14655;0.0337489;0.000108336;8.08518e-05;0.0104819;0.000146697;0.000121635;0.000104946;0.0225848;0.000119707;
40;512;512;measure;scatter;0.168784;0.149595;0.0191799;0.00103142;0.000105766;0.00783616;0.000134877;0.00012725;0.000308026;0.00950837;0.000128075;
40;512;512;measure;scatter;0.176163;0.146378;0.0297799;0.000114018;8.1707e-05;0.00944562;0.000128065;0.000185856;7.1635e-05;0.0196425;0.000110494;
40;512;512;measure;scatter;0.169119;0.14663;0.0224843;9.6486e-05;8.01689e-05;0.0111132;0.000134013;0.000115427;0.000207216;0.0106069;0.000130856;
40;512;512;measure;scatter;0.166571;0.14666;0.0199057;9.2207e-05;7.58339e-05;0.00853629;0.000124848;0.000196491;0.000195503;0.0105779;0.000106586;
40;512;512;measure;scatter;0.169369;0.146762;0.0226009;0.000102815;9.17891e-05;0.0102087;0.00013188;0.0001941;7.1408e-05;0.0116832;0.000117005;
40;512;512;measure;scatter;0.167268;0.147404;0.0198579;0.000649474;7.52769e-05;0.00906313;0.000117132;0.000107006;0.000134334;0.00959979;0.000111775;
40;512;512;measure;scatter;0.16668;0.146548;0.0201266;9.164e-05;8.24649e-05;0.00842474;0.000137015;0.000147421;6.92708e-05;0.0110376;0.000136433;
40;512;512;measure;scatter;0.179467;0.150687;0.0287721;0.0010763;0.000109941;0.00968278;0.000168241;0.000275727;0.000121249;0.0171929;0.000144919;
40;512;512;measure;scatter;0.175339;0.151078;0.0242532;0.00135824;0.00012436;0.0104879;0.000163033;0.00013711;0.000428584;0.0114361;0.000117886;
40;512;512;measure;scatter;0.168812;0.151419;0.017385;0.00122843;0.000707557;0.00538281;0.000136756;0.000129151;0.000373769;0.00928847;0.000138096;
40;512;512;measure;scatter;0.170697;0.150694;0.0199952;0.000723933;0.000464823;0.00775354;0.000129901;0.000120138;0.000325392;0.0103452;0.000132262;
40;512;512;measure;scatter;0.162878;0.146958;0.0159143;0.000132435;8.1253e-05;0.00979654;0.000143166;0.000114302;8.9227e-05;0.00543676;0.000120644;
40;1024;1024;measure;scatter;0.278488;0.202984;0.0754982;0.000199656;0.00230361;0.0320415;0.000229107;0.000211783;0.000373802;0.0399282;0.000210517;
40;1024;1024;measure;scatter;0.281799;0.212118;0.0696755;0.00395554;0.000619127;0.0364636;0.00443379;0.000245402;0.000129657;0.0236043;0.000224138;
40;1024;1024;measure;scatter;0.262482;0.198779;0.0636971;0.000205336;0.000133724;0.0473089;0.00020934;0.000183316;0.000130021;0.0153113;0.000215212;
40;1024;1024;measure;scatter;0.268975;0.204807;0.0641622;0.00276374;0.000176004;0.0235847;0.000228368;0.000220714;0.00010441;0.0368677;0.000216591;
40;1024;1024;measure;scatter;0.267116;0.202972;0.0641379;0.000188867;0.000128122;0.0296597;0.000230221;0.000182989;0.000285871;0.0332398;0.000222381;
40;1024;1024;measure;scatter;0.276957;0.202741;0.0742105;0.000235057;0.000129543;0.0396079;0.000247402;0.000204296;0.000671548;0.0328833;0.000231535;
40;1024;1024;measure;scatter;0.251613;0.203032;0.0485755;0.00018812;0.000130312;0.0340756;0.000231726;0.000190186;0.000113096;0.0134414;0.000205026;
40;1024;1024;measure;scatter;0.27235;0.229984;0.042361;0.000221846;0.000121818;0.000152464;0.000461268;0.000448264;0.000108739;0.0406424;0.000204216;
40;1024;1024;measure;scatter;0.266185;0.203277;0.0629022;0.000198358;0.000120236;0.0263089;0.00022582;0.000217775;0.000368486;0.0352274;0.000235256;
40;1024;1024;measure;scatter;0.278852;0.202687;0.0761594;0.000184573;0.00012367;0.0341891;0.00022453;0.000232534;0.000118005;0.0408688;0.000218144;
40;1024;1024;measure;scatter;0.275166;0.204801;0.0703581;0.00188844;0.000150762;0.0251552;0.000204028;0.000186318;0.000275808;0.0422845;0.000213109;
40;1024;1024;measure;scatter;0.262833;0.203638;0.0591898;0.0027045;0.000119943;0.0311791;0.000222904;0.000224074;0.000105233;0.0244288;0.00020522;
40;1024;1024;measure;scatter;0.309475;0.216819;0.0926478;0.00439051;0.000135977;0.0249661;0.000239234;0.000646478;0.000167692;0.0618647;0.000237112;
40;1024;1024;measure;scatter;0.277726;0.203296;0.0744224;0.000198438;0.000136438;0.0249686;0.000243618;0.000239846;0.000312747;0.0480975;0.00022529;
40;1024;1024;measure;scatter;0.291917;0.200829;0.0910815;0.000216655;0.000134851;0.0244272;0.000234245;0.000405514;0.000196419;0.0652456;0.000220967;
40;1024;1024;measure;scatter;0.276444;0.202775;0.0736626;0.000206743;0.000127178;0.0337475;0.00021112;0.000236062;0.000113616;0.0388061;0.00021423;
40;1024;1024;measure;scatter;0.277874;0.203174;0.0746934;0.000182068;0.000125413;0.0380811;0.000214918;0.000184821;0.000714572;0.0349959;0.000194636;
40;1024;1024;measure;scatter;0.275473;0.199298;0.0761677;0.000195926;0.000140236;0.0405531;0.000248125;0.000247367;0.000806279;0.0337486;0.000228075;
40;1024;1024;measure;scatter;0.253381;0.20429;0.0490833;0.00318674;0.000164659;0.024089;0.000263931;0.000213407;0.000758767;0.0202036;0.000203212;
40;1024;1024;measure;scatter;0.267473;0.203218;0.0642489;0.000192269;0.000135622;0.0311752;0.000196794;0.000213634;0.000708227;0.0314119;0.000215215;
40;1024;1024;measure;scatter;0.281387;0.212471;0.0689091;0.00393096;0.000156691;0.0283846;0.000261721;0.00023464;0.00176615;0.0339562;0.000218091;
40;1024;1024;measure;scatter;0.273042;0.212294;0.0607411;0.00325143;0.000173204;0.0252096;0.000257042;0.000208752;0.00131001;0.0300789;0.000252157;
40;1024;1024;measure;scatter;0.266944;0.2112;0.0557389;0.0037073;0.000129096;0.0239942;0.000216137;0.000200366;0.000134369;0.027112;0.00024548;
40;1024;1024;measure;scatter;0.291528;0.209337;0.0821809;0.000217529;0.000138055;0.0379652;0.000281833;0.000211937;0.000141823;0.042968;0.00025641;
40;1024;1024;measure;scatter;0.286961;0.203131;0.0838239;0.000299151;0.000140314;0.0451524;0.000214158;0.000205148;0.000423545;0.0371759;0.000213308;
40;1024;1024;measure;scatter;0.267271;0.202659;0.0646053;0.00023655;0.00013759;0.0320521;0.000218456;0.000226305;0.000559445;0.0309583;0.000216572;
40;1024;1024;measure;scatter;0.267392;0.203239;0.0641477;0.000195891;0.000143917;0.0438249;0.000230113;0.000220688;0.000122521;0.0192063;0.000203377;
40;1024;1024;measure;scatter;0.264808;0.202879;0.0619234;0.000307215;0.000134499;0.0240417;0.000221234;0.00018565;0.000116755;0.0366966;0.00021986;
40;1024;1024;measure;scatter;0.26333;0.210044;0.0532733;0.00597743;0.00040336;0.0220919;0.000299136;0.000266783;0.00240216;0.0215968;0.000235806;
40;1024;1024;measure;scatter;0.269492;0.209773;0.0597121;0.000225007;0.000142998;0.0369678;0.000267257;0.00022132;0.000183521;0.0214881;0.000215984;
40;1024;1024;measure;scatter;0.263071;0.202809;0.0602566;0.000188371;0.000132775;0.0336959;0.000242876;0.000210774;0.000429192;0.025145;0.000211732;
40;1024;1024;measure;scatter;0.271954;0.198284;0.0736651;0.000193114;0.000131054;0.0340843;0.000240489;0.000247363;0.00106776;0.037485;0.000216105;
40;1024;1024;measure;scatter;0.275732;0.202856;0.0728702;0.000189892;0.000128274;0.0423187;0.000256547;0.000210107;0.000397513;0.0291431;0.000226067;
40;1024;1024;measure;scatter;0.295323;0.212055;0.0832584;0.00580676;0.000720371;0.0362216;0.000277247;0.000204816;0.0032196;0.0365745;0.00023342;
40;1024;1024;measure;scatter;0.263612;0.202634;0.0609728;0.000191086;0.000124807;0.0369242;0.000208621;0.000222396;0.000115484;0.0229809;0.000205324;
40;1024;1024;measure;scatter;0.270279;0.203002;0.06727;0.000180594;0.000131639;0.0337548;0.000220859;0.000183581;0.000115218;0.0324915;0.00019172;
40;1024;1024;measure;scatter;0.259286;0.203075;0.0562064;0.000200929;0.000131116;0.0364432;0.000223884;0.000223707;0.000110381;0.0184416;0.000431555;
40;1024;1024;measure;scatter;0.268927;0.203008;0.0659133;0.000185866;0.00012897;0.0425464;0.000206165;0.000206158;0.000136044;0.022277;0.000226725;
40;1024;1024;measure;scatter;0.274864;0.202912;0.0719459;0.000192152;0.000139304;0.0427251;0.000209396;0.000197881;0.000617326;0.0276539;0.000210873;
40;1024;1024;measure;scatter;0.269616;0.204539;0.0650717;0.00277031;0.000125086;0.0245915;0.000209941;0.00022619;0.000603883;0.0363395;0.000205287;
40;1024;1024;measure;scatter;0.292245;0.218154;0.0740735;0.00347747;0.000654564;0.0308792;0.000337798;0.00145733;0.000130568;0.0369055;0.000231055;
40;1024;1024;measure;scatter;0.286276;0.204819;0.081451;0.000324458;0.000112063;0.0359604;0.000214725;0.000217342;0.000549031;0.0438793;0.000193656;
40;1024;1024;measure;scatter;0.290243;0.218466;0.0717672;0.00470753;0.000146992;0.0348799;0.000304522;0.000253058;0.00013195;0.0311263;0.000216898;
40;1024;1024;measure;scatter;0.264377;0.204229;0.0601428;0.00271832;0.000119335;0.0236913;0.000234276;0.000218492;0.000446028;0.0325121;0.000202946;
40;1024;1024;measure;scatter;0.258942;0.210346;0.048587;0.00272249;0.000129132;0.0200532;0.000244889;0.000223264;0.000566;0.0244279;0.000220098;
40;1024;1024;measure;scatter;0.276287;0.20287;0.07341;0.000233903;0.000130576;0.0368743;0.000254712;0.000189662;0.000615167;0.0349052;0.000206607;
40;1024;1024;measure;scatter;0.294846;0.20296;0.0918805;0.000197928;0.000134031;0.0441036;0.00023967;0.000245217;0.000386084;0.0463644;0.000209557;
40;1024;1024;measure;scatter;0.266068;0.204524;0.0615382;0.00313362;0.000135574;0.0335039;0.000207923;0.000203731;0.000576759;0.0235491;0.000227547;
40;1024;1024;measure;scatter;0.29134;0.216344;0.0749878;0.00401498;0.001079;0.035538;0.000249301;0.000200693;0.00190934;0.0317667;0.00022981;
40;1024;1024;measure;scatter;0.318631;0.216097;0.102525;0.00559855;0.000141759;0.038245;0.000307405;0.00019556;0.000129301;0.0576782;0.00022963;
40;2048;2048;measure;scatter;0.62729;0.311056;0.316224;0.0191132;0.000652658;0.13802;0.000849104;0.000613566;0.00444828;0.151617;0.000909708;
40;2048;2048;measure;scatter;0.52707;0.274881;0.252183;0.000607865;0.000532226;0.132297;0.000773848;0.000551646;0.00144114;0.115141;0.000838077;
40;2048;2048;measure;scatter;0.528711;0.276813;0.251892;0.00528832;0.000747153;0.113925;0.00101005;0.000525065;0.000734105;0.128773;0.000888681;
40;2048;2048;measure;scatter;0.540874;0.277474;0.263392;0.00606409;0.000744974;0.109164;0.000889872;0.000541306;0.000538245;0.14466;0.000790087;
40;2048;2048;measure;scatter;0.651943;0.317303;0.334631;0.0188709;0.00077501;0.148357;0.00101316;0.000615568;0.00207361;0.162046;0.0008799;
40;2048;2048;measure;scatter;0.522427;0.279743;0.242677;0.000544548;0.000524704;0.132798;0.0010823;0.000567229;0.000600055;0.105761;0.000799055;
40;2048;2048;measure;scatter;0.518368;0.275918;0.242444;0.000569204;0.000519475;0.126038;0.000985741;0.000567511;0.000560999;0.112376;0.000827188;
40;2048;2048;measure;scatter;0.463553;0.276829;0.186717;0.000569928;0.000570957;0.101837;0.000964678;0.000591103;0.000599878;0.080793;0.000790467;
40;2048;2048;measure;scatter;0.525738;0.277522;0.248208;0.0108311;0.000606987;0.109999;0.000821575;0.000654221;0.00056591;0.124005;0.000724444;
40;2048;2048;measure;scatter;0.559718;0.279943;0.279767;0.00565519;0.000779146;0.118985;0.000930057;0.000588342;0.000635428;0.151445;0.000748028;
40;2048;2048;measure;scatter;0.531886;0.27657;0.255308;0.000576975;0.000425931;0.119253;0.00103877;0.000552867;0.000697268;0.132019;0.000744052;
40;2048;2048;measure;scatter;0.557168;0.27629;0.280871;0.000562361;0.000540881;0.110489;0.000891704;0.00913602;0.00103018;0.157356;0.000864969;
40;2048;2048;measure;scatter;0.579023;0.275886;0.303121;0.000623666;0.000557698;0.134557;0.000977;0.000630436;0.000971604;0.164033;0.000771035;
40;2048;2048;measure;scatter;0.544183;0.276031;0.268146;0.000602985;0.000532002;0.0754156;0.00104519;0.000635418;0.000580776;0.18847;0.000863786;
40;2048;2048;measure;scatter;0.536319;0.276057;0.260254;0.000543711;0.000593026;0.11838;0.000965638;0.000565771;0.00117027;0.137273;0.000763214;
40;2048;2048;measure;scatter;0.624398;0.276246;0.348145;0.000546327;0.000553475;0.10791;0.000932998;0.000702545;0.000644529;0.23601;0.000845272;
40;2048;2048;measure;scatter;0.553142;0.302171;0.250963;0.00608107;0.000744519;0.104409;0.00120437;0.000597758;0.000715777;0.13629;0.000919662;
40;2048;2048;measure;scatter;0.554403;0.275966;0.278427;0.000552458;0.000571386;0.145817;0.000853705;0.000588376;0.00129996;0.127944;0.000801004;
40;2048;2048;measure;scatter;0.585373;0.276456;0.308909;0.00056999;0.000554066;0.136902;0.000780728;0.000590909;0.000506904;0.168204;0.000800058;
40;2048;2048;measure;scatter;0.585838;0.275812;0.310018;0.000619685;0.000484009;0.145236;0.00104368;0.000592113;0.000886644;0.160363;0.000792779;
40;2048;2048;measure;scatter;0.570497;0.27527;0.295221;0.000576939;0.000519696;0.0916143;0.000852929;0.000627528;0.000516593;0.199701;0.000812069;
40;2048;2048;measure;scatter;0.574749;0.274715;0.300021;0.0120927;0.000591001;0.122961;0.000738711;0.000523304;0.000491704;0.161732;0.000891793;
40;2048;2048;measure;scatter;0.555653;0.276281;0.279366;0.000533554;0.000578715;0.135423;0.000763936;0.000596574;0.000519556;0.140242;0.000708137;
40;2048;2048;measure;scatter;0.552347;0.275832;0.276509;0.00054273;0.000503254;0.0776754;0.00102993;0.000658091;0.000659569;0.194636;0.000803548;
40;2048;2048;measure;scatter;0.63248;0.317549;0.314909;0.0184762;0.000553957;0.121434;0.000837944;0.000588402;0.00254629;0.169702;0.000771079;
40;2048;2048;measure;scatter;0.604458;0.276149;0.328302;0.000565359;0.000515986;0.0962984;0.000725535;0.000669341;0.000556521;0.228163;0.00080798;
40;2048;2048;measure;scatter;0.596294;0.318432;0.277853;0.0178765;0.000544634;0.143961;0.000815274;0.000689135;0.0115785;0.101621;0.000766595;
40;2048;2048;measure;scatter;0.540006;0.275874;0.264124;0.000569787;0.000478938;0.133256;0.000969031;0.000927783;0.000597316;0.126523;0.000802843;
40;2048;2048;measure;scatter;0.574368;0.293326;0.281035;0.0046822;0.000476738;0.120619;0.000787147;0.000558909;0.0010918;0.152008;0.000811785;
40;2048;2048;measure;scatter;0.630287;0.317788;0.312487;0.017658;0.000498564;0.137691;0.00081181;0.0005505;0.000491285;0.154024;0.000762126;
40;2048;2048;measure;scatter;0.53023;0.275924;0.2543;0.000563287;0.000489699;0.0942266;0.000962539;0.00061334;0.000700303;0.155953;0.000790794;
40;2048;2048;measure;scatter;0.612285;0.275793;0.336485;0.0040372;0.000580786;0.113503;0.000939763;0.000705275;0.000733488;0.215098;0.000887196;
40;2048;2048;measure;scatter;0.566328;0.276045;0.290273;0.000540139;0.000597034;0.140154;0.000815426;0.00055906;0.000526517;0.146346;0.000735595;
40;2048;2048;measure;scatter;0.540728;0.275949;0.264771;0.000603613;0.000583338;0.0948064;0.000948324;0.000577571;0.000695754;0.165747;0.000809004;
40;2048;2048;measure;scatter;0.552867;0.276354;0.276505;0.000555633;0.000464138;0.135091;0.000913056;0.00063692;0.000840656;0.137229;0.000774306;
40;2048;2048;measure;scatter;0.511345;0.276074;0.235264;0.000573416;0.000586985;0.0913063;0.000932458;0.000659497;0.000873486;0.139504;0.00082821;
40;2048;2048;measure;scatter;0.564232;0.270947;0.293277;0.000602326;0.000555273;0.117318;0.000848485;0.000624423;0.000791736;0.171756;0.000781033;
40;2048;2048;measure;scatter;0.600263;0.300968;0.299286;0.0147686;0.00112103;0.133558;0.00102458;0.000633906;0.000724447;0.146577;0.000878609;
40;2048;2048;measure;scatter;0.534844;0.276101;0.258737;0.000559671;0.00054895;0.146249;0.000756972;0.000655348;0.000542782;0.108674;0.000750148;
40;2048;2048;measure;scatter;0.527161;0.276803;0.250351;0.000563567;0.000479852;0.054989;0.000886077;0.000632963;0.000582126;0.191345;0.000872879;
40;2048;2048;measure;scatter;0.54583;0.29363;0.252193;0.0105082;0.000714807;0.113109;0.000914495;0.000627751;0.000639003;0.124886;0.000793997;
40;2048;2048;measure;scatter;0.645294;0.319495;0.325789;0.0173703;0.000774752;0.136477;0.00108542;0.00274521;0.00059589;0.165866;0.000875063;
40;2048;2048;measure;scatter;0.545397;0.275407;0.269982;0.000544093;0.000554224;0.10204;0.000967006;0.000707903;0.000642192;0.163694;0.000833178;
40;2048;2048;measure;scatter;0.554371;0.280288;0.274075;0.0112803;0.000551089;0.120443;0.000776697;0.000520277;0.000569955;0.139163;0.000770654;
40;2048;2048;measure;scatter;0.555727;0.275826;0.279892;0.000539118;0.000551018;0.108152;0.00106866;0.000631625;0.00124305;0.16691;0.000796625;
40;2048;2048;measure;scatter;0.726191;0.3064;0.419773;0.0186863;0.000530261;0.179045;0.000824909;0.000709889;0.0042816;0.214863;0.000831383;
40;2048;2048;measure;scatter;0.533167;0.279681;0.253476;0.0109498;0.0005461;0.122109;0.000735734;0.00053416;0.000540202;0.117245;0.000815946;
40;2048;2048;measure;scatter;0.540376;0.290773;0.249596;0.0120447;0.000587187;0.132241;0.000803288;0.000540035;0.000530433;0.102125;0.0007235;
40;2048;2048;measure;scatter;0.584652;0.275533;0.309112;0.000533138;0.000502696;0.0865769;0.00100938;0.000672655;0.000676223;0.218326;0.000815492;
40;2048;2048;measure;scatter;0.550866;0.274547;0.27631;0.000559751;0.000594481;0.119019;0.000964895;0.000563132;0.00142519;0.152429;0.000754453;
40;4096;4096;measure;scatter;1.53954;0.457788;1.08174;0.00226918;0.00363211;0.634695;0.0140047;0.00420647;0.00835698;0.407117;0.00746065;
40;4096;4096;measure;scatter;1.64369;0.461285;1.18239;0.0454932;0.00382116;0.457692;0.0113567;0.00291423;0.00762716;0.645409;0.00808046;
40;4096;4096;measure;scatter;1.67985;0.460525;1.21931;0.00260008;0.0436722;0.479589;0.0286603;0.00332176;0.00765473;0.646467;0.00734636;
40;4096;4096;measure;scatter;1.83976;0.626555;1.21319;0.00259376;0.0731061;0.465775;0.0247803;0.0027045;0.00827658;0.630341;0.00561748;
40;4096;4096;measure;scatter;1.55199;0.458482;1.0935;0.0294831;0.00387465;0.500193;0.013791;0.00285454;0.00965618;0.527202;0.00644114;
40;4096;4096;measure;scatter;1.29553;0.459928;0.83559;0.044556;0.00328251;0.359319;0.00501694;0.00268255;0.00321904;0.407747;0.00976715;
40;4096;4096;measure;scatter;1.58299;0.459864;1.12312;0.00255737;0.00380242;0.261393;0.0043427;0.00258071;0.00297882;0.833763;0.0117021;
40;4096;4096;measure;scatter;1.43779;0.458144;0.979632;0.00245304;0.00354347;0.404913;0.00523575;0.00248357;0.00295599;0.547802;0.0102442;
40;4096;4096;measure;scatter;1.4859;0.458285;1.02758;0.0448381;0.00377732;0.196677;0.00589774;0.00258257;0.00365203;0.758896;0.0112549;
40;4096;4096;measure;scatter;1.64823;0.480995;1.16722;0.00237503;0.00384482;0.371936;0.00543659;0.00261415;0.00335433;0.769537;0.00812168;
40;4096;4096;measure;scatter;1.62406;0.572196;1.05186;0.00253746;0.0633134;0.371131;0.0214513;0.00277689;0.00857711;0.574835;0.00723406;
40;4096;4096;measure;scatter;1.85182;0.617932;1.23387;0.0476483;0.0531565;0.565513;0.0229501;0.00259424;0.00744753;0.527342;0.00721949;
40;4096;4096;measure;scatter;1.38191;0.457777;0.92412;0.00277553;0.00367229;0.369761;0.00546933;0.00277364;0.0033357;0.526356;0.00997654;
40;4096;4096;measure;scatter;1.99916;0.464892;1.53425;0.00242562;0.00384174;0.344154;0.00479121;0.00254189;0.00297969;1.16194;0.0115704;
40;4096;4096;measure;scatter;1.56397;0.460468;1.10349;0.0443094;0.00354723;0.441027;0.0188253;0.00398812;0.00719925;0.579767;0.0048295;
40;4096;4096;measure;scatter;1.88324;0.586036;1.2972;0.00265131;0.0696192;0.564562;0.016276;0.00232952;0.00718316;0.606514;0.0280622;
40;4096;4096;measure;scatter;1.63731;0.45915;1.17814;0.00237843;0.0437177;0.481481;0.0215853;0.00284662;0.0115354;0.607647;0.00694856;
40;4096;4096;measure;scatter;1.5513;0.496261;1.05503;0.00258603;0.0157468;0.446418;0.0195619;0.00375669;0.00783674;0.532781;0.026339;
40;4096;4096;measure;scatter;1.51508;0.461586;1.05348;0.0435268;0.00434088;0.453838;0.00953264;0.00316308;0.00670836;0.525466;0.0069068;
40;4096;4096;measure;scatter;1.4604;0.460086;1.0003;0.00243666;0.0438884;0.458651;0.0180152;0.00298903;0.0099332;0.45731;0.00707828;
40;4096;4096;measure;scatter;1.59807;0.477334;1.12072;0.0469964;0.00338784;0.411926;0.0177043;0.00439032;0.00957813;0.621907;0.00483289;
40;4096;4096;measure;scatter;1.59424;0.457538;1.13666;0.0444094;0.00347981;0.413427;0.0053112;0.00245101;0.00314503;0.652889;0.0115507;
40;4096;4096;measure;scatter;1.51765;0.460203;1.05744;0.00246301;0.0442766;0.48668;0.0206086;0.00275953;0.00927103;0.484219;0.00716152;
40;4096;4096;measure;scatter;1.52198;0.477452;1.04452;0.00230713;0.00387338;0.350158;0.00615993;0.00234474;0.00371739;0.668271;0.00768449;
40;4096;4096;measure;scatter;1.6258;0.459089;1.16669;0.0025469;0.0440134;0.523097;0.0183376;0.00288431;0.0148209;0.551696;0.00929874;
40;4096;4096;measure;scatter;1.55883;0.459057;1.09976;0.0438772;0.00348021;0.450202;0.0193248;0.00418054;0.00971454;0.56202;0.00696353;
40;4096;4096;measure;scatter;1.68147;0.462587;1.21887;0.0459874;0.00402455;0.476597;0.0172603;0.00311793;0.00970372;0.654299;0.00787811;
40;4096;4096;measure;scatter;1.45982;0.477849;0.98196;0.0509913;0.00385744;0.48579;0.0149305;0.00487221;0.0099498;0.406777;0.00479098;
40;4096;4096;measure;scatter;1.60043;0.459404;1.14099;0.00253463;0.0440228;0.434814;0.00465086;0.00261126;0.00640109;0.634977;0.0109806;
40;4096;4096;measure;scatter;1.62704;0.463559;1.16347;0.00237145;0.00380083;0.489457;0.0225361;0.00273376;0.00857105;0.626714;0.00728533;
40;4096;4096;measure;scatter;2.0441;0.633832;1.41026;0.103214;0.00407549;0.65383;0.0311531;0.00279276;0.00959433;0.5983;0.00729896;
40;4096;4096;measure;scatter;2.1469;0.626119;1.52077;0.00249607;0.0708725;0.649298;0.0135088;0.00281319;0.00914904;0.761479;0.0111483;
40;4096;4096;measure;scatter;1.69424;0.459602;1.23462;0.0463346;0.00375054;0.523202;0.0129722;0.00437223;0.00718551;0.629237;0.00757059;
40;4096;4096;measure;scatter;1.60666;0.459745;1.14691;0.0453945;0.00367436;0.485829;0.0288938;0.00396351;0.00723124;0.564973;0.00694775;
40;4096;4096;measure;scatter;1.93505;0.62328;1.31175;0.0222893;0.0780577;0.64493;0.0177818;0.00288506;0.0107005;0.529716;0.00538868;
40;4096;4096;measure;scatter;1.76276;0.472732;1.29002;0.00234703;0.00369361;0.630785;0.0140002;0.00289069;0.0108446;0.616477;0.00898007;
40;4096;4096;measure;scatter;1.44466;0.458969;0.985682;0.0454424;0.00380824;0.429441;0.00590907;0.00283833;0.00345804;0.48411;0.0106754;
40;4096;4096;measure;scatter;1.60662;0.461185;1.14542;0.044074;0.00345197;0.468359;0.0230314;0.00304452;0.0116976;0.585305;0.00645951;
40;4096;4096;measure;scatter;1.88569;0.62776;1.25792;0.0168896;0.0814858;0.522264;0.0118418;0.00273009;0.00901218;0.606093;0.00760312;
40;4096;4096;measure;scatter;1.5492;0.460366;1.08883;0.00244337;0.00371883;0.477313;0.0201513;0.00264626;0.011919;0.563035;0.0075975;
40;4096;4096;measure;scatter;1.53155;0.459455;1.07209;0.0453517;0.0037724;0.508957;0.0131642;0.00435652;0.00822933;0.48005;0.00820496;
40;4096;4096;measure;scatter;1.71648;0.460071;1.25639;0.0456488;0.00378686;0.487853;0.0251586;0.00393325;0.00961432;0.672232;0.00816795;
40;4096;4096;measure;scatter;1.63063;0.462684;1.16794;0.00241045;0.0466386;0.479639;0.0118504;0.00298424;0.0119715;0.604859;0.00758811;
40;4096;4096;measure;scatter;1.52806;0.462579;1.06545;0.0437962;0.00346822;0.354211;0.00483039;0.00274387;0.00311952;0.643692;0.00958842;
40;4096;4096;measure;scatter;1.52778;0.459215;1.06855;0.045943;0.00387082;0.473291;0.0219649;0.00366362;0.00996831;0.500845;0.00900793;
40;4096;4096;measure;scatter;1.54436;0.465135;1.07918;0.00244608;0.0438009;0.381646;0.00543436;0.0101531;0.0224433;0.602112;0.0111467;
40;4096;4096;measure;scatter;1.56889;0.460124;1.10876;0.0442368;0.00340363;0.436743;0.00664045;0.00534882;0.00831654;0.597441;0.00662765;
40;4096;4096;measure;scatter;1.73752;0.570027;1.16748;0.00248299;0.0633597;0.438541;0.01903;0.00273374;0.0087365;0.624823;0.00777618;
40;4096;4096;measure;scatter;1.68763;0.461283;1.22628;0.00263;0.00391769;0.256153;0.00528767;0.0024116;0.00307111;0.940568;0.0122425;
40;4096;4096;measure;scatter;1.79253;0.630444;1.16207;0.102343;0.00406038;0.506856;0.0127163;0.00254601;0.010779;0.515883;0.00688997;
40;8192;8192;measure;scatter;5.62646;1.35179;4.27466;0.0250019;0.168961;1.94756;0.0653271;0.0116493;0.034406;1.9899;0.0318519;
40;8192;8192;measure;scatter;6.08135;1.08673;4.99461;0.144945;0.041723;1.89835;0.0427814;0.0105677;0.0192138;2.80952;0.0275081;
40;8192;8192;measure;scatter;6.92868;1.48009;5.44858;0.24043;0.129171;1.60665;0.0508243;0.922816;0.0339606;2.44279;0.0219339;
40;8192;8192;measure;scatter;5.88232;1.09171;4.79059;0.024785;0.168641;1.00713;0.0290666;0.011099;0.0135077;3.50308;0.0332873;
40;8192;8192;measure;scatter;5.81539;1.08781;4.72756;0.393045;0.0128442;1.789;0.0538871;0.0113861;0.0171173;2.42393;0.0263534;
40;8192;8192;measure;scatter;6.14146;1.07968;5.06178;0.0220625;0.014176;2.10374;0.0456414;0.0121093;0.0206096;2.81656;0.0268752;
40;8192;8192;measure;scatter;5.40703;1.07922;4.32781;0.0243482;0.172349;1.91634;0.0560099;0.0109514;0.0198586;2.09521;0.032739;
40;8192;8192;measure;scatter;6.24213;1.08597;5.15615;0.215589;0.0142433;1.37308;0.0312382;0.0106133;0.0135138;3.47001;0.0278671;
40;8192;8192;measure;scatter;6.28959;1.08097;5.20861;0.0238045;0.013691;1.44529;0.0328212;0.00997025;0.0121564;3.64212;0.0287592;
40;8192;8192;measure;scatter;5.36611;1.10922;4.25687;0.0349346;0.0126007;1.98945;0.0583982;0.010202;0.0178357;2.11319;0.0202608;
40;8192;8192;measure;scatter;5.44254;1.08328;4.35925;0.183015;0.0132557;1.28139;0.0304162;0.0104036;0.0132925;2.79708;0.0304044;
40;8192;8192;measure;scatter;5.41029;1.08457;4.32571;0.190675;0.0138854;1.33571;0.0318375;0.0110542;0.0135843;2.69369;0.0352675;
40;8192;8192;measure;scatter;5.45851;1.08328;4.37523;0.0261039;0.0141829;1.50238;0.0309285;0.0105709;0.0130322;2.74755;0.0304814;
40;8192;8192;measure;scatter;5.89093;1.08224;4.80868;0.0248154;0.0143153;2.04816;0.0601915;0.0113123;0.0195271;2.60372;0.026639;
40;8192;8192;measure;scatter;5.24296;1.08541;4.15755;0.0241409;0.0131777;1.90806;0.054002;0.0106704;0.0197074;2.10243;0.0253632;
40;8192;8192;measure;scatter;6.22986;1.08742;5.14242;0.21541;0.0157253;1.24567;0.0386146;0.00997332;0.0131884;3.57401;0.0298248;
40;8192;8192;measure;scatter;5.44246;1.09714;4.34531;0.0249451;0.169725;1.95824;0.0500206;0.0102615;0.019886;2.07872;0.0335091;
40;8192;8192;measure;scatter;5.28586;1.08651;4.19933;0.0339023;0.0125302;1.98693;0.0395665;0.0102238;0.0174695;2.07725;0.021463;
40;8192;8192;measure;scatter;5.61007;1.32715;4.28291;0.0256907;0.169071;1.91512;0.0415023;0.00938513;0.0195395;2.07114;0.0314611;
40;8192;8192;measure;scatter;5.44772;1.15507;4.29264;0.189075;0.0137425;1.927;0.040055;0.0107029;0.0198059;2.05837;0.0338924;
40;8192;8192;measure;scatter;5.91424;1.08017;4.83407;0.0235487;0.0137401;1.93334;0.0389193;0.00941289;0.0192866;2.76818;0.0276364;
40;8192;8192;measure;scatter;4.8756;1.14773;3.72786;0.0242094;0.0136578;0.992766;0.0304244;0.0108156;0.0130568;2.61135;0.0315804;
40;8192;8192;measure;scatter;6.19066;1.15496;5.0357;0.0241248;0.174977;1.2469;0.028611;0.0110496;0.0132539;3.50328;0.0334989;
40;8192;8192;measure;scatter;5.47519;1.08543;4.38975;0.0256811;0.187783;1.91933;0.0529414;0.0103401;0.0189475;2.13727;0.0374616;
40;8192;8192;measure;scatter;5.29706;1.0823;4.21475;0.182324;0.0139766;1.16217;0.0295407;0.00960128;0.0131;2.77088;0.0331517;
40;8192;8192;measure;scatter;5.8912;1.08609;4.80509;0.0248952;0.0132078;1.38906;0.030851;0.0101577;0.0131549;3.29521;0.0285546;
40;8192;8192;measure;scatter;5.43923;1.08341;4.35581;0.0265975;0.0135015;1.39089;0.0313237;0.0101342;0.0124827;2.8312;0.0396801;
40;8192;8192;measure;scatter;5.89544;1.0785;4.81693;0.179449;0.0130506;1.19022;0.0297227;0.0103077;0.0132979;3.35242;0.0284651;
40;8192;8192;measure;scatter;6.07396;1.08401;4.98994;0.0324186;0.0135927;1.49321;0.0302936;0.010613;0.0132416;3.36913;0.0274427;
40;8192;8192;measure;scatter;5.5586;1.32717;4.23142;0.0282676;0.172767;1.86861;0.041451;0.00941549;0.0184996;2.06246;0.0299463;
40;8192;8192;measure;scatter;5.47566;1.14125;4.33439;0.0229137;0.0140098;1.55311;0.0309888;0.0100992;0.0133217;2.65559;0.034356;
40;8192;8192;measure;scatter;5.39331;1.0796;4.3137;0.182846;0.0139688;1.91914;0.0380279;0.0121219;0.0202698;2.09695;0.0303812;
40;8192;8192;measure;scatter;7.60628;1.08233;6.52393;0.0272723;0.013982;2.19156;0.0612125;0.0112902;0.0201747;4.17247;0.0259645;
40;8192;8192;measure;scatter;5.07209;1.13902;3.93306;0.0261672;0.178732;0.800494;0.0311778;0.0102058;0.0120618;2.83981;0.0344075;
40;8192;8192;measure;scatter;5.90745;1.08625;4.82119;0.0248014;0.16277;1.93044;0.0612414;0.00974923;0.0192792;2.58645;0.0264581;
40;8192;8192;measure;scatter;5.21963;1.08134;4.13828;0.185975;0.0134491;1.16892;0.0301448;0.00958001;0.0126656;2.68565;0.0318831;
40;8192;8192;measure;scatter;5.95855;1.08846;4.87009;0.0248194;0.168864;1.8738;0.0559417;0.0101318;0.0199969;2.69142;0.025112;
40;8192;8192;measure;scatter;5.98926;1.37352;4.61572;0.0339193;0.18301;1.91286;0.0402955;0.0111437;0.0193897;2.38517;0.029935;
40;8192;8192;measure;scatter;7.88699;1.15016;6.73681;0.0265628;0.0136116;2.06611;0.0454036;0.0106068;0.019397;4.5294;0.0257277;
40;8192;8192;measure;scatter;7.55157;1.44355;6.108;0.0259262;0.30617;2.28341;0.0472178;0.010605;0.0411473;3.369;0.0245249;
40;8192;8192;measure;scatter;6.11202;1.4944;4.6176;0.272606;0.0136288;1.76358;0.0431427;0.0105058;0.0413314;2.44614;0.02667;
40;8192;8192;measure;scatter;5.88873;1.34214;4.54658;0.0236974;0.166187;1.32092;0.0431042;0.0106734;0.0185346;2.93323;0.0302279;
40;8192;8192;measure;scatter;6.17024;1.08044;5.08979;0.0243518;0.0131188;2.09115;0.0401145;0.00936189;0.0193595;2.85981;0.032527;
40;8192;8192;measure;scatter;5.11796;1.08697;4.03098;0.0243822;0.171615;1.18701;0.0320703;0.0104548;0.0124904;2.56187;0.0310866;
40;8192;8192;measure;scatter;4.93559;1.08613;3.84944;0.183326;0.0139663;1.95431;0.0531595;0.0108942;0.0192096;1.58453;0.030044;
40;8192;8192;measure;scatter;6.13959;1.09645;5.04311;0.02527;0.343775;2.1597;0.0408653;0.00916616;0.018974;2.41296;0.0324047;
40;8192;8192;measure;scatter;5.78956;1.33669;4.45286;0.153789;0.0137869;1.2107;0.0408642;0.00970065;0.0195372;2.98491;0.0195804;
40;8192;8192;measure;scatter;5.28958;1.15477;4.1348;0.0252544;0.190427;2.10845;0.0599413;0.0101781;0.0192039;1.68847;0.0328837;
40;8192;8192;measure;scatter;5.62571;1.0832;4.54249;0.0262964;0.166728;0.965592;0.0309436;0.010013;0.0129301;3.30144;0.0285551;
40;8192;8192;measure;scatter;4.45036;1.07762;3.37273;0.0260954;0.0134756;0.763805;0.0314694;0.009903;0.0125746;2.48287;0.0325424;
40;16384;16384;measure;scatter;23.465;3.04769;20.4173;0.12128;0.507072;8.45766;0.211844;0.0513141;0.0656448;10.8969;0.105625;
40;16384;16384;measure;scatter;25.1068;3.10026;22.0064;0.130779;0.562224;8.1349;0.184572;0.0588826;0.0645137;12.7857;0.084805;
40;16384;16384;measure;scatter;23.0603;3.02297;20.0373;0.105393;0.0866841;6.18257;0.193878;0.0509561;0.0565936;13.2582;0.103043;
40;16384;16384;measure;scatter;24.1596;2.98999;21.1696;0.129065;0.0984588;5.8312;0.175364;0.0507565;0.0534292;14.7372;0.0941426;
40;16384;16384;measure;scatter;22.2029;3.01919;19.1837;0.127902;0.511463;4.75936;0.157062;0.0481726;0.0549946;13.4073;0.117515;
40;16384;16384;measure;scatter;21.7782;3.03203;18.7462;0.109613;0.486012;7.87344;0.196658;0.0682836;0.0646917;9.8633;0.0841594;
40;16384;16384;measure;scatter;24.3129;2.98336;21.3295;0.107137;0.459691;5.39413;0.147967;0.0475013;0.0553736;15.0024;0.115248;
40;16384;16384;measure;scatter;23.1743;3.03327;20.141;0.130771;0.43113;8.24747;0.166183;0.0447805;0.0631414;10.9596;0.0979666;
40;16384;16384;measure;scatter;25.7293;2.97701;22.7521;0.216317;0.369314;5.88972;0.184372;0.0577163;0.0551829;15.8764;0.103022;
40;16384;16384;measure;scatter;23.5832;3.01081;20.5723;0.186463;0.621778;7.1198;0.161926;0.0396196;0.0671238;12.2821;0.0935037;
40;16384;16384;measure;scatter;23.307;3.00357;20.3034;0.122173;0.0557222;3.11698;0.127563;0.0480072;0.0528472;16.6822;0.0978987;
40;16384;16384;measure;scatter;24.647;3.0309;21.6161;0.103501;0.0536243;11.1817;0.167855;0.0474243;0.114454;9.85111;0.096377;
40;16384;16384;measure;scatter;27.74;2.98906;24.7507;0.118192;0.0524144;10.4296;0.198543;0.0438955;0.065451;13.7372;0.105456;
40;16384;16384;measure;scatter;24.0565;3.12173;20.9348;0.130461;0.053613;10.3857;0.208922;0.050603;0.0631879;9.94813;0.0941773;
40;16384;16384;measure;scatter;27.7035;3.01075;24.6927;0.12757;0.4315;8.07626;0.168864;0.0526839;0.0672118;15.6604;0.108204;
40;16384;16384;measure;scatter;24.038;2.99864;21.0393;0.120176;0.313109;8.99393;0.188052;0.0507633;0.0652498;11.189;0.119096;
40;16384;16384;measure;scatter;22.2073;3.0912;19.1161;0.133572;0.0510218;5.70537;0.210521;0.0507596;0.0534327;12.8211;0.0903346;
40;16384;16384;measure;scatter;24.2687;3.1259;21.1428;0.120441;0.12661;8.29368;0.164479;0.0490789;0.0663232;12.2219;0.100264;
40;16384;16384;measure;scatter;22.3718;3.00684;19.365;0.121038;0.555269;8.14043;0.162105;0.0557005;0.0643881;10.1676;0.0984902;
40;16384;16384;measure;scatter;22.3411;2.99682;19.3443;0.100984;0.05485;4.01279;0.120583;0.0463259;0.0552775;14.8321;0.121363;
40;16384;16384;measure;scatter;24.6257;3.22618;21.3995;0.130608;0.653996;8.2443;0.194145;0.0494527;0.0657461;11.9784;0.0828334;
40;16384;16384;measure;scatter;31.2994;4.19313;27.1061;0.66457;0.551469;9.44029;0.213916;0.048322;0.115557;15.888;0.183995;
40;16384;16384;measure;scatter;26.9251;4.21354;22.7114;0.128403;0.670741;7.60043;0.162788;0.0554403;0.0635806;13.9294;0.100558;
40;16384;16384;measure;scatter;25.2876;3.0214;22.2662;0.126665;0.0958852;8.9514;0.188357;0.0510336;0.0651044;12.6972;0.0905219;
40;16384;16384;measure;scatter;25.4158;2.98745;22.4281;0.103842;0.0540578;6.41466;0.170533;0.0512604;0.054073;15.453;0.126684;
40;16384;16384;measure;scatter;28.2654;3.09834;25.1668;0.133472;0.456538;8.64489;0.181966;0.0507758;0.0665679;15.545;0.0875822;
40;16384;16384;measure;scatter;25.2422;3.20203;22.04;0.132147;0.497792;8.2521;0.16373;0.047295;0.0660761;12.7983;0.0825299;
40;16384;16384;measure;scatter;20.9734;3.77314;17.2002;0.130022;0.0532428;4.66033;0.14412;0.0473203;0.0552928;11.9881;0.121806;
40;16384;16384;measure;scatter;22.4291;3.00166;19.4275;0.125825;0.0520635;6.09185;0.187781;0.049505;0.055059;12.7447;0.120655;
40;16384;16384;measure;scatter;26.1525;5.24584;20.9065;0.134945;0.55434;8.13174;0.192358;0.0557856;0.114913;11.6347;0.0877576;
40;16384;16384;measure;scatter;23.5312;3.18847;20.3428;0.131288;0.659652;8.39597;0.161339;0.058378;0.0708506;10.7772;0.0881307;
40;16384;16384;measure;scatter;23.3168;3.1167;20.2001;0.132096;0.443988;8.44481;0.187963;0.0480035;0.0648393;10.7809;0.0974979;
40;16384;16384;measure;scatter;27.2408;3.00282;24.2379;0.106472;0.297296;7.96951;0.158768;0.0456509;0.0636166;15.4935;0.103084;
40;16384;16384;measure;scatter;29.5566;3.74017;25.8162;0.129328;0.531249;8.90481;0.198963;0.0583859;0.0636964;15.8462;0.0835931;
40;16384;16384;measure;scatter;26.5714;3.13224;23.4389;0.104743;0.659289;5.45225;0.166093;0.0463738;0.0524948;16.8427;0.114997;
40;16384;16384;measure;scatter;20.5524;3.15647;17.3959;0.66023;0.0515153;1.82342;0.116176;0.0578417;0.0542584;14.5206;0.111892;
40;16384;16384;measure;scatter;27.9966;3.25781;24.7386;0.131287;0.543715;8.18783;0.198367;0.0582267;0.0687327;15.4636;0.0868363;
40;16384;16384;measure;scatter;31.5499;3.13036;28.4193;0.109268;0.404409;10.0639;0.198129;0.051452;0.0667244;17.4092;0.116226;
40;16384;16384;measure;scatter;22.2494;3.00279;19.2466;0.102441;0.453115;5.64007;0.16106;0.0480964;0.0556382;12.6607;0.125479;
40;16384;16384;measure;scatter;24.3265;3.0267;21.2998;0.105281;0.442129;5.15241;0.179281;0.0478207;0.05384;15.2021;0.116969;
40;16384;16384;measure;scatter;23.6094;3.00232;20.6071;0.457864;0.0560977;8.48349;0.200774;0.0512119;0.0649325;11.1999;0.092836;
40;16384;16384;measure;scatter;27.3383;2.99797;24.3401;0.100886;0.055293;8.44878;0.184444;0.050731;0.0654184;15.357;0.0775474;
40;16384;16384;measure;scatter;20.9632;3.01659;17.9466;0.106556;0.43278;5.17832;0.200666;0.0474925;0.0562985;11.7899;0.134579;
40;16384;16384;measure;scatter;36.106;5.09558;31.0101;0.110442;0.577499;10.8297;0.234421;0.0523775;0.119084;18.9245;0.162049;
40;16384;16384;measure;scatter;31.4488;3.15794;28.2906;0.166874;0.440491;8.65736;0.156661;0.0565589;0.0669257;18.5936;0.15216;
40;16384;16384;measure;scatter;28.8339;3.80938;25.0242;0.104054;0.0539528;9.1042;0.18705;0.0563232;0.0689691;15.3505;0.0991446;
40;16384;16384;measure;scatter;25.1824;3.11915;22.0632;0.106021;0.0542413;8.35008;0.195808;0.061363;0.0641397;13.1521;0.0795212;
40;16384;16384;measure;scatter;27.406;2.99443;24.4113;0.108273;0.599881;5.23847;0.146678;0.0483254;0.0554415;18.0849;0.12938;
40;16384;16384;measure;scatter;24.06;4.12828;19.9316;0.0991566;0.223373;8.69565;0.165012;0.0546237;0.0655928;10.5382;0.090038;
40;16384;16384;measure;scatter;22.7248;3.03852;19.6863;0.102081;0.638713;5.51607;0.173956;0.0427265;0.0524298;13.0357;0.124638;