n_threads;n_x;n_y;plan;comm_flag;total;initialization;fft_2d_total;first_fftw;first_split;first_comm;first_trans;second_fftw;second_split;second_comm;second_trans;
40;128;128;measure;scatter;0.359112;0.121023;0.238083;5.87439e-05;7.43452e-05;9.56829e-05;6.14941e-05;6.34289e-05;4.1977e-05;0.237611;7.61759e-05;
40;128;128;measure;scatter;0.111072;0.0739889;0.0370684;8.62172e-05;5.21909e-05;0.0258111;5.6054e-05;7.31531e-05;4.35589e-05;0.0108777;6.8363e-05;
40;128;128;measure;scatter;0.0990873;0.073969;0.0251134;6.80909e-05;4.9371e-05;0.0228665;6.42871e-05;4.89941e-05;3.6025e-05;0.0019026;7.75671e-05;
40;128;128;measure;scatter;0.233092;0.064924;0.168161;6.9866e-05;4.88751e-05;0.165881;6.6166e-05;9.7302e-05;4.8114e-05;0.00187333;7.66369e-05;
40;128;128;measure;scatter;0.20303;0.0688361;0.134189;6.59488e-05;4.8683e-05;0.0818723;5.40381e-05;6.25518e-05;5.22982e-05;0.0519519;8.123e-05;
40;128;128;measure;scatter;0.11007;0.0639216;0.0461425;5.87332e-05;3.9666e-05;0.0309227;6.56641e-05;5.4009e-05;3.7642e-05;0.0149066;5.74971e-05;
40;128;128;measure;scatter;0.146098;0.0739207;0.0721727;6.31111e-05;4.5696e-05;0.0569179;5.3287e-05;7.0686e-05;4.34162e-05;0.0149073;7.1296e-05;
40;128;128;measure;scatter;0.132961;0.111021;0.0219347;6.2455e-05;4.88511e-05;7.90539e-05;0.000101447;4.73892e-05;4.21088e-05;0.0214784;7.49261e-05;
40;128;128;measure;scatter;0.194108;0.074996;0.119097;6.18631e-05;4.14969e-05;0.108842;8.37492e-05;5.41038e-05;4.39272e-05;0.00989779;7.1621e-05;
40;128;128;measure;scatter;0.119952;0.108034;0.0119018;7.1439e-05;6.4783e-05;5.31471e-05;6.2491e-05;6.29351e-05;4.131e-05;0.0114681;7.76101e-05;
40;128;128;measure;scatter;0.144175;0.0629085;0.0812527;6.16862e-05;4.97359e-05;0.0589201;7.4435e-05;5.9752e-05;3.5485e-05;0.0219818;6.97272e-05;
40;128;128;measure;scatter;0.110127;0.0759797;0.0341425;6.31891e-05;3.68059e-05;0.0218573;7.86281e-05;6.4736e-05;3.8299e-05;0.0119281;7.54381e-05;
40;128;128;measure;scatter;0.114108;0.0628958;0.0512081;7.3829e-05;5.68989e-05;0.0388528;5.8135e-05;5.1057e-05;4.40942e-05;0.0119777;9.3638e-05;
40;128;128;measure;scatter;0.101046;0.0628983;0.0381421;5.87371e-05;5.99381e-05;0.0269488;7.9381e-05;4.9707e-05;4.0042e-05;0.010841;6.4509e-05;
40;128;128;measure;scatter;0.0961215;0.06294;0.0331755;6.15909e-05;4.7425e-05;0.021898;6.3295e-05;7.4358e-05;3.4991e-05;0.0109258;7.00939e-05;
40;128;128;measure;scatter;0.115008;0.0781113;0.0368907;5.96959e-05;4.653e-05;0.0226866;7.7894e-05;5.56849e-05;4.96251e-05;0.0138251;8.9525e-05;
40;128;128;measure;scatter;0.10014;0.0629198;0.0372151;6.91169e-05;5.19189e-05;0.0219702;6.19241e-05;4.28448e-05;4.7412e-05;0.0148964;7.5256e-05;
40;128;128;measure;scatter;0.105008;0.0639331;0.0410647;5.5755e-05;4.60718e-05;0.0259554;5.92861e-05;8.32209e-05;4.61591e-05;0.0147498;6.9008e-05;
40;128;128;measure;scatter;0.214979;0.07391;0.141063;6.1604e-05;5.42821e-05;0.118932;6.05921e-05;9.10419e-05;3.816e-05;0.021741;8.4409e-05;
40;128;128;measure;scatter;0.0930946;0.0639595;0.0291299;5.00351e-05;6.2109e-05;0.0178843;5.73499e-05;5.05971e-05;4.468e-05;0.0109209;5.9837e-05;
40;128;128;measure;scatter;0.503287;0.0629264;0.440356;7.75259e-05;4.7795e-05;0.285859;5.447e-05;8.624e-05;3.78632e-05;0.154126;6.6597e-05;
40;128;128;measure;scatter;0.108906;0.0636733;0.0452266;5.04451e-05;5.01398e-05;0.0338848;5.07059e-05;7.22602e-05;4.16159e-05;0.0109666;0.00011002;
40;128;128;measure;scatter;0.161001;0.0629249;0.0980693;6.0414e-05;5.7651e-05;0.0759244;5.957e-05;6.60601e-05;5.28239e-05;0.0217674;8.105e-05;
40;128;128;measure;scatter;0.212711;0.0645116;0.148194;7.1134e-05;5.36509e-05;0.145884;6.0583e-05;7.8524e-05;4.83531e-05;0.00192385;7.38748e-05;
40;128;128;measure;scatter;0.114061;0.0659269;0.0481273;6.8784e-05;3.62941e-05;0.0368869;5.22351e-05;4.85969e-05;4.7476e-05;0.0109171;6.9944e-05;
40;128;128;measure;scatter;0.111061;0.0629315;0.0481244;5.8694e-05;3.6299e-05;0.0258871;5.75741e-05;7.75349e-05;3.8624e-05;0.0218918;7.6747e-05;
40;128;128;measure;scatter;0.10983;0.0627694;0.0470531;5.07419e-05;5.51981e-05;0.0239198;9.219e-05;0.000108563;3.1664e-05;0.022728;6.68808e-05;
40;128;128;measure;scatter;0.132953;0.0628836;0.0700639;5.6688e-05;6.21199e-05;0.0572704;7.36141e-05;8.96701e-05;3.60659e-05;0.0123938;8.15641e-05;
40;128;128;measure;scatter;0.274158;0.0739534;0.200198;6.65658e-05;4.27722e-05;0.0219158;7.31419e-05;7.0401e-05;4.7788e-05;0.177897;8.51029e-05;
40;128;128;measure;scatter;0.219107;0.0796023;0.139501;8.7932e-05;4.80029e-05;0.128138;6.29711e-05;9.8726e-05;3.5475e-05;0.0109294;0.000100975;
40;128;128;measure;scatter;0.379058;0.0638851;0.315167;5.98799e-05;6.11171e-05;0.303177;5.49541e-05;6.84978e-05;3.64331e-05;0.0116396;6.99579e-05;
40;128;128;measure;scatter;0.109011;0.074019;0.0349865;5.5833e-05;5.0751e-05;0.0188429;0.000159212;4.12371e-05;3.05769e-05;0.0157234;8.26309e-05;
40;128;128;measure;scatter;0.115983;0.0629309;0.0530471;5.864e-05;4.6846e-05;0.0398696;7.44478e-05;4.6995e-05;4.81331e-05;0.0128257;7.6812e-05;
40;128;128;measure;scatter;0.124937;0.0738817;0.0510502;6.716e-05;5.36439e-05;0.0288966;5.38439e-05;6.6977e-05;3.9835e-05;0.0217916;8.05741e-05;
40;128;128;measure;scatter;0.132851;0.0629418;0.0699036;6.8892e-05;4.48751e-05;0.0439358;5.1233e-05;0.000867507;3.2183e-05;0.0239522;0.000950893;
40;128;128;measure;scatter;0.151139;0.0639267;0.0872062;7.60411e-05;4.95089e-05;0.0748667;8.71471e-05;6.20091e-05;4.5663e-05;0.0119036;0.000115539;
40;128;128;measure;scatter;0.512176;0.0738493;0.438321;6.14e-05;5.3236e-05;0.0339901;7.82921e-05;5.5071e-05;4.93531e-05;0.403954;7.9402e-05;
40;128;128;measure;scatter;0.112114;0.0629239;0.0491846;7.3591e-05;5.36731e-05;0.0468905;5.50149e-05;6.36152e-05;3.9286e-05;0.00191876;9.01269e-05;
40;128;128;measure;scatter;0.227966;0.0739599;0.154001;0.000212038;5.9841e-05;0.0226986;5.0697e-05;7.92772e-05;3.43688e-05;0.130797;6.87269e-05;
40;128;128;measure;scatter;0.173121;0.0739529;0.0991618;5.34509e-05;5.63322e-05;0.0658389;6.4811e-05;6.73209e-05;4.3022e-05;0.0329704;6.7597e-05;
40;128;128;measure;scatter;0.141941;0.109222;0.0327143;6.41779e-05;6.1719e-05;9.0783e-05;5.70561e-05;4.33601e-05;3.96329e-05;0.0322901;6.75318e-05;
40;128;128;measure;scatter;0.120059;0.106862;0.0131825;7.79671e-05;5.07049e-05;0.000114035;5.52319e-05;6.06601e-05;4.29251e-05;0.0127169;6.4037e-05;
40;128;128;measure;scatter;0.184101;0.0639346;0.120161;6.7255e-05;4.872e-05;0.0769154;6.4333e-05;8.33629e-05;3.9984e-05;0.0428812;6.079e-05;
40;128;128;measure;scatter;0.189013;0.0628347;0.126173;6.16959e-05;5.05529e-05;0.114878;4.9792e-05;5.8268e-05;4.83759e-05;0.010954;7.1967e-05;
40;128;128;measure;scatter;0.129024;0.0629148;0.0661033;7.7741e-05;4.28469e-05;0.0548966;4.94402e-05;6.39649e-05;4.1309e-05;0.0108567;7.4795e-05;
40;128;128;measure;scatter;0.232124;0.0678943;0.164226;0.000244501;4.66402e-05;0.151709;6.20759e-05;4.2818e-05;4.56132e-05;0.011998;7.77761e-05;
40;128;128;measure;scatter;0.146089;0.0739269;0.0721584;5.6501e-05;5.0406e-05;0.0168905;4.83049e-05;8.57031e-05;5.0402e-05;0.0548959;8.0741e-05;
40;128;128;measure;scatter;0.157179;0.0749478;0.0822143;6.104e-05;5.2735e-05;0.01183;5.46181e-05;5.3752e-05;4.94509e-05;0.0700483;6.4515e-05;
40;128;128;measure;scatter;0.105091;0.0630683;0.0420158;5.53238e-05;4.97401e-05;0.0307701;5.8346e-05;0.00010164;4.0381e-05;0.010877;6.32801e-05;
40;128;128;measure;scatter;0.109997;0.0629381;0.0470535;7.65799e-05;5.0731e-05;0.025865;5.49122e-05;4.13838e-05;4.6174e-05;0.02085;6.87989e-05;
40;256;256;measure;scatter;0.170105;0.122774;0.0473256;8.69199e-05;7.76299e-05;0.0358905;9.4339e-05;6.9014e-05;5.89059e-05;0.0109577;9.06519e-05;
40;256;256;measure;scatter;0.170019;0.114819;0.0551937;8.10821e-05;8.55869e-05;0.0329029;0.000143351;8.44651e-05;7.4106e-05;0.0217387;8.3497e-05;
40;256;256;measure;scatter;0.237928;0.103764;0.134159;7.73841e-05;7.4158e-05;0.0438545;8.6193e-05;7.7493e-05;7.84181e-05;0.089791;0.000119674;
40;256;256;measure;scatter;0.208909;0.164921;0.0439825;9.8336e-05;7.5114e-05;0.0217369;8.52249e-05;6.4617e-05;7.18671e-05;0.0217718;7.86511e-05;
40;256;256;measure;scatter;0.226865;0.103784;0.123075;8.51988e-05;7.74621e-05;0.0788774;7.32411e-05;6.7428e-05;7.9582e-05;0.0437132;0.000101779;
40;256;256;measure;scatter;0.286905;0.132765;0.154134;7.57112e-05;8.61159e-05;0.120783;7.61219e-05;6.77721e-05;7.82108e-05;0.0328179;0.000149126;
40;256;256;measure;scatter;0.18295;0.126785;0.0561585;8.88179e-05;7.66341e-05;0.0118756;0.000146797;0.000104971;5.29611e-05;0.0437319;8.0805e-05;
40;256;256;measure;scatter;0.26483;0.103729;0.161096;8.24609e-05;7.47591e-05;0.0948648;8.57471e-05;8.59699e-05;5.86591e-05;0.0657643;7.90942e-05;
40;256;256;measure;scatter;0.324929;0.109766;0.215158;9.31211e-05;7.1631e-05;0.19287;7.8236e-05;0.000131761;4.79529e-05;0.0217802;8.522e-05;
40;256;256;measure;scatter;0.181857;0.114757;0.067096;8.56281e-05;8.3908e-05;0.0338986;8.3833e-05;5.38528e-05;5.78582e-05;0.0327397;9.25919e-05;
40;256;256;measure;scatter;0.187467;0.104772;0.0826914;8.1897e-05;8.80279e-05;0.0348357;7.6978e-05;5.33191e-05;5.69639e-05;0.047411;8.75699e-05;
40;256;256;measure;scatter;0.185965;0.103753;0.0822068;9.7278e-05;8.68679e-05;0.0418433;9.46538e-05;0.000132642;5.13282e-05;0.0398052;9.54641e-05;
40;256;256;measure;scatter;0.412468;0.114673;0.297789;0.000119125;8.07759e-05;0.112789;7.75009e-05;5.82549e-05;7.50341e-05;0.179239;0.00535071;
40;256;256;measure;scatter;0.219315;0.104931;0.11438;7.32299e-05;0.000103466;0.0259191;8.76021e-05;0.000187891;5.27499e-05;0.0878726;8.2975e-05;
40;256;256;measure;scatter;0.188941;0.114778;0.0741569;0.000100604;7.85161e-05;0.0478531;8.45999e-05;7.03081e-05;6.8824e-05;0.0258008;0.000100185;
40;256;256;measure;scatter;0.183903;0.104772;0.0791252;8.93851e-05;8.19359e-05;0.0338783;7.80199e-05;5.29811e-05;5.41019e-05;0.0448159;7.46008e-05;
40;256;256;measure;scatter;0.339181;0.103969;0.235205;8.64451e-05;8.67879e-05;0.213825;7.3299e-05;6.2763e-05;6.96429e-05;0.0208793;0.000122472;
40;256;256;measure;scatter;0.178877;0.103766;0.0751074;8.35219e-05;8.20591e-05;0.0368329;8.85369e-05;0.000108775;5.3701e-05;0.0377862;7.1706e-05;
40;256;256;measure;scatter;0.235875;0.11479;0.12108;0.000111651;8.40051e-05;0.0558507;8.8399e-05;7.08811e-05;6.29069e-05;0.0647206;9.04219e-05;
40;256;256;measure;scatter;0.19292;0.108456;0.0844598;9.05991e-05;9.33209e-05;0.0471016;7.26848e-05;8.446e-05;5.81041e-05;0.0368715;8.74929e-05;
40;256;256;measure;scatter;0.203855;0.104745;0.0991015;8.0785e-05;7.7504e-05;0.0439517;8.70482e-05;5.36258e-05;6.539e-05;0.0546994;8.6156e-05;
40;256;256;measure;scatter;0.171953;0.114779;0.0571701;0.000103946;8.90179e-05;0.0238664;7.86849e-05;7.01351e-05;7.2645e-05;0.0327926;9.6567e-05;
40;256;256;measure;scatter;0.201857;0.104734;0.0971116;8.7498e-05;8.82221e-05;0.0548612;7.4696e-05;0.000119029;5.74831e-05;0.0417158;0.00010767;
40;256;256;measure;scatter;0.196871;0.114703;0.0821633;9.141e-05;8.7959e-05;0.0328299;9.21001e-05;9.24889e-05;9.25369e-05;0.0487448;0.00013217;
40;256;256;measure;scatter;0.235907;0.104743;0.131159;7.8442e-05;8.92661e-05;0.0318683;8.0345e-05;8.97581e-05;5.58749e-05;0.0987729;0.000124362;
40;256;256;measure;scatter;0.200839;0.103682;0.0971435;7.9592e-05;6.88792e-05;0.062915;9.5668e-05;0.000140836;4.7344e-05;0.033692;0.000104198;
40;256;256;measure;scatter;0.195101;0.114764;0.0803231;7.8755e-05;7.70641e-05;0.0578409;7.4724e-05;9.5953e-05;5.349e-05;0.0220064;9.57898e-05;
40;256;256;measure;scatter;0.164937;0.103756;0.0611748;0.00010435;7.7005e-05;0.0377176;7.96141e-05;6.8567e-05;5.04858e-05;0.0229896;8.75029e-05;
40;256;256;measure;scatter;0.231315;0.10883;0.122481;7.909e-05;7.6032e-05;0.0778084;0.000116652;7.42089e-05;6.03721e-05;0.0441272;0.000138929;
40;256;256;measure;scatter;0.314052;0.11002;0.204026;8.46121e-05;7.3337e-05;0.181591;6.61709e-05;6.69099e-05;5.2721e-05;0.0220053;8.56961e-05;
40;256;256;measure;scatter;0.19882;0.104694;0.0941123;7.96639e-05;8.65131e-05;0.0449079;7.07139e-05;5.7884e-05;6.2594e-05;0.0487596;8.7484e-05;
40;256;256;measure;scatter;0.357163;0.103777;0.253381;8.6026e-05;8.57192e-05;0.152831;9.69791e-05;7.9134e-05;5.76959e-05;0.100065;7.945e-05;
40;256;256;measure;scatter;0.282912;0.103783;0.179123;9.49621e-05;9.01369e-05;0.0468958;8.29659e-05;7.75671e-05;6.37309e-05;0.131721;9.73281e-05;
40;256;256;measure;scatter;0.201898;0.104735;0.0971581;9.90219e-05;7.88081e-05;0.0639014;8.42731e-05;0.000113026;5.9593e-05;0.032688;0.000134047;
40;256;256;measure;scatter;0.228864;0.104757;0.124102;8.10649e-05;7.36441e-05;0.0558451;8.46891e-05;0.000132444;5.73108e-05;0.0677295;9.8319e-05;
40;256;256;measure;scatter;0.27184;0.115821;0.156012;8.4871e-05;7.49959e-05;0.0997773;8.3931e-05;0.000126517;5.94819e-05;0.0557077;9.7492e-05;
40;256;256;measure;scatter;0.170081;0.10477;0.0653064;8.48349e-05;8.2491e-05;0.0319362;8.903e-05;0.000124759;5.1802e-05;0.0328364;0.00010096;
40;256;256;measure;scatter;0.173567;0.114786;0.0587747;8.90121e-05;7.4985e-05;0.0338548;8.26558e-05;0.000116726;6.1149e-05;0.0219984;0.00249696;
40;256;256;measure;scatter;0.173898;0.104761;0.0691309;8.97809e-05;8.72849e-05;0.0348625;8.0467e-05;7.0838e-05;6.45958e-05;0.0337858;8.9539e-05;
40;256;256;measure;scatter;0.184908;0.114788;0.0701146;9.49209e-05;7.84872e-05;0.036805;6.67959e-05;6.15951e-05;8.59799e-05;0.0328272;9.4515e-05;
40;256;256;measure;scatter;0.183957;0.103777;0.0801751;0.000100173;7.8005e-05;0.0358382;7.6008e-05;0.000107447;5.88871e-05;0.0437786;0.000137853;
40;256;256;measure;scatter;0.18393;0.107744;0.0761807;7.34138e-05;7.26401e-05;0.0329295;7.18089e-05;0.000131864;5.85092e-05;0.0427483;9.4719e-05;
40;256;256;measure;scatter;0.261948;0.114827;0.147115;8.8142e-05;6.81588e-05;0.033837;6.75898e-05;8.42731e-05;5.722e-05;0.112826;8.6867e-05;
40;256;256;measure;scatter;0.176029;0.103779;0.0722453;0.000117971;8.13799e-05;0.0458194;9.4984e-05;6.54741e-05;6.73709e-05;0.0258691;0.000129629;
40;256;256;measure;scatter;0.171061;0.104763;0.0662931;0.000101991;7.7199e-05;0.0438231;8.1962e-05;7.31321e-05;6.9272e-05;0.0219819;8.4474e-05;
40;256;256;measure;scatter;0.19805;0.145806;0.0522382;8.3368e-05;8.81059e-05;0.000100158;8.83981e-05;7.08259e-05;6.68701e-05;0.0516384;0.000102064;
40;256;256;measure;scatter;0.325153;0.128789;0.196359;0.000119391;8.30281e-05;7.6982e-05;7.61491e-05;0.000165675;5.43091e-05;0.195703;8.07019e-05;
40;256;256;measure;scatter;0.207917;0.103016;0.104896;9.53129e-05;8.0782e-05;0.0566057;9.0949e-05;8.60221e-05;5.1378e-05;0.0477711;0.000114797;
40;256;256;measure;scatter;0.186936;0.114885;0.0720448;6.3753e-05;7.2811e-05;0.0347885;7.36981e-05;6.38689e-05;5.65019e-05;0.0368418;8.38069e-05;
40;256;256;measure;scatter;0.254798;0.104462;0.15033;8.53061e-05;7.99929e-05;0.11687;7.2204e-05;6.59199e-05;6.4468e-05;0.0329843;0.000107666;
40;512;512;measure;scatter;0.268472;0.148077;0.120391;0.000125416;9.08431e-05;0.0627737;0.000143377;0.000123055;8.5355e-05;0.0569012;0.00014767;
40;512;512;measure;scatter;0.228555;0.192918;0.0356318;0.000115311;8.50488e-05;0.0110141;0.000112046;0.000111647;8.44749e-05;0.0239956;0.000113544;
40;512;512;measure;scatter;0.35131;0.14812;0.203182;0.000104153;8.30209e-05;0.15287;0.000138153;0.000121078;8.1731e-05;0.0496446;0.00014;
40;512;512;measure;scatter;0.280279;0.149065;0.13121;0.00010044;8.04602e-05;0.043327;0.000125517;9.98611e-05;0.000112635;0.087229;0.000134679;
40;512;512;measure;scatter;0.237765;0.153159;0.0846005;0.000120639;8.24318e-05;0.0361366;0.000130951;0.000128163;0.000154354;0.0476884;0.000158951;
40;512;512;measure;scatter;0.236708;0.159075;0.0776268;0.000100598;7.76681e-05;0.0351152;0.000142937;0.000190442;8.6725e-05;0.0417794;0.000133853;
40;512;512;measure;scatter;0.419631;0.149096;0.27053;8.46989e-05;7.36499e-05;0.0385485;0.000130507;0.000134262;0.000107992;0.231337;0.000113755;
40;512;512;measure;scatter;0.314405;0.159029;0.155371;0.000102108;8.53851e-05;0.0449357;0.000130587;0.000135411;9.1379e-05;0.109772;0.000118309;
40;512;512;measure;scatter;0.279358;0.201659;0.0776937;7.75089e-05;7.08881e-05;0.0104613;0.000142801;0.000132794;8.25559e-05;0.066595;0.000130854;
40;512;512;measure;scatter;0.308584;0.147019;0.161559;0.000113143;7.4161e-05;0.0951868;0.000159109;0.000136199;8.2457e-05;0.065521;0.000286073;
40;512;512;measure;scatter;0.309742;0.155095;0.154642;0.000114429;8.1877e-05;0.101109;0.000112291;0.00012134;7.90199e-05;0.0528733;0.000151104;
40;512;512;measure;scatter;0.28774;0.148078;0.139657;0.000178332;8.41219e-05;0.0777707;0.000164821;0.000218085;8.7227e-05;0.0609612;0.000192966;
40;512;512;measure;scatter;0.253524;0.158115;0.0954033;7.85741e-05;7.33249e-05;0.0340249;0.000126389;0.000125438;9e-05;0.0607324;0.000152255;
40;512;512;measure;scatter;0.283458;0.159099;0.124354;8.38991e-05;8.48009e-05;0.0684581;0.000116742;0.000109395;9.9004e-05;0.0551923;0.000209427;
40;512;512;measure;scatter;0.219505;0.149875;0.0696182;9.06351e-05;6.8001e-05;0.0313294;0.000127362;0.000116639;7.90111e-05;0.0376694;0.000137725;
40;512;512;measure;scatter;0.307874;0.158141;0.149727;0.000106725;7.50611e-05;0.0338216;0.000118441;0.000122692;8.05361e-05;0.11526;0.000142271;
40;512;512;measure;scatter;0.311835;0.147187;0.164642;8.3985e-05;9.25099e-05;0.0618691;0.000115619;0.000121383;7.43659e-05;0.102094;0.000191056;
40;512;512;measure;scatter;0.26537;0.147073;0.118292;8.10931e-05;8.28418e-05;0.058982;0.000113536;9.05439e-05;8.46849e-05;0.0586647;0.000192826;
40;512;512;measure;scatter;0.217798;0.163809;0.0539845;8.19629e-05;6.7723e-05;0.020582;0.000154441;8.98528e-05;0.000105808;0.0327714;0.000131265;
40;512;512;measure;scatter;0.256732;0.148051;0.108675;8.9342e-05;7.7476e-05;0.0530786;0.000120667;8.31019e-05;8.4786e-05;0.0550248;0.000116212;
40;512;512;measure;scatter;0.303502;0.148094;0.155404;0.000106773;7.08641e-05;0.0445138;0.000140148;0.000270404;7.61941e-05;0.110083;0.000142631;
40;512;512;measure;scatter;0.361538;0.158045;0.203489;8.77341e-05;6.67651e-05;0.0748064;0.000129407;0.000111292;8.78992e-05;0.128084;0.000115878;
40;512;512;measure;scatter;0.249707;0.148035;0.101666;0.000109861;9.63332e-05;0.0457835;0.000140156;0.000111179;8.95269e-05;0.0552167;0.000118699;
40;512;512;measure;scatter;0.263426;0.148079;0.115342;8.25708e-05;7.32581e-05;0.0571391;0.000148309;0.000100806;9.12899e-05;0.0574469;0.000259481;
40;512;512;measure;scatter;0.280555;0.148131;0.132418;9.4498e-05;8.97341e-05;0.0762803;0.000144984;0.000125206;6.81181e-05;0.0554789;0.000136716;
40;512;512;measure;scatter;0.261734;0.151137;0.110591;9.037e-05;7.35412e-05;0.0431216;0.000129561;0.000109197;8.68901e-05;0.0668444;0.000135773;
40;512;512;measure;scatter;0.232744;0.147237;0.0855019;0.000121704;8.60931e-05;0.0382371;0.000137373;0.000119714;7.66509e-05;0.0465624;0.000160777;
40;512;512;measure;scatter;0.279779;0.148084;0.13169;7.2262e-05;6.8543e-05;0.0441677;0.000113574;0.000109604;8.93669e-05;0.0869364;0.000132869;
40;512;512;measure;scatter;0.274053;0.15814;0.115907;7.21831e-05;6.8034e-05;0.0824439;0.000118308;8.92561e-05;8.1622e-05;0.0329175;0.000115698;
40;512;512;measure;scatter;0.40061;0.147163;0.253441;8.12451e-05;6.97868e-05;0.196838;0.000119369;0.000110242;8.75711e-05;0.056009;0.000125889;
40;512;512;measure;scatter;0.302185;0.151511;0.15067;0.000100085;7.94199e-05;0.0664513;0.000141168;0.000111526;8.50509e-05;0.0835904;0.000111175;
40;512;512;measure;scatter;0.233583;0.147171;0.086407;8.09729e-05;7.2761e-05;0.028353;0.000116128;9.21939e-05;9.80429e-05;0.0574766;0.000117308;
40;512;512;measure;scatter;0.39336;0.147105;0.246251;9.6505e-05;7.51321e-05;0.189377;0.000122493;0.000132247;8.33969e-05;0.0562434;0.000121413;
40;512;512;measure;scatter;0.246827;0.157975;0.0888463;8.54149e-05;6.88531e-05;0.0639873;0.000148928;0.000106315;8.19052e-05;0.0242163;0.000151327;
40;512;512;measure;scatter;0.295546;0.147056;0.148485;0.000112527;7.42029e-05;0.109193;0.000145805;0.000113598;8.0202e-05;0.0385872;0.000178826;
40;512;512;measure;scatter;0.224172;0.148141;0.076025;0.000102512;8.1382e-05;0.0372131;0.00012223;0.000139388;8.84051e-05;0.0381188;0.000159116;
40;512;512;measure;scatter;0.24738;0.151131;0.096244;9.20868e-05;7.45691e-05;0.0411804;0.000133594;9.1543e-05;7.6158e-05;0.0544744;0.00012119;
40;512;512;measure;scatter;0.623488;0.147496;0.475976;0.000100238;9.08379e-05;0.150386;0.000129312;0.000100965;8.93872e-05;0.320391;0.00468774;
40;512;512;measure;scatter;0.269362;0.157099;0.112258;9.84052e-05;8.1758e-05;0.043865;0.000205573;0.000161617;8.5908e-05;0.0675941;0.000165766;
40;512;512;measure;scatter;0.325273;0.148077;0.177191;8.33599e-05;7.4049e-05;0.071244;0.000128627;0.000110057;9.1122e-05;0.105319;0.000140147;
40;512;512;measure;scatter;0.349428;0.159118;0.190305;0.000119249;7.23992e-05;0.144126;0.000143617;0.000155066;8.3548e-05;0.045484;0.00012091;
40;512;512;measure;scatter;0.243523;0.157979;0.085538;0.00013268;8.26442e-05;0.0329396;0.000152496;0.000119304;9.04179e-05;0.0518874;0.000133388;
40;512;512;measure;scatter;0.258293;0.148002;0.110285;8.09501e-05;7.00569e-05;0.0544965;0.000156442;0.000105715;9.9886e-05;0.0551358;0.000139845;
40;512;512;measure;scatter;0.365658;0.148111;0.217541;8.63818e-05;7.36911e-05;0.0522409;0.000122924;9.9818e-05;7.333e-05;0.164718;0.000126346;
40;512;512;measure;scatter;0.214824;0.147061;0.0677585;0.000158319;9.12179e-05;0.0429573;0.000143564;0.00017411;9.57309e-05;0.0239998;0.000138483;
40;512;512;measure;scatter;0.294404;0.147229;0.147172;8.0162e-05;7.65801e-05;0.0471931;0.000145419;9.9919e-05;7.96129e-05;0.0993649;0.000132061;
40;512;512;measure;scatter;0.446623;0.148007;0.298609;7.86979e-05;6.9902e-05;0.243226;0.000131086;0.000135114;8.786e-05;0.0547616;0.000118428;
40;512;512;measure;scatter;0.340124;0.146978;0.193141;0.000105933;6.87621e-05;0.178012;0.000154444;0.000113659;9.00039e-05;0.0144715;0.000124312;
40;512;512;measure;scatter;0.249711;0.148973;0.100732;8.4768e-05;7.527e-05;0.067308;0.000114399;0.000138261;8.38919e-05;0.0328036;0.000124157;
40;512;512;measure;scatter;0.262658;0.155053;0.107601;0.000128776;7.06201e-05;0.0521122;0.000113029;0.000155141;7.96521e-05;0.0548279;0.000113135;
40;1024;1024;measure;scatter;0.371031;0.20359;0.167434;0.000266174;0.000117989;0.0767938;0.00020075;0.000209641;0.000114098;0.0895006;0.000230617;
40;1024;1024;measure;scatter;0.383741;0.247457;0.136276;0.00414184;0.00011815;0.0442712;0.000223338;0.000177649;0.00013964;0.0869883;0.00021594;
40;1024;1024;measure;scatter;0.514047;0.209368;0.304672;0.000269419;0.00012257;0.0594335;0.000523688;0.000696657;0.000167392;0.243222;0.00023698;
40;1024;1024;measure;scatter;0.367494;0.20587;0.161617;0.000187888;0.000128689;0.0691992;0.000251949;0.000267953;0.000118135;0.0911999;0.000263513;
40;1024;1024;measure;scatter;0.374623;0.206249;0.168369;0.000263448;0.000134371;0.0687003;0.00019467;0.000300619;0.00013664;0.0984222;0.000217081;
40;1024;1024;measure;scatter;0.373598;0.212393;0.161199;0.000242355;0.000119184;0.0561746;0.000658712;0.00059531;0.000130419;0.103048;0.000231106;
40;1024;1024;measure;scatter;0.409197;0.207583;0.201609;0.000236375;0.000122339;0.122721;0.000271869;0.000208134;0.000127195;0.0776854;0.000237185;
40;1024;1024;measure;scatter;0.386752;0.204364;0.182382;0.000194082;0.000133177;0.0993202;0.000208255;0.000326913;0.000147139;0.0810849;0.000967436;
40;1024;1024;measure;scatter;0.591624;0.205364;0.386254;0.000225142;0.000121328;0.129241;0.000184167;0.000320799;0.000113633;0.248139;0.00790884;
40;1024;1024;measure;scatter;0.57904;0.213708;0.365327;0.000229265;0.000121647;0.0829979;0.000188745;0.000534001;0.000112486;0.269459;0.0116834;
40;1024;1024;measure;scatter;0.356265;0.222381;0.133878;0.000231251;0.000119644;0.0891042;0.000731338;0.000198588;0.000124995;0.0431459;0.000222047;
40;1024;1024;measure;scatter;0.713228;0.20358;0.509639;0.00016528;0.000124337;0.240782;0.000317225;0.00022833;0.000155504;0.263244;0.00462202;
40;1024;1024;measure;scatter;0.357526;0.199832;0.157689;0.000251064;0.000116468;0.0764309;0.000917346;0.000177701;0.000123508;0.0794472;0.000224834;
40;1024;1024;measure;scatter;0.391632;0.205381;0.186245;0.000247031;0.000112591;0.0861941;0.000233111;0.000189849;0.000113555;0.0989513;0.000203541;
40;1024;1024;measure;scatter;0.545442;0.204506;0.340929;0.000164624;0.000139906;0.289044;0.000271359;0.000824205;0.000116861;0.0501415;0.000226197;
40;1024;1024;measure;scatter;0.72265;0.200303;0.522342;0.000273773;0.000125113;0.264052;0.000648357;0.000158168;0.000123589;0.255991;0.000969876;
40;1024;1024;measure;scatter;0.476365;0.203521;0.272838;0.00018608;0.000124585;0.0730008;0.000275878;0.00037755;0.000112991;0.198559;0.000200851;
40;1024;1024;measure;scatter;0.39179;0.204447;0.187337;0.000229882;0.000121851;0.0736402;0.000261135;0.000302112;0.00013428;0.112403;0.000244851;
40;1024;1024;measure;scatter;0.326085;0.198426;0.127653;0.000282149;0.000117851;0.0376828;0.000861839;0.000157741;0.000160096;0.0881805;0.000209536;
40;1024;1024;measure;scatter;0.521204;0.204268;0.31693;0.000197836;0.000116284;0.257391;0.000198151;0.000229436;0.000137683;0.0584422;0.000218001;
40;1024;1024;measure;scatter;0.344042;0.203408;0.140628;0.000263019;0.00012509;0.0770489;0.000393435;0.00019532;0.000117736;0.0622675;0.000217032;
40;1024;1024;measure;scatter;0.351644;0.20335;0.148286;0.000182996;0.000120133;0.035514;0.000844855;0.000168922;0.000125327;0.111119;0.000211023;
40;1024;1024;measure;scatter;0.343251;0.204287;0.138954;0.000221187;0.000110187;0.040689;0.000421079;0.000607933;0.000165681;0.0965017;0.000236724;
40;1024;1024;measure;scatter;0.330062;0.203439;0.126618;0.000284974;0.000119611;0.0867825;0.000275577;0.000201454;0.000126816;0.0386138;0.000213036;
40;1024;1024;measure;scatter;0.42574;0.204455;0.221278;0.000279249;0.000131911;0.0745793;0.000263397;0.000249808;0.000111039;0.145396;0.000267445;
40;1024;1024;measure;scatter;0.382324;0.203831;0.17848;0.000191258;0.000128158;0.0839174;0.00018599;0.000235628;0.000113092;0.0935176;0.000190525;
40;1024;1024;measure;scatter;0.489337;0.211292;0.27804;0.000290547;0.000128699;0.20954;0.000218439;0.000213427;0.000110697;0.0673008;0.000237407;
40;1024;1024;measure;scatter;0.328334;0.206651;0.121678;0.000279527;0.000111362;0.0704651;0.000650154;0.000163017;0.000111815;0.0496587;0.000238054;
40;1024;1024;measure;scatter;0.403123;0.203753;0.199365;0.000249045;0.000109201;0.115622;0.000197817;0.000201788;0.000115301;0.0826649;0.000204677;
40;1024;1024;measure;scatter;0.63237;0.21517;0.417195;0.000176792;0.00013573;0.24692;0.000253714;0.00019692;0.000110968;0.163956;0.0054443;
40;1024;1024;measure;scatter;0.344944;0.215384;0.129556;0.000264528;0.000121059;0.0600853;0.000195147;0.000183059;0.000108678;0.0683871;0.000211183;
40;1024;1024;measure;scatter;0.3346;0.199088;0.135507;0.000270618;0.000129581;0.0779444;0.00054847;0.000159037;0.000129843;0.0561031;0.000221474;
40;1024;1024;measure;scatter;0.379948;0.219586;0.160355;0.000239479;0.000141192;0.0681789;0.000201758;0.000179687;0.000114478;0.0905781;0.000721598;
40;1024;1024;measure;scatter;0.413889;0.204339;0.209545;0.000237276;0.000136683;0.109627;0.000200957;0.000171696;0.000122015;0.0988318;0.000217203;
40;1024;1024;measure;scatter;0.404136;0.20436;0.199771;0.000268674;0.00011649;0.0889305;0.000209105;0.00020213;0.000128062;0.109723;0.00019309;
40;1024;1024;measure;scatter;0.430591;0.20428;0.226303;0.000240483;0.000119695;0.118113;0.000192414;0.000201521;0.000123851;0.107095;0.000217675;
40;1024;1024;measure;scatter;0.466626;0.205222;0.261398;0.000180878;0.00013131;0.147029;0.00020371;0.000195766;0.000121392;0.113293;0.000242637;
40;1024;1024;measure;scatter;0.413842;0.204345;0.209491;0.000191878;0.000122843;0.16702;0.000206698;0.000192234;0.000111231;0.0414477;0.000197523;
40;1024;1024;measure;scatter;0.359105;0.222747;0.136354;0.000212751;0.000118705;0.0545549;0.000295269;0.00019413;0.000122237;0.0606617;0.0201939;
40;1024;1024;measure;scatter;0.478945;0.234346;0.244593;0.00100265;0.000119526;0.0665385;0.000205049;0.000172933;0.000117265;0.176202;0.00023518;
40;1024;1024;measure;scatter;0.399762;0.203492;0.196264;0.000195859;0.000118403;0.144834;0.000237437;0.000571661;0.000201985;0.0498784;0.000226068;
40;1024;1024;measure;scatter;0.441114;0.204459;0.236647;0.000222823;0.000117025;0.100356;0.000198162;0.000216615;0.000108496;0.134919;0.000509172;
40;1024;1024;measure;scatter;0.58433;0.19899;0.385333;0.000211861;0.000124681;0.256343;0.000316526;0.000700922;0.000214883;0.126142;0.00127943;
40;1024;1024;measure;scatter;0.341518;0.214479;0.127032;0.000179032;0.000112356;0.0454032;0.000628081;0.000609719;0.000191086;0.0796858;0.000223071;
40;1024;1024;measure;scatter;0.558846;0.203306;0.355534;0.000184479;0.000139578;0.176952;0.000204449;0.000524694;0.000117846;0.177194;0.000217578;
40;1024;1024;measure;scatter;0.366578;0.215363;0.151209;0.000246141;0.000126784;0.0679297;0.00022988;0.000167317;0.000103668;0.08218;0.000225117;
40;1024;1024;measure;scatter;0.368386;0.205188;0.163192;0.000174108;0.000116507;0.0587631;0.000204807;0.000204628;0.000120986;0.103337;0.000270311;
40;1024;1024;measure;scatter;0.459856;0.204331;0.255518;0.000211281;0.000122395;0.0993174;0.000261419;0.000319302;0.000139015;0.154934;0.000213584;
40;1024;1024;measure;scatter;0.404633;0.263288;0.141337;0.000784444;0.000124936;0.0573332;0.00026248;0.000158263;0.000119419;0.0823415;0.000213075;
40;1024;1024;measure;scatter;0.394394;0.204153;0.190234;0.000198845;0.000129996;0.0790652;0.000264306;0.00017626;0.000105261;0.110086;0.000208868;
40;2048;2048;measure;scatter;0.73805;0.276542;0.461501;0.000509287;0.000488588;0.183874;0.000900797;0.00059635;0.00060376;0.270428;0.00410018;
40;2048;2048;measure;scatter;0.857908;0.277403;0.580496;0.000520476;0.000503046;0.134284;0.000949652;0.000833177;0.000725514;0.438235;0.0044451;
40;2048;2048;measure;scatter;0.713592;0.287557;0.426028;0.000489198;0.000548359;0.208572;0.0176289;0.000746793;0.00122189;0.190396;0.00642451;
40;2048;2048;measure;scatter;0.834065;0.287452;0.546595;0.00050325;0.000542426;0.17599;0.000694397;0.000551828;0.000558318;0.356435;0.0113193;
40;2048;2048;measure;scatter;0.736067;0.286138;0.449919;0.000536783;0.000571042;0.0858657;0.000842111;0.000612075;0.000474114;0.356792;0.00422554;
40;2048;2048;measure;scatter;0.555873;0.277564;0.278302;0.000507754;0.000499451;0.128272;0.00409549;0.000512221;0.0025902;0.140966;0.000859137;
40;2048;2048;measure;scatter;0.614933;0.287325;0.327599;0.000522337;0.000535912;0.160605;0.000988463;0.000563203;0.000597069;0.156645;0.0071424;
40;2048;2048;measure;scatter;0.553945;0.273779;0.280157;0.000538833;0.000532557;0.078489;0.000770937;0.00084979;0.00052319;0.197696;0.000756947;
40;2048;2048;measure;scatter;0.745624;0.282477;0.463139;0.000529226;0.00060266;0.098595;0.000978584;0.000545953;0.000623895;0.358616;0.00264685;
40;2048;2048;measure;scatter;0.942189;0.278006;0.664176;0.000505158;0.000497598;0.238411;0.000816608;0.000639493;0.000524717;0.417972;0.00480969;
40;2048;2048;measure;scatter;0.682349;0.27572;0.406623;0.000556557;0.000538111;0.175037;0.000903483;0.000599073;0.000652823;0.223224;0.00511208;
40;2048;2048;measure;scatter;0.806431;0.298938;0.507486;0.00118786;0.00060057;0.135758;0.00217104;0.000634609;0.000552096;0.355304;0.0112768;
40;2048;2048;measure;scatter;0.708847;0.291135;0.417705;0.000478384;0.000534783;0.156991;0.000878275;0.000705375;0.000624147;0.247471;0.0100218;
40;2048;2048;measure;scatter;0.548631;0.29003;0.258594;0.000529974;0.000480946;0.0804219;0.00324895;0.000560873;0.000511138;0.167602;0.00523749;
40;2048;2048;measure;scatter;0.553909;0.279824;0.274079;0.000468086;0.000665609;0.115774;0.000682414;0.00121808;0.000645601;0.144817;0.00980762;
40;2048;2048;measure;scatter;0.631602;0.278176;0.353418;0.000497827;0.000504395;0.19791;0.000836319;0.000552596;0.000662657;0.144374;0.00807929;
40;2048;2048;measure;scatter;0.805538;0.278743;0.526788;0.00049233;0.000515617;0.343347;0.0167143;0.000600953;0.00145513;0.158197;0.00546601;
40;2048;2048;measure;scatter;0.66651;0.271497;0.395004;0.000476322;0.000470413;0.155064;0.00111789;0.000638314;0.000741486;0.23489;0.00160512;
40;2048;2048;measure;scatter;0.619493;0.273681;0.345804;0.000487419;0.000521737;0.196216;0.00106412;0.000697321;0.000488227;0.140446;0.00588359;
40;2048;2048;measure;scatter;0.680246;0.279246;0.400993;0.000515525;0.000553757;0.155758;0.00508658;0.00550541;0.00126123;0.226162;0.00615066;
40;2048;2048;measure;scatter;0.759161;0.277886;0.481268;0.000500603;0.000510214;0.286555;0.0233435;0.000601695;0.00315924;0.161424;0.00517373;
40;2048;2048;measure;scatter;0.705685;0.275971;0.429706;0.000514569;0.000677143;0.0941006;0.00113132;0.000630383;0.000672149;0.323033;0.0089465;
40;2048;2048;measure;scatter;0.814267;0.278043;0.536218;0.000485479;0.000559976;0.313986;0.00740055;0.000577068;0.00328191;0.202147;0.00777952;
40;2048;2048;measure;scatter;0.644601;0.31855;0.326041;0.00151254;0.000629177;0.113571;0.000765666;0.000553112;0.000503168;0.197116;0.0113908;
40;2048;2048;measure;scatter;0.732524;0.276943;0.455574;0.000505749;0.000633958;0.15983;0.00151043;0.0019112;0.000617726;0.288834;0.00173005;
40;2048;2048;measure;scatter;0.736112;0.293301;0.442805;0.000477606;0.000515295;0.170288;0.000736842;0.000493719;0.000515921;0.265289;0.00448865;
40;2048;2048;measure;scatter;0.632089;0.276588;0.355495;0.000562671;0.000513816;0.201808;0.0131626;0.00101809;0.00523119;0.12705;0.0061488;
40;2048;2048;measure;scatter;0.625308;0.286634;0.338666;0.000488794;0.000567872;0.153091;0.000790489;0.000504292;0.000441003;0.170837;0.0119457;
40;2048;2048;measure;scatter;0.603385;0.278282;0.325095;0.000533203;0.000552687;0.11507;0.000757398;0.000529588;0.000496403;0.199307;0.00784943;
40;2048;2048;measure;scatter;0.665327;0.277345;0.387976;0.000506713;0.000544561;0.165627;0.0009525;0.000580366;0.000586787;0.213946;0.00523193;
40;2048;2048;measure;scatter;0.89345;0.278429;0.615016;0.000552635;0.000551073;0.301245;0.00559635;0.000744726;0.0014247;0.299945;0.0049562;
40;2048;2048;measure;scatter;0.682777;0.287284;0.395484;0.000487521;0.000510762;0.202607;0.000787698;0.000526177;0.00055598;0.185348;0.00466072;
40;2048;2048;measure;scatter;0.687343;0.287948;0.399388;0.000541837;0.000528224;0.185198;0.0009461;0.000591266;0.000523545;0.203555;0.00750482;
40;2048;2048;measure;scatter;0.75599;0.29418;0.461801;0.000589178;0.000637364;0.191197;0.000871311;0.000530284;0.000566761;0.261223;0.0061861;
40;2048;2048;measure;scatter;0.647047;0.273764;0.373276;0.000520984;0.000465091;0.195209;0.00102212;0.000907569;0.000565437;0.169823;0.00476312;
40;2048;2048;measure;scatter;0.772604;0.288331;0.484266;0.000482293;0.000554913;0.167063;0.000987025;0.000575775;0.000555425;0.306106;0.00794198;
40;2048;2048;measure;scatter;1.02288;0.277244;0.745628;0.000530132;0.00061965;0.16031;0.000681137;0.000532977;0.000526809;0.575104;0.00732367;
40;2048;2048;measure;scatter;0.799367;0.279814;0.51954;0.000513001;0.000497045;0.179987;0.000737752;0.000707131;0.000477196;0.328569;0.0080518;
40;2048;2048;measure;scatter;0.563556;0.278598;0.28495;0.000558818;0.00061623;0.141527;0.000905099;0.000535734;0.000493809;0.139492;0.000821919;
40;2048;2048;measure;scatter;0.760732;0.288643;0.472082;0.000528747;0.000565826;0.171861;0.000920685;0.000575044;0.0149494;0.274579;0.00810205;
40;2048;2048;measure;scatter;0.693268;0.279939;0.413322;0.000487257;0.000534542;0.125118;0.000730975;0.000594667;0.00048679;0.279363;0.00600658;
40;2048;2048;measure;scatter;0.70793;0.288283;0.419638;0.000517295;0.000543382;0.189104;0.000707929;0.000586448;0.00043066;0.219712;0.00803522;
40;2048;2048;measure;scatter;0.769408;0.27983;0.489572;0.00052105;0.0005812;0.234097;0.000740032;0.000569101;0.000528216;0.246328;0.0062067;
40;2048;2048;measure;scatter;0.600787;0.278499;0.322281;0.000465677;0.000577348;0.101188;0.000956464;0.000655157;0.000507207;0.210028;0.00790256;
40;2048;2048;measure;scatter;0.638214;0.285215;0.352993;0.000505418;0.000587528;0.115939;0.00135536;0.000634088;0.000548415;0.232064;0.00135815;
40;2048;2048;measure;scatter;0.844388;0.272978;0.571403;0.000534346;0.00054095;0.336962;0.00373467;0.000800896;0.00107502;0.226614;0.00114154;
40;2048;2048;measure;scatter;0.673147;0.272919;0.400221;0.000508079;0.000488252;0.19804;0.000966392;0.000690778;0.000786352;0.197325;0.00141646;
40;2048;2048;measure;scatter;0.642097;0.276331;0.365759;0.000527725;0.000748306;0.17555;0.000964833;0.000528196;0.00063203;0.182571;0.00423733;
40;2048;2048;measure;scatter;0.686377;0.277942;0.408417;0.000561357;0.000761988;0.169821;0.000787116;0.0005579;0.000472235;0.224451;0.0110042;
40;2048;2048;measure;scatter;0.781185;0.278289;0.50289;0.000474108;0.000516312;0.148358;0.000812876;0.000555262;0.000684683;0.343304;0.00818507;
40;4096;4096;measure;scatter;2.0651;0.424396;1.6407;0.0133894;0.0208899;0.736171;0.00907955;0.00243071;0.00519355;0.842776;0.0107659;
40;4096;4096;measure;scatter;1.64373;0.415667;1.22806;0.00242561;0.00426298;0.660768;0.0146817;0.00222875;0.00616392;0.528549;0.00897899;
40;4096;4096;measure;scatter;1.66469;0.427266;1.23742;0.00265425;0.00374946;0.449891;0.00839022;0.00231412;0.00448541;0.755578;0.0103524;
40;4096;4096;measure;scatter;1.53442;0.414572;1.11984;0.0068686;0.0166637;0.528321;0.00406607;0.00211999;0.0133449;0.544611;0.00384916;
40;4096;4096;measure;scatter;1.43999;0.416714;1.02325;0.00238348;0.00375466;0.526114;0.00770953;0.00193226;0.00522541;0.468079;0.00804611;
40;4096;4096;measure;scatter;1.72604;0.444936;1.28109;0.0138022;0.00362567;0.447909;0.00520315;0.00207348;0.00488193;0.796484;0.00711446;
40;4096;4096;measure;scatter;1.78814;0.426443;1.36168;0.0138142;0.00393359;0.525223;0.00738861;0.00311159;0.00675311;0.791644;0.00981531;
40;4096;4096;measure;scatter;1.61604;0.422112;1.19392;0.00246091;0.00384845;0.631866;0.0056329;0.00209919;0.00646916;0.534954;0.00658775;
40;4096;4096;measure;scatter;1.59484;0.414383;1.18045;0.00235961;0.00370225;0.49762;0.00734198;0.00400791;0.00348341;0.653734;0.00820133;
40;4096;4096;measure;scatter;1.50796;0.454871;1.05307;0.00629639;0.00535074;0.478049;0.00509793;0.00204943;0.00510693;0.54756;0.00356442;
40;4096;4096;measure;scatter;1.78689;0.456965;1.32992;0.0165664;0.00687889;0.418231;0.00346529;0.00178742;0.00491766;0.874543;0.00352552;
40;4096;4096;measure;scatter;1.32629;0.406268;0.920014;0.00275959;0.0032607;0.404726;0.00997377;0.00409361;0.00701197;0.481795;0.00639334;
40;4096;4096;measure;scatter;1.97851;0.460478;1.51802;0.00667993;0.00445513;0.473265;0.00715057;0.00267659;0.00387365;1.01641;0.00350449;
40;4096;4096;measure;scatter;1.75019;0.413266;1.33692;0.00236;0.00385947;0.433922;0.00673496;0.00669899;0.00569198;0.869102;0.00854743;
40;4096;4096;measure;scatter;1.14613;0.429057;0.717062;0.00694885;0.00390131;0.171046;0.0142025;0.00434088;0.00953251;0.498651;0.00843937;
40;4096;4096;measure;scatter;1.61853;0.42192;1.1966;0.00244387;0.00383198;0.45085;0.0175537;0.00214638;0.00961142;0.700768;0.0093932;
40;4096;4096;measure;scatter;1.39604;0.403819;0.99221;0.00270098;0.00319537;0.428883;0.0114856;0.00219956;0.00313779;0.536033;0.00457478;
40;4096;4096;measure;scatter;1.58559;0.416211;1.16935;0.0023218;0.0036301;0.33657;0.0062057;0.004092;0.00654119;0.801937;0.00805681;
40;4096;4096;measure;scatter;1.38877;0.406513;0.98225;0.00274426;0.00328087;0.44151;0.00457814;0.00223657;0.00271282;0.519695;0.00549277;
40;4096;4096;measure;scatter;1.79622;0.461848;1.33437;0.00406457;0.0193846;0.438936;0.00685183;0.00275782;0.00654844;0.844002;0.0118218;
40;4096;4096;measure;scatter;1.67161;0.417915;1.25369;0.00242123;0.00349974;0.644384;0.00950663;0.0022214;0.00748696;0.577804;0.00636429;
40;4096;4096;measure;scatter;1.49821;0.415107;1.08306;0.00243453;0.00399574;0.455022;0.0100067;0.00234611;0.00523736;0.595356;0.00866137;
40;4096;4096;measure;scatter;1.49051;0.411815;1.07869;0.00235116;0.0039595;0.52511;0.00986009;0.00197013;0.0026026;0.525397;0.00743829;
40;4096;4096;measure;scatter;1.46471;0.413528;1.05115;0.00249042;0.00370948;0.278425;0.0047879;0.00224569;0.00743293;0.742162;0.00989255;
40;4096;4096;measure;scatter;1.87912;0.416378;1.46273;0.00250036;0.00433016;0.544692;0.013114;0.00247307;0.00378481;0.878356;0.0134799;
40;4096;4096;measure;scatter;1.45467;0.408601;1.04606;0.00228038;0.0036398;0.433331;0.00477835;0.00257298;0.00225365;0.591588;0.00561507;
40;4096;4096;measure;scatter;1.58557;0.409673;1.17589;0.00283611;0.00326176;0.470704;0.00824226;0.00388876;0.00339621;0.676054;0.0075016;
40;4096;4096;measure;scatter;1.12986;0.417037;0.712818;0.00240349;0.0036973;0.186291;0.0123454;0.00378333;0.0046212;0.492504;0.00717203;
40;4096;4096;measure;scatter;1.57602;0.411148;1.16483;0.00242657;0.00385905;0.239137;0.0114807;0.00220337;0.0028023;0.883344;0.0195778;
40;4096;4096;measure;scatter;1.91819;0.448756;1.46942;0.00245854;0.00360934;0.542414;0.00418517;0.00274189;0.00647459;0.89997;0.00756788;
40;4096;4096;measure;scatter;1.67306;0.407438;1.26562;0.00275873;0.00324904;0.424637;0.00634599;0.00263895;0.00634447;0.812421;0.00721974;
40;4096;4096;measure;scatter;2.02672;0.407988;1.61872;0.00269759;0.00300487;0.389839;0.00574415;0.00314465;0.00595802;1.20156;0.00676738;
40;4096;4096;measure;scatter;1.4416;0.412065;1.02953;0.00259069;0.00365257;0.561775;0.0081911;0.0032173;0.00816037;0.43345;0.0084911;
40;4096;4096;measure;scatter;2.04179;0.418309;1.62347;0.002431;0.00362855;0.986143;0.00715982;0.00215621;0.00574189;0.606853;0.00935567;
40;4096;4096;measure;scatter;1.85469;0.430036;1.42465;0.0103809;0.0251521;0.533386;0.00871395;0.00272645;0.00508075;0.828615;0.0105945;
40;4096;4096;measure;scatter;1.24712;0.418994;0.828103;0.0024096;0.0165916;0.300139;0.0106687;0.00209086;0.00269109;0.489164;0.00434878;
40;4096;4096;measure;scatter;1.5185;0.416383;1.10211;0.00233048;0.00339613;0.536216;0.00810055;0.00214142;0.00628126;0.537977;0.00566231;
40;4096;4096;measure;scatter;1.67677;0.45625;1.22051;0.00240433;0.00401068;0.581813;0.00755307;0.00427846;0.00507121;0.608081;0.00730102;
40;4096;4096;measure;scatter;1.80554;0.415908;1.38963;0.00246899;0.00351082;0.771998;0.00671774;0.00487578;0.00357533;0.588445;0.00803538;
40;4096;4096;measure;scatter;1.32776;0.419097;0.908657;0.00246021;0.0037398;0.423753;0.00868921;0.00458978;0.00579998;0.452947;0.00667785;
40;4096;4096;measure;scatter;1.75053;0.463843;1.28664;0.0058589;0.00357974;0.443723;0.011381;0.00202204;0.00477483;0.803646;0.0116571;
40;4096;4096;measure;scatter;1.34673;0.413282;0.933437;0.00237644;0.00379864;0.20005;0.0112746;0.00314019;0.00633434;0.700323;0.00613963;
40;4096;4096;measure;scatter;1.75986;0.418436;1.34142;0.00242403;0.00386824;0.686119;0.00594729;0.00273917;0.00521836;0.627794;0.0073094;
40;4096;4096;measure;scatter;1.43193;0.408215;1.0237;0.00280508;0.0030931;0.483539;0.008322;0.0040463;0.00423862;0.511175;0.00648319;
40;4096;4096;measure;scatter;1.45455;0.41514;1.0394;0.00234461;0.00377832;0.528705;0.0108604;0.00201379;0.0093088;0.474758;0.0076352;
40;4096;4096;measure;scatter;2.00114;0.41686;1.58428;0.00326466;0.00606457;0.498868;0.0068333;0.00206355;0.00603567;1.05688;0.00426279;
40;4096;4096;measure;scatter;1.61944;0.421597;1.19783;0.00230377;0.00369052;0.596661;0.00501202;0.00209566;0.00464533;0.575242;0.00818122;
40;4096;4096;measure;scatter;1.78407;0.412041;1.37202;0.00228132;0.00370226;0.568412;0.00533597;0.00214745;0.00304576;0.781636;0.00545503;
40;4096;4096;measure;scatter;1.73399;0.415741;1.31824;0.00239758;0.00397327;0.419494;0.00679527;0.00250342;0.00362691;0.869556;0.00989804;
40;4096;4096;measure;scatter;1.59407;0.416404;1.17766;0.00229018;0.00352689;0.653896;0.00924163;0.00280249;0.0063887;0.491183;0.00833058;
40;8192;8192;measure;scatter;4.5529;1.03665;3.51624;0.0164893;0.0227681;1.79784;0.0372158;0.00835992;0.0186231;1.59409;0.0208501;
40;8192;8192;measure;scatter;4.11533;0.737012;3.37831;0.0116507;0.0130714;1.58267;0.019056;0.00929796;0.0113975;1.71644;0.0147283;
40;8192;8192;measure;scatter;4.58735;0.712081;3.87525;0.0104409;0.0123185;1.74104;0.0204287;0.00878824;0.0115488;2.05401;0.0166699;
40;8192;8192;measure;scatter;3.83866;1.28221;2.55644;0.0119535;0.0128484;1.3709;0.0307762;0.00791643;0.0181463;1.07655;0.027347;
40;8192;8192;measure;scatter;4.98807;0.739181;4.24888;0.0134283;0.0122161;1.55218;0.0221955;0.0103525;0.0136476;2.60779;0.0170758;
40;8192;8192;measure;scatter;5.00418;0.814286;4.18989;0.0256619;0.0128376;1.47102;0.0209659;0.00910369;0.0124154;2.62017;0.0177126;
40;8192;8192;measure;scatter;4.16328;1.26183;2.90144;0.0103752;0.0150618;1.15089;0.0398073;0.00866955;0.0175912;1.64233;0.0167198;
40;8192;8192;measure;scatter;4.14685;0.712727;3.43412;0.0101008;0.0126162;1.11803;0.0192275;0.0100872;0.0122687;2.23695;0.0148303;
40;8192;8192;measure;scatter;5.25254;1.01551;4.23703;0.0119451;0.0260493;1.90503;0.0521654;0.00850017;0.0183058;2.19403;0.0210053;
40;8192;8192;measure;scatter;4.03616;0.737641;3.29851;0.0113006;0.0117981;1.23344;0.0199296;0.00865629;0.0121231;1.98507;0.0161988;
40;8192;8192;measure;scatter;4.88849;1.01655;3.87193;0.0344803;0.0247037;1.76728;0.0329159;0.00834195;0.0182635;1.96903;0.0169169;
40;8192;8192;measure;scatter;5.31422;1.01786;4.29635;0.0106755;0.0263691;1.55505;0.0370177;0.00852489;0.0177744;2.62134;0.0195953;
40;8192;8192;measure;scatter;4.71053;1.01779;3.69273;0.0278396;0.0242334;1.75212;0.044509;0.00905334;0.0177378;1.79566;0.0215745;
40;8192;8192;measure;scatter;3.9534;1.02046;2.93292;0.0367007;0.01204;1.2248;0.0198713;0.00879077;0.011485;1.58884;0.0303861;
40;8192;8192;measure;scatter;5.88615;1.00891;4.87722;0.0185362;0.024413;1.71604;0.0442127;0.00915735;0.0187592;3.02402;0.0220899;
40;8192;8192;measure;scatter;4.11933;1.19397;2.92534;0.0118327;0.0135884;1.60177;0.0348788;0.00834681;0.018234;1.20917;0.0275178;
40;8192;8192;measure;scatter;4.17107;0.738221;3.43284;0.0104664;0.0123645;1.50615;0.0212628;0.0106421;0.0133396;1.84362;0.0149927;
40;8192;8192;measure;scatter;4.10096;0.733117;3.36783;0.0120714;0.0125692;1.49045;0.0227194;0.0100829;0.0133878;1.79213;0.0144205;
40;8192;8192;measure;scatter;4.26318;0.7359;3.52727;0.0133759;0.0121572;1.70441;0.0316955;0.011163;0.0119495;1.72679;0.0157219;
40;8192;8192;measure;scatter;5.06867;1.00239;4.06627;0.0118154;0.0126763;1.77847;0.0355;0.00793532;0.0189796;2.18532;0.0155741;
40;8192;8192;measure;scatter;4.5517;0.705815;3.84588;0.0117797;0.0120625;1.38514;0.0203785;0.00944312;0.0123202;2.37568;0.019073;
40;8192;8192;measure;scatter;4.38165;1.01222;3.36942;0.0116902;0.0126771;1.54393;0.0430079;0.00872265;0.0186615;1.70823;0.0224922;
40;8192;8192;measure;scatter;3.13698;0.710274;2.4267;0.0112246;0.0122746;0.605647;0.028412;0.0149574;0.0143845;1.72675;0.0130542;
40;8192;8192;measure;scatter;4.89002;1.1084;3.78161;0.0112064;0.0126802;1.83989;0.0448678;0.00739402;0.0183153;1.82562;0.0216336;
40;8192;8192;measure;scatter;4.20258;1.02774;3.17483;0.0109304;0.0258311;1.49973;0.0430939;0.00906722;0.0184211;1.54934;0.0184106;
40;8192;8192;measure;scatter;4.57421;1.21349;3.36071;0.0129138;0.0120669;1.29118;0.0370363;0.00914996;0.0185048;1.9615;0.0183592;
40;8192;8192;measure;scatter;5.49831;1.16088;4.33741;0.0138536;0.0123903;1.32831;0.0551463;0.00929736;0.0182105;2.88088;0.0193293;
40;8192;8192;measure;scatter;3.99447;1.01403;2.98044;0.0195667;0.02451;1.23102;0.0177004;0.00853975;0.0132594;1.64102;0.0248193;
40;8192;8192;measure;scatter;4.43453;1.01729;3.41723;0.0265102;0.0277008;1.87588;0.03707;0.0085105;0.018943;1.40653;0.0160898;
40;8192;8192;measure;scatter;2.69083;0.713851;1.97697;0.0109057;0.0125141;0.883581;0.0219428;0.00901869;0.0123345;1.01151;0.0151695;
40;8192;8192;measure;scatter;4.1878;1.01737;3.17043;0.0209037;0.0245487;1.69198;0.0380592;0.0114778;0.0326573;1.33062;0.0201693;
40;8192;8192;measure;scatter;4.20691;1.01485;3.19204;0.0181013;0.0129129;1.75486;0.0353172;0.0094658;0.0187514;1.32422;0.0184143;
40;8192;8192;measure;scatter;3.98083;1.01783;2.963;0.028843;0.0244028;1.3612;0.038311;0.00917365;0.0187125;1.46433;0.0180227;
40;8192;8192;measure;scatter;4.72587;1.01485;3.71102;0.0175744;0.0247128;1.53423;0.0323023;0.00831381;0.0174271;2.05135;0.0251014;
40;8192;8192;measure;scatter;4.23225;0.749816;3.48242;0.0176741;0.0243953;1.39731;0.0194532;0.00880326;0.0117754;1.98283;0.020181;
40;8192;8192;measure;scatter;4.55125;1.00563;3.54562;0.0440891;0.0247934;1.17004;0.024304;0.00806517;0.0113882;2.23925;0.0236851;
40;8192;8192;measure;scatter;4.94393;1.02121;3.92271;0.0111733;0.0177994;1.63581;0.0476285;0.00887526;0.0175949;2.16763;0.0161941;
40;8192;8192;measure;scatter;4.05981;1.01979;3.04001;0.0177609;0.0121122;1.27688;0.014862;0.00847293;0.0117126;1.67287;0.025334;
40;8192;8192;measure;scatter;5.31649;1.01916;4.29732;0.0186862;0.0125615;1.8991;0.0461679;0.00863303;0.0181582;2.27208;0.0219284;
40;8192;8192;measure;scatter;4.47547;0.746698;3.72877;0.0109059;0.0120925;1.85914;0.0199351;0.00864011;0.0109329;1.79135;0.0157742;
40;8192;8192;measure;scatter;3.90751;0.772938;3.13457;0.010805;0.0124365;1.16483;0.0199717;0.00874497;0.0122816;1.88872;0.0167749;
40;8192;8192;measure;scatter;4.61579;1.01381;3.60197;0.0125285;0.0226863;1.86966;0.0440353;0.00842828;0.0184957;1.60478;0.0213599;
40;8192;8192;measure;scatter;3.96596;1.00972;2.95623;0.0167136;0.0242165;1.4013;0.0407713;0.00886295;0.0190247;1.41776;0.0275865;
40;8192;8192;measure;scatter;4.82224;1.00795;3.81428;0.0228802;0.0120719;1.56081;0.0507435;0.00925062;0.0185371;2.12156;0.01843;
40;8192;8192;measure;scatter;5.66619;1.02387;4.64231;0.0167902;0.0133209;1.35944;0.0468382;0.00789691;0.0184536;3.16157;0.0180011;
40;8192;8192;measure;scatter;4.79218;1.16144;3.63073;0.0127446;0.0121737;1.61335;0.0368272;0.00839641;0.0184339;1.90041;0.0283989;
40;8192;8192;measure;scatter;4.83852;0.741271;4.09724;0.0105113;0.0123385;1.77782;0.022529;0.0102021;0.0131725;2.23312;0.0175432;
40;8192;8192;measure;scatter;5.12585;1.01827;4.10757;0.0297778;0.0127333;1.60251;0.0462229;0.00812137;0.0181322;2.3707;0.0193763;
40;8192;8192;measure;scatter;4.04761;0.743821;3.30378;0.0114298;0.0129025;1.25655;0.0206907;0.00818991;0.0121946;1.96367;0.0181567;
40;8192;8192;measure;scatter;4.37777;1.24799;3.12977;0.0133746;0.0125958;1.18505;0.0352295;0.00922961;0.0183481;1.83018;0.0257639;
40;16384;16384;measure;scatter;11.3954;2.92793;8.46744;0.105439;0.0530832;4.49142;0.12803;0.0465001;0.0537105;3.49262;0.0966348;
40;16384;16384;measure;scatter;11.3662;2.92892;8.43732;0.143362;0.0516907;4.47177;0.115328;0.0587821;0.0498969;3.45127;0.0952229;
40;16384;16384;measure;scatter;10.5637;2.67609;7.88762;0.0471863;0.0552782;3.06402;0.0998776;0.0586282;0.0571026;4.40391;0.101624;
40;16384;16384;measure;scatter;9.48946;3.01107;6.47838;0.156749;0.0519126;3.59107;0.105918;0.048363;0.0541436;2.37393;0.0963026;
40;16384;16384;measure;scatter;12.4001;3.20384;9.19624;0.106326;0.0515704;4.12195;0.117865;0.045335;0.0526837;4.60368;0.0968396;
40;16384;16384;measure;scatter;10.3847;3.2185;7.16617;0.056444;0.0589165;3.09493;0.104625;0.0755611;0.0569151;3.6183;0.100474;
40;16384;16384;measure;scatter;11.482;2.97035;8.51167;0.111952;0.0539718;3.69115;0.11831;0.0496331;0.0538754;4.34169;0.0910851;
40;16384;16384;measure;scatter;9.97328;2.94144;7.03181;0.11564;0.0526449;3.63783;0.114241;0.0614204;0.0524369;2.93337;0.0642264;
40;16384;16384;measure;scatter;11.0911;2.68466;8.40646;0.0460804;0.0524097;3.32949;0.111323;0.075309;0.0669995;4.61067;0.114181;
40;16384;16384;measure;scatter;11.2472;2.48598;8.76124;0.0641414;0.0540047;3.16487;0.115099;0.0672839;0.0574919;5.13751;0.100848;
40;16384;16384;measure;scatter;10.9426;3.01154;7.93104;0.0983567;0.0521748;3.66112;0.152451;0.0597787;0.0510317;3.74226;0.113868;
40;16384;16384;measure;scatter;10.5995;2.98692;7.61252;0.0967956;0.053898;3.07039;0.142469;0.0624375;0.0534632;4.04171;0.0913621;
40;16384;16384;measure;scatter;9.23147;2.96762;6.26383;0.106286;0.0546004;2.75923;0.117454;0.0491404;0.054014;3.04514;0.0779755;
40;16384;16384;measure;scatter;14.0751;2.65367;11.4215;0.0453523;0.0528561;3.23216;0.121791;0.0617465;0.05518;7.74415;0.108242;
40;16384;16384;measure;scatter;13.6368;2.42712;11.2096;0.0456443;0.052872;5.3578;0.0997319;0.0668295;0.0550572;5.42317;0.108549;
40;16384;16384;measure;scatter;11.7261;2.67713;9.04892;0.0503215;0.0560203;3.34956;0.116478;0.0791546;0.0994376;5.20129;0.0966579;
40;16384;16384;measure;scatter;11.7222;2.94953;8.77265;0.096356;0.0517969;4.28371;0.133224;0.0585999;0.053438;3.99419;0.101341;
40;16384;16384;measure;scatter;12.8906;3.2487;9.64192;0.0952781;0.0540633;3.67231;0.121754;0.0506308;0.052079;5.49595;0.0998599;
40;16384;16384;measure;scatter;9.93597;2.97224;6.96372;0.094054;0.0535631;3.97861;0.125088;0.0576492;0.0531999;2.53111;0.0704343;
40;16384;16384;measure;scatter;12.3942;3.14145;9.25273;0.056525;0.0657834;3.07915;0.149393;0.112188;0.0514796;5.62783;0.110384;
40;16384;16384;measure;scatter;11.5817;2.96642;8.61524;0.123772;0.0527335;3.63671;0.14887;0.0470388;0.0526781;4.4663;0.0871423;
40;16384;16384;measure;scatter;17.2437;3.51224;13.7315;0.118784;0.0501026;4.56659;0.160674;0.0615104;0.0535952;8.6259;0.0943364;
40;16384;16384;measure;scatter;11.7384;3.03749;8.70094;0.10516;0.0514489;4.54712;0.162309;0.0606578;0.053218;3.61292;0.108099;
40;16384;16384;measure;scatter;13.0658;2.98122;10.0846;0.0785767;0.0912904;5.97591;0.173411;0.0560114;0.0527133;3.5418;0.114866;
40;16384;16384;measure;scatter;10.1856;2.99587;7.18969;0.050095;0.0940315;1.79909;0.111763;0.053075;0.0558458;4.93139;0.0943981;
40;16384;16384;measure;scatter;11.2708;2.6594;8.61135;0.0614256;0.0541792;2.43677;0.110658;0.0767259;0.0556114;5.70908;0.106908;
40;16384;16384;measure;scatter;13.1016;3.2497;9.85184;0.0877129;0.0488751;4.76044;0.134553;0.0461222;0.0526368;4.62894;0.0925533;
40;16384;16384;measure;scatter;11.2637;2.68323;8.58046;0.0657469;0.0554217;4.08319;0.102587;0.0522568;0.0537095;4.06465;0.102903;
40;16384;16384;measure;scatter;18.4233;3.14327;15.28;0.0865765;0.0491241;5.3602;0.184349;0.048407;0.0627417;9.4074;0.0811765;
40;16384;16384;measure;scatter;12.0694;2.6696;9.39982;0.0608869;0.053957;3.2942;0.113361;0.0611116;0.0539055;5.66574;0.096656;
40;16384;16384;measure;scatter;11.2687;2.96144;8.30722;0.0959224;0.048031;4.45669;0.124927;0.0543471;0.0511368;3.38401;0.0921439;
40;16384;16384;measure;scatter;9.32306;2.97229;6.35075;0.0897271;0.0518377;2.74991;0.101439;0.0519409;0.096589;3.13189;0.0774179;
40;16384;16384;measure;scatter;10.1893;3.00775;7.18157;0.0636363;0.0516292;3.61107;0.119772;0.0480634;0.0529781;3.13881;0.0956103;
40;16384;16384;measure;scatter;12.0043;3.45568;8.5486;0.0865159;0.0502582;3.17393;0.113041;0.0571676;0.0536448;4.90114;0.112897;
40;16384;16384;measure;scatter;13.1805;3.42039;9.76012;0.0488511;0.0512053;4.02573;0.158456;0.0458304;0.0523831;5.29273;0.0849296;
40;16384;16384;measure;scatter;7.41697;2.45783;4.95913;0.0500499;0.0517543;1.7398;0.110017;0.081955;0.0591811;2.76328;0.103097;
40;16384;16384;measure;scatter;10.6221;2.94074;7.68135;0.106131;0.0460963;3.54179;0.113751;0.0612447;0.0533279;3.62822;0.130783;
40;16384;16384;measure;scatter;12.1153;2.97341;9.14185;0.0882292;0.0531958;4.68351;0.120733;0.059039;0.0515892;3.97546;0.110094;
40;16384;16384;measure;scatter;10.1476;3.00218;7.14541;0.0946766;0.0520106;2.79729;0.103547;0.0517009;0.0560503;3.9041;0.0860349;
40;16384;16384;measure;scatter;7.10575;2.46514;4.6406;0.0498703;0.0545985;2.3103;0.11388;0.0768837;0.0585802;1.90505;0.0714352;
40;16384;16384;measure;scatter;12.8908;3.29084;9.59999;0.0869567;0.0527932;4.59126;0.115791;0.0587009;0.0593417;4.51984;0.115308;
40;16384;16384;measure;scatter;12.9339;2.65378;10.2801;0.0494665;0.054496;3.27635;0.111286;0.0610588;0.0556937;6.54934;0.122396;
40;16384;16384;measure;scatter;10.5263;2.95694;7.56937;0.0874924;0.052284;3.67011;0.121948;0.0457631;0.054059;3.44371;0.0940062;
40;16384;16384;measure;scatter;11.1239;2.47522;8.64865;0.0489758;0.0552939;3.25462;0.117801;0.0613804;0.0959256;4.91711;0.0975443;
40;16384;16384;measure;scatter;15.7523;2.72779;13.0245;0.0460075;0.0545577;4.55859;0.100839;0.0582978;0.0510893;8.0584;0.0966933;
40;16384;16384;measure;scatter;11.2337;3.02937;8.20427;0.0537826;0.0520157;3.64991;0.135844;0.046402;0.0524083;4.11746;0.0964451;
40;16384;16384;measure;scatter;13.3749;2.99755;10.3773;0.104987;0.0576085;4.93675;0.161398;0.0637603;0.0537798;4.88561;0.113415;
40;16384;16384;measure;scatter;11.0575;2.9455;8.11194;0.0522367;0.097395;3.63333;0.115223;0.0487792;0.053296;4.01317;0.0985197;
40;16384;16384;measure;scatter;11.9882;2.97502;9.01321;0.098983;0.0495035;3.22799;0.1089;0.0638648;0.0541042;5.30197;0.107893;
40;16384;16384;measure;scatter;9.90778;2.67649;7.23128;0.0546104;0.0549612;3.8926;0.109079;0.0620103;0.0556076;2.93122;0.0711878;