n_threads;n_x;n_y;plan;comm_flag;total;initialization;fft_2d_total;first_fftw;first_split;first_comm;first_trans;second_fftw;second_split;second_comm;second_trans;
40;128;128;measure;scatter;0.127001;0.101771;0.025219;7.03221e-05;5.0551e-05;0.0244589;7.54471e-05;6.29709e-05;5.04691e-05;0.000378501;7.1788e-05;
40;128;128;measure;scatter;0.0640788;0.0624513;0.00162386;5.725e-05;5.0989e-05;0.00085214;6.6292e-05;8.71671e-05;4.15498e-05;0.00039765;7.0822e-05;
40;128;128;measure;scatter;0.0639228;0.0624668;0.00144893;6.0112e-05;4.9436e-05;0.000704106;5.4267e-05;8.6657e-05;3.85488e-05;0.000388779;6.70201e-05;
40;128;128;measure;scatter;0.0638262;0.0624336;0.00138821;5.26679e-05;4.70171e-05;0.000595104;6.26179e-05;5.59841e-05;4.35349e-05;0.000467163;6.41211e-05;
40;128;128;measure;scatter;0.0640532;0.0624431;0.00160548;5.39669e-05;4.47971e-05;0.000864283;6.15669e-05;6.45551e-05;4.70269e-05;0.00040437;6.49111e-05;
40;128;128;measure;scatter;0.0638845;0.0626632;0.00120959;5.798e-05;5.94361e-05;0.000442295;5.9888e-05;7.18222e-05;3.98729e-05;0.000410675;6.76252e-05;
40;128;128;measure;scatter;0.0640676;0.0624932;0.00157124;5.0358e-05;4.82141e-05;0.000821408;5.81171e-05;6.50899e-05;4.5344e-05;0.000387191;9.55199e-05;
40;128;128;measure;scatter;0.0636788;0.0626389;0.00103558;5.58351e-05;5.42379e-05;0.000237989;8.98552e-05;6.17038e-05;3.27441e-05;0.000433946;6.9269e-05;
40;128;128;measure;scatter;0.0640651;0.062755;0.00130471;5.79709e-05;5.6155e-05;0.000531274;5.9118e-05;6.39418e-05;4.3151e-05;0.000430315;6.278e-05;
40;128;128;measure;scatter;0.0640785;0.0624813;0.00159305;5.91332e-05;5.93499e-05;0.000836394;6.2977e-05;9.5492e-05;3.9615e-05;0.00036128;7.8812e-05;
40;128;128;measure;scatter;0.0638155;0.062306;0.00150508;5.6769e-05;5.55918e-05;0.000765193;8.6054e-05;6.44911e-05;3.6689e-05;0.00037711;6.31812e-05;
40;128;128;measure;scatter;0.0639511;0.0624931;0.00145364;6.0732e-05;5.35508e-05;0.000690905;6.08929e-05;6.40431e-05;4.28979e-05;0.000404033;7.65868e-05;
40;128;128;measure;scatter;0.0639281;0.0622796;0.00164406;5.31569e-05;4.81352e-05;0.000851509;6.42929e-05;6.44501e-05;4.71571e-05;0.000453885;6.1474e-05;
40;128;128;measure;scatter;0.0640045;0.0624897;0.00151032;6.47951e-05;5.35429e-05;0.000703894;6.86198e-05;6.4678e-05;2.9101e-05;0.00045007;7.56141e-05;
40;128;128;measure;scatter;0.064086;0.0627238;0.0013584;5.6132e-05;3.77141e-05;0.000547868;7.0814e-05;4.58879e-05;4.43901e-05;0.000482053;7.3537e-05;
40;128;128;measure;scatter;0.063836;0.062297;0.00153359;6.2335e-05;5.35981e-05;0.000520924;5.84661e-05;7.76739e-05;4.01931e-05;0.000653182;6.72131e-05;
40;128;128;measure;scatter;0.0638696;0.062388;0.00147786;6.79959e-05;5.78172e-05;0.000710678;7.04222e-05;0.000100306;4.22499e-05;0.00036492;6.34661e-05;
40;128;128;measure;scatter;0.0641405;0.062505;0.00163158;5.52542e-05;3.94378e-05;0.000847233;6.00242e-05;5.33948e-05;3.4248e-05;0.000475448;6.6536e-05;
40;128;128;measure;scatter;0.0639984;0.0623667;0.00162715;5.72e-05;4.7893e-05;0.000863554;6.81991e-05;5.38279e-05;3.475e-05;0.000431006;7.07151e-05;
40;128;128;measure;scatter;0.0640934;0.0624209;0.00166758;5.8783e-05;4.5805e-05;0.000883126;7.0618e-05;9.64501e-05;4.3941e-05;0.00038007;8.8783e-05;
40;128;128;measure;scatter;0.0643077;0.0624747;0.0018284;6.85651e-05;5.18139e-05;0.00105049;6.96559e-05;8.1839e-05;4.09121e-05;0.000391246;7.38769e-05;
40;128;128;measure;scatter;0.0639019;0.0623803;0.00151766;5.15829e-05;4.16322e-05;0.000769852;6.47339e-05;8.68749e-05;5.40861e-05;0.000388883;6.0014e-05;
40;128;128;measure;scatter;0.0641404;0.0625469;0.00158967;6.68031e-05;4.70791e-05;0.000792894;6.97952e-05;6.80599e-05;5.00339e-05;0.000430022;6.4984e-05;
40;128;128;measure;scatter;0.0635644;0.0626631;0.000896752;7.5622e-05;5.743e-05;0.000148938;5.20851e-05;4.95468e-05;5.12991e-05;0.000390897;7.0934e-05;
40;128;128;measure;scatter;0.0643217;0.0624213;0.00189526;5.7569e-05;5.30961e-05;0.00109058;5.526e-05;6.0366e-05;4.73e-05;0.000459401;7.16941e-05;
40;128;128;measure;scatter;0.0642151;0.0625886;0.0016233;6.48689e-05;5.45071e-05;0.000811816;7.28571e-05;4.8859e-05;5.5037e-05;0.000443802;7.1553e-05;
40;128;128;measure;scatter;0.0639537;0.0622861;0.00166307;5.95879e-05;3.98771e-05;0.000944922;5.9247e-05;5.2847e-05;3.69451e-05;0.000404679;6.4967e-05;
40;128;128;measure;scatter;0.064102;0.0623348;0.00176177;5.02591e-05;4.78749e-05;0.00098471;5.11841e-05;5.26251e-05;4.41449e-05;0.000445382;8.5592e-05;
40;128;128;measure;scatter;0.064211;0.0624742;0.00173317;5.30749e-05;5.2657e-05;0.000893308;7.06359e-05;6.0189e-05;4.58539e-05;0.0004698;8.7647e-05;
40;128;128;measure;scatter;0.0641648;0.062424;0.00173385;6.5743e-05;3.9841e-05;0.000921482;5.49739e-05;6.2763e-05;4.75091e-05;0.000469258;7.2283e-05;
40;128;128;measure;scatter;0.0635818;0.0625619;0.00101547;5.7305e-05;5.0104e-05;0.000263273;7.29279e-05;6.36061e-05;4.97941e-05;0.000380921;7.7538e-05;
40;128;128;measure;scatter;0.0640907;0.0626446;0.0014401;5.4819e-05;5.05121e-05;0.000729665;7.04268e-05;6.36871e-05;2.99639e-05;0.000386933;5.4091e-05;
40;128;128;measure;scatter;0.063748;0.0624419;0.0013012;5.9641e-05;4.14301e-05;0.000560117;6.6316e-05;9.24959e-05;4.5408e-05;0.000359304;7.64921e-05;
40;128;128;measure;scatter;0.0637821;0.0625399;0.00123709;5.87411e-05;5.6962e-05;0.000424608;7.16459e-05;5.92731e-05;4.96469e-05;0.000440409;7.58029e-05;
40;128;128;measure;scatter;0.0640171;0.0621375;0.00187507;7.132e-05;4.768e-05;0.00111303;6.78999e-05;9.06391e-05;2.58849e-05;0.000392011;6.6604e-05;
40;128;128;measure;scatter;0.0640005;0.062483;0.00151254;5.55241e-05;4.4239e-05;0.000778001;5.3637e-05;8.75809e-05;3.38252e-05;0.000389375;7.0354e-05;
40;128;128;measure;scatter;0.0637002;0.0622882;0.00140802;6.06489e-05;3.9919e-05;0.000637784;6.86492e-05;6.42049e-05;2.90989e-05;0.000438946;6.87649e-05;
40;128;128;measure;scatter;0.0642267;0.0624183;0.0018042;6.42021e-05;4.95911e-05;0.00105407;5.51071e-05;5.94109e-05;5.5057e-05;0.000395005;7.1757e-05;
40;128;128;measure;scatter;0.065786;0.0624572;0.00332425;5.69448e-05;5.02812e-05;0.00083727;5.31189e-05;9.43851e-05;4.3394e-05;0.000369635;0.00181922;
40;128;128;measure;scatter;0.0647969;0.062484;0.00230785;5.50861e-05;5.724e-05;0.00151625;7.12941e-05;9.0129e-05;4.31919e-05;0.000396793;7.78649e-05;
40;128;128;measure;scatter;0.0636853;0.0624952;0.00118642;5.85669e-05;3.9042e-05;0.000413861;6.10009e-05;6.94471e-05;4.6494e-05;0.00043681;6.11951e-05;
40;128;128;measure;scatter;0.0639991;0.0627671;0.00122002;5.5057e-05;5.09641e-05;0.000482394;7.59689e-05;8.49201e-05;4.1578e-05;0.000363633;6.55099e-05;
40;128;128;measure;scatter;0.063994;0.0624537;0.00153583;5.7104e-05;4.93161e-05;0.000771293;6.34929e-05;6.48191e-05;4.9772e-05;0.00040725;7.27852e-05;
40;128;128;measure;scatter;0.0636258;0.0622573;0.0013638;6.0987e-05;5.4067e-05;0.000530951;6.38759e-05;9.35879e-05;4.10711e-05;0.000451378;6.78829e-05;
40;128;128;measure;scatter;0.063878;0.062462;0.00141223;5.61781e-05;4.51498e-05;0.000726852;6.3597e-05;7.49021e-05;4.90588e-05;0.000333117;6.33791e-05;
40;128;128;measure;scatter;0.0641216;0.0626819;0.00143505;6.9547e-05;5.29981e-05;0.000576443;5.8966e-05;5.80652e-05;4.9385e-05;0.000472158;9.74929e-05;
40;128;128;measure;scatter;0.0640933;0.0625109;0.00157852;5.97381e-05;3.66799e-05;0.000822075;6.86541e-05;9.15909e-05;3.1041e-05;0.000406987;6.17541e-05;
40;128;128;measure;scatter;0.0637896;0.0622424;0.00153512;5.57329e-05;4.0391e-05;0.00082701;8.4524e-05;7.86819e-05;3.89912e-05;0.00033015;7.96381e-05;
40;128;128;measure;scatter;0.0636975;0.0623617;0.00133153;6.5669e-05;4.75971e-05;0.000546702;7.68451e-05;6.91519e-05;3.84001e-05;0.000425291;6.18771e-05;
40;128;128;measure;scatter;0.0640461;0.0623948;0.00164629;5.83502e-05;5.37978e-05;0.000872759;0.000105737;6.7591e-05;5.6148e-05;0.000358835;7.3076e-05;
40;256;256;measure;scatter;0.104683;0.103066;0.00161188;8.8756e-05;9.43139e-05;0.00054691;0.000106768;8.26381e-05;6.47579e-05;0.000515333;0.000112404;
40;256;256;measure;scatter;0.104933;0.10303;0.00189834;8.67718e-05;8.4182e-05;0.000831879;8.43469e-05;9.03721e-05;5.3376e-05;0.000548206;0.000119209;
40;256;256;measure;scatter;0.105325;0.102899;0.0024202;0.000103736;0.00010575;0.00112019;8.6267e-05;7.66041e-05;5.7318e-05;0.000777312;9.30219e-05;
40;256;256;measure;scatter;0.104884;0.102924;0.00195576;9.55232e-05;7.97058e-05;0.000840674;8.45499e-05;0.000100385;5.70121e-05;0.000552251;0.000145662;
40;256;256;measure;scatter;0.104885;0.102937;0.00194408;9.421e-05;9.38519e-05;0.000867213;7.12699e-05;6.3759e-05;6.06899e-05;0.000576777;0.000116312;
40;256;256;measure;scatter;0.104807;0.102826;0.00197672;0.000118125;8.98389e-05;0.000865031;9.3614e-05;0.000103561;6.3627e-05;0.000538598;0.000104325;
40;256;256;measure;scatter;0.105137;0.103093;0.00204002;8.5362e-05;0.000111977;0.000825312;0.000120552;0.000102005;5.67969e-05;0.000632134;0.000105885;
40;256;256;measure;scatter;0.105154;0.102906;0.00224236;9.48729e-05;8.02251e-05;0.00119708;9.19502e-05;6.1804e-05;7.08241e-05;0.000546102;9.951e-05;
40;256;256;measure;scatter;0.104896;0.103167;0.00172544;8.88959e-05;9.8493e-05;0.000628421;8.5179e-05;0.000107775;6.14279e-05;0.000545862;0.000109385;
40;256;256;measure;scatter;0.104993;0.102956;0.00203232;8.8986e-05;7.16371e-05;0.000894107;7.37791e-05;0.000104286;0.000591791;0.000113058;9.46729e-05;
40;256;256;measure;scatter;0.106591;0.104888;0.00169825;9.794e-05;0.000112143;0.000577152;0.000111743;7.7192e-05;6.74981e-05;0.000531844;0.000122737;
40;256;256;measure;scatter;0.10495;0.10288;0.00206514;8.7824e-05;8.94552e-05;0.000916175;8.90221e-05;6.3366e-05;6.9787e-05;0.000615874;0.000133634;
40;256;256;measure;scatter;0.107342;0.102797;0.0045411;0.000379386;0.000209001;0.000245889;8.4087e-05;8.72018e-05;6.03781e-05;0.00053876;0.00293639;
40;256;256;measure;scatter;0.104917;0.103152;0.00176039;0.000115172;8.42789e-05;0.000612008;8.6078e-05;8.5942e-05;6.96459e-05;0.000597935;0.000109326;
40;256;256;measure;scatter;0.104867;0.103063;0.00179895;0.000237556;7.9351e-05;0.000548656;8.52731e-05;6.8343e-05;6.81619e-05;0.000613449;9.81549e-05;
40;256;256;measure;scatter;0.104996;0.10299;0.00200117;9.58319e-05;7.80839e-05;0.000881823;7.87911e-05;7.27281e-05;6.5004e-05;0.000629846;9.9062e-05;
40;256;256;measure;scatter;0.105318;0.102682;0.00263021;0.000100299;9.019e-05;0.00139233;7.4497e-05;7.09861e-05;5.9179e-05;0.000746122;9.661e-05;
40;256;256;measure;scatter;0.105164;0.102928;0.00223146;8.97001e-05;8.70749e-05;0.00104943;9.09611e-05;6.41949e-05;6.94431e-05;0.000626644;0.000154011;
40;256;256;measure;scatter;0.105638;0.102893;0.00274014;8.66961e-05;8.6044e-05;0.00116992;7.1228e-05;6.90059e-05;8.0639e-05;0.00105147;0.000125136;
40;256;256;measure;scatter;0.105524;0.102909;0.00260187;8.879e-05;0.000102597;0.00136955;8.1049e-05;6.5872e-05;6.637e-05;0.000731818;9.58198e-05;
40;256;256;measure;scatter;0.104864;0.10314;0.0017194;0.00017144;0.000101602;0.00052123;8.1639e-05;5.6406e-05;6.75539e-05;0.000550615;0.000168912;
40;256;256;measure;scatter;0.10497;0.102765;0.00220039;8.21708e-05;8.61441e-05;0.00111441;8.09471e-05;8.34591e-05;6.30429e-05;0.000590504;9.97109e-05;
40;256;256;measure;scatter;0.104759;0.102754;0.00199977;9.0729e-05;7.7368e-05;0.000961447;9.1126e-05;0.000126116;6.1292e-05;0.000477612;0.000114084;
40;256;256;measure;scatter;0.104495;0.103122;0.00136655;9.11469e-05;0.000137086;0.000249561;7.35621e-05;6.93339e-05;7.32031e-05;0.00055018;0.000122475;
40;256;256;measure;scatter;0.10509;0.102657;0.0024277;7.9446e-05;8.4507e-05;0.00132815;7.96649e-05;9.63442e-05;4.84078e-05;0.000595514;0.000115666;
40;256;256;measure;scatter;0.105124;0.102978;0.00214185;9.1485e-05;7.86979e-05;0.00118346;8.7522e-05;8.24051e-05;6.4635e-05;0.000456359;9.7286e-05;
40;256;256;measure;scatter;0.105143;0.102989;0.00214838;8.01e-05;0.000102403;0.00103697;7.8589e-05;0.000107214;6.30252e-05;0.00056026;0.00011982;
40;256;256;measure;scatter;0.105044;0.103014;0.00201716;0.000103764;0.000103179;0.00086109;8.73001e-05;6.436e-05;6.53761e-05;0.000636764;9.53302e-05;
40;256;256;measure;scatter;0.104933;0.102804;0.00212453;8.75061e-05;9.45539e-05;0.00102597;9.20291e-05;6.82529e-05;6.8512e-05;0.000567237;0.000120467;
40;256;256;measure;scatter;0.104801;0.102927;0.00186991;9.91952e-05;7.38408e-05;0.000767272;9.25278e-05;7.5879e-05;6.3614e-05;0.000545561;0.000152015;
40;256;256;measure;scatter;0.104905;0.102819;0.00208034;9.7899e-05;9.69931e-05;0.000936301;7.18089e-05;9.78801e-05;5.60039e-05;0.000632996;9.0461e-05;
40;256;256;measure;scatter;0.105608;0.102813;0.00278145;0.000110568;9.0095e-05;0.00158281;8.2657e-05;6.39581e-05;7.63389e-05;0.00066061;0.000114415;
40;256;256;measure;scatter;0.105119;0.103171;0.00194471;0.000204233;7.5568e-05;0.000615473;0.000139231;0.00013439;6.58282e-05;0.000587268;0.000122716;
40;256;256;measure;scatter;0.105386;0.103073;0.00230781;0.00124198;7.9602e-05;7.41631e-05;0.00020997;6.235e-05;6.7228e-05;0.000467124;0.000105393;
40;256;256;measure;scatter;0.104666;0.103014;0.0016395;8.60281e-05;8.4132e-05;0.000463485;6.41309e-05;6.7343e-05;6.38501e-05;0.000732572;7.79559e-05;
40;256;256;measure;scatter;0.104571;0.102722;0.00184368;9.39379e-05;8.68451e-05;0.000739565;8.4585e-05;7.5713e-05;5.4671e-05;0.000567491;0.000140872;
40;256;256;measure;scatter;0.10494;0.102751;0.00218441;8.86892e-05;8.10558e-05;0.00108133;7.89191e-05;0.00010805;5.1772e-05;0.000540075;0.000154519;
40;256;256;measure;scatter;0.105158;0.10275;0.00239513;8.2837e-05;9.1746e-05;0.00123567;0.000107701;6.3709e-05;7.08611e-05;0.00062678;0.000115829;
40;256;256;measure;scatter;0.104971;0.103221;0.00174392;8.86582e-05;0.000105248;0.000698422;8.35501e-05;0.000106026;5.8773e-05;0.000494123;0.000109116;
40;256;256;measure;scatter;0.10524;0.102683;0.00255264;9.24701e-05;8.5728e-05;0.00142987;7.8625e-05;6.74461e-05;5.91499e-05;0.00064332;9.6027e-05;
40;256;256;measure;scatter;0.104734;0.102934;0.00179604;8.5298e-05;9.0234e-05;0.000680959;7.57091e-05;7.0717e-05;7.7982e-05;0.000622738;9.2403e-05;
40;256;256;measure;scatter;0.104969;0.102931;0.00203324;8.70782e-05;8.2972e-05;0.000909157;8.7979e-05;5.32949e-05;7.36162e-05;0.000645534;9.36079e-05;
40;256;256;measure;scatter;0.104734;0.103109;0.00162055;9.097e-05;8.21161e-05;0.000515816;9.3495e-05;0.000141766;5.94209e-05;0.000517382;0.000119588;
40;256;256;measure;scatter;0.104804;0.103002;0.0017975;9.14189e-05;7.84751e-05;0.000700523;8.10202e-05;7.2994e-05;6.85919e-05;0.000615846;8.86351e-05;
40;256;256;measure;scatter;0.104639;0.103019;0.00161541;9.89099e-05;9.58971e-05;0.000514073;0.000105133;6.6489e-05;5.901e-05;0.000559914;0.000115984;
40;256;256;measure;scatter;0.10518;0.103017;0.0021554;0.00010212;9.51588e-05;0.000888183;7.5286e-05;6.88541e-05;7.54669e-05;0.000739123;0.000111208;
40;256;256;measure;scatter;0.105145;0.102698;0.00244168;0.00010612;8.6209e-05;0.00126167;6.9269e-05;9.45379e-05;6.31991e-05;0.000626512;0.000134157;
40;256;256;measure;scatter;0.104736;0.103001;0.00172925;8.5419e-05;8.00809e-05;0.00061465;0.000104306;8.07019e-05;6.6973e-05;0.000541616;0.000155507;
40;256;256;measure;scatter;0.105217;0.102975;0.00223621;8.86249e-05;8.50391e-05;0.000999617;8.4142e-05;6.22291e-05;7.6815e-05;0.000691768;0.000147971;
40;256;256;measure;scatter;0.105441;0.102986;0.00245097;0.000106872;8.44561e-05;0.00120829;7.0462e-05;7.2503e-05;7.67971e-05;0.000724186;0.000107408;
40;512;512;measure;scatter;0.150271;0.146769;0.00348821;9.10801e-05;8.5776e-05;0.00170571;0.000116016;8.762e-05;7.82229e-05;0.00119952;0.000124265;
40;512;512;measure;scatter;0.149931;0.146836;0.00309097;0.000102051;9.78699e-05;0.00134855;0.000123906;9.29681e-05;9.73439e-05;0.00111334;0.000114946;
40;512;512;measure;scatter;0.149818;0.146616;0.00319759;0.000115058;8.9563e-05;0.0014003;0.000125301;0.000124977;7.0665e-05;0.00116253;0.0001092;
40;512;512;measure;scatter;0.149891;0.14697;0.00291533;7.47251e-05;0.000775104;0.000919733;0.00011901;0.000108392;9.5312e-05;0.000680542;0.000142514;
40;512;512;measure;scatter;0.149874;0.147062;0.00280651;8.71529e-05;0.000671569;0.00089627;0.00011791;0.000127765;8.83271e-05;0.000693148;0.000124364;
40;512;512;measure;scatter;0.151869;0.146963;0.00490244;0.000104669;7.6184e-05;0.00317194;0.000122583;9.915e-05;8.40339e-05;0.0011211;0.000122772;
40;512;512;measure;scatter;0.149586;0.146654;0.00292646;8.2135e-05;7.22259e-05;0.00129447;0.000122598;0.000129414;8.85301e-05;0.00101581;0.000121283;
40;512;512;measure;scatter;0.149781;0.146774;0.00300073;9.9411e-05;7.77971e-05;0.00157457;0.000120711;9.09159e-05;0.000100248;0.000815613;0.000121467;
40;512;512;measure;scatter;0.149417;0.14688;0.00253245;8.61371e-05;0.000660173;0.000425714;0.000118135;0.000156008;7.7555e-05;0.000867314;0.000141413;
40;512;512;measure;scatter;0.149721;0.14689;0.00282538;0.0001022;8.8702e-05;0.00133836;0.000133319;9.51039e-05;7.15819e-05;0.000846924;0.000149195;
40;512;512;measure;scatter;0.150725;0.146594;0.00412673;8.30272e-05;8.46819e-05;0.00182841;0.000113059;0.000101012;9.05581e-05;0.00167746;0.000148519;
40;512;512;measure;scatter;0.14984;0.14694;0.00289436;9.88189e-05;9.55011e-05;0.00119605;0.000128382;9.8774e-05;9.2421e-05;0.0010466;0.0001378;
40;512;512;measure;scatter;0.149565;0.147131;0.00242945;8.11992e-05;0.00065689;0.00042161;0.000121331;0.000109041;7.41971e-05;0.00083318;0.000132001;
40;512;512;measure;scatter;0.150373;0.146937;0.00343052;0.00010452;8.28491e-05;0.00158529;0.000124323;0.000107891;8.81529e-05;0.00121959;0.000117911;
40;512;512;measure;scatter;0.149677;0.147045;0.00262624;0.000123164;0.000685272;0.000421053;0.000129628;0.000121494;9.19069e-05;0.000943953;0.00010977;
40;512;512;measure;scatter;0.150378;0.146888;0.00348502;0.000128939;0.000703216;0.00090753;0.000122065;0.000117103;8.88349e-05;0.00129455;0.000122781;
40;512;512;measure;scatter;0.150088;0.146782;0.00330032;7.92949e-05;7.79331e-05;0.0015482;0.000116637;8.759e-05;7.2822e-05;0.00119814;0.000119703;
40;512;512;measure;scatter;0.149945;0.147013;0.00292669;0.000153927;7.70791e-05;0.00145119;0.000134278;0.000117178;9.0895e-05;0.000776431;0.000125709;
40;512;512;measure;scatter;0.149895;0.146506;0.00338502;0.000100661;9.07111e-05;0.00166227;0.000134736;0.000102684;9.36911e-05;0.0010755;0.000124776;
40;512;512;measure;scatter;0.14986;0.146768;0.00308805;0.000105066;8.27219e-05;0.00156574;0.000120042;9.8204e-05;7.79219e-05;0.000839487;0.000198875;
40;512;512;measure;scatter;0.149937;0.146838;0.00309437;7.50562e-05;7.55859e-05;0.00141565;0.000122449;8.72409e-05;7.86399e-05;0.0011158;0.000123941;
40;512;512;measure;scatter;0.149548;0.146588;0.0029557;8.284e-05;9.1248e-05;0.00163371;0.000120076;8.13841e-05;6.7017e-05;0.000743705;0.000135717;
40;512;512;measure;scatter;0.150037;0.146978;0.00305236;8.4687e-05;7.5622e-05;0.00121826;0.000118586;0.000101971;9.7292e-05;0.00124624;0.000109707;
40;512;512;measure;scatter;0.150204;0.147039;0.00316023;0.000103524;9.20282e-05;0.00173601;0.000120517;0.000114849;9.05769e-05;0.000779928;0.000122797;
40;512;512;measure;scatter;0.150258;0.146758;0.00349649;8.37189e-05;6.73491e-05;0.00187232;0.000133046;9.8675e-05;8.58922e-05;0.00102507;0.000130422;
40;512;512;measure;scatter;0.149954;0.146719;0.00323077;8.1144e-05;8.28959e-05;0.00145331;0.000119635;0.000119821;7.22741e-05;0.00115915;0.000142543;
40;512;512;measure;scatter;0.14977;0.146797;0.00296783;0.000105794;8.2501e-05;0.00128065;0.000117518;8.8708e-05;8.72789e-05;0.00108684;0.000118543;
40;512;512;measure;scatter;0.150103;0.147013;0.00307727;0.000220982;0.000710157;0.000923446;0.000119166;0.000111914;8.9471e-05;0.000780502;0.00012163;
40;512;512;measure;scatter;0.149696;0.146775;0.00291719;8.60519e-05;0.000806142;0.000914492;0.000126915;0.000128568;8.16381e-05;0.000654409;0.000118978;
40;512;512;measure;scatter;0.150641;0.146705;0.00392447;0.000109452;9.4767e-05;0.0021781;0.000119857;8.31131e-05;6.5763e-05;0.00115277;0.000120652;
40;512;512;measure;scatter;0.149857;0.146891;0.00295902;9.3027e-05;6.97318e-05;0.00129886;0.000120199;9.52738e-05;8.64821e-05;0.00108593;0.00010952;
40;512;512;measure;scatter;0.149789;0.146934;0.00285133;0.00010178;0.000745173;0.000827184;0.000120031;0.00011941;6.9503e-05;0.000713332;0.000154918;
40;512;512;measure;scatter;0.161972;0.159099;0.00286916;8.00539e-05;0.000675687;0.000411388;0.000118943;0.000115175;9.25751e-05;0.00125927;0.000116066;
40;512;512;measure;scatter;0.149805;0.147;0.00279946;0.000842259;7.34171e-05;0.000346991;0.000126578;0.000122117;8.0578e-05;0.00108742;0.000120094;
40;512;512;measure;scatter;0.158846;0.155628;0.00321233;0.000109348;0.000879428;0.00113203;0.000123012;0.000124212;8.12921e-05;0.000647752;0.000115256;
40;512;512;measure;scatter;0.149861;0.146696;0.00315838;9.7723e-05;8.47511e-05;0.00147207;0.000111558;8.41541e-05;6.43879e-05;0.00113225;0.00011149;
40;512;512;measure;scatter;0.149855;0.146919;0.00293255;0.000379133;0.000542151;0.000949403;0.000124901;0.000114834;9.9428e-05;0.000589005;0.000133695;
40;512;512;measure;scatter;0.149996;0.146798;0.00319179;8.39301e-05;7.61179e-05;0.00152667;0.000117765;9.75879e-05;7.96709e-05;0.00110014;0.000109916;
40;512;512;measure;scatter;0.1496;0.146794;0.00280052;0.00013348;9.18009e-05;0.00132862;0.000118611;8.17389e-05;7.58281e-05;0.000841541;0.000128903;
40;512;512;measure;scatter;0.149487;0.146854;0.00262686;8.29061e-05;8.84989e-05;0.00120807;0.000127172;8.1487e-05;9.6109e-05;0.00080102;0.0001416;
40;512;512;measure;scatter;0.150091;0.146716;0.00337017;8.52221e-05;7.41531e-05;0.00175199;0.000121829;9.2935e-05;8.00029e-05;0.00105204;0.000111998;
40;512;512;measure;scatter;0.149977;0.147143;0.00282789;0.000119222;0.000681331;0.000413083;0.000124972;0.000102929;9.9476e-05;0.00117943;0.000107448;
40;512;512;measure;scatter;0.149755;0.146766;0.00298397;0.000135112;0.000790774;0.000871175;0.000123208;9.9089e-05;7.8206e-05;0.000745996;0.000140414;
40;512;512;measure;scatter;0.150112;0.146957;0.00315083;0.000115001;0.000732728;0.000739481;0.000129934;9.7381e-05;8.71841e-05;0.00112446;0.000124659;
40;512;512;measure;scatter;0.149948;0.146839;0.00310446;0.000103119;0.000790528;0.000911529;0.000122411;0.000100912;8.69059e-05;0.000876281;0.000112771;
40;512;512;measure;scatter;0.150258;0.146655;0.00359726;0.000109689;8.04351e-05;0.00182863;0.000114132;9.7207e-05;7.16951e-05;0.00116485;0.000130611;
40;512;512;measure;scatter;0.150168;0.146872;0.00328983;7.98518e-05;0.000808295;0.000912165;0.000121319;9.7936e-05;8.27229e-05;0.00107159;0.000115952;
40;512;512;measure;scatter;0.149616;0.146481;0.00313067;8.1582e-05;7.8012e-05;0.00143832;0.00012262;8.66221e-05;7.1567e-05;0.00113555;0.000116396;
40;512;512;measure;scatter;0.150038;0.146976;0.00305552;9.02568e-05;0.000845358;0.000852072;0.00011971;0.000114757;7.74909e-05;0.000839226;0.000116647;
40;512;512;measure;scatter;0.150257;0.147;0.00325229;0.000110727;8.97262e-05;0.00161168;0.000124163;9.93439e-05;7.70772e-05;0.000990325;0.000149245;
40;1024;1024;measure;scatter;0.210672;0.198103;0.0125638;0.000339523;0.000526778;0.0088764;0.000208242;0.000173558;0.000130002;0.00205843;0.000250871;
40;1024;1024;measure;scatter;0.211521;0.203142;0.0083714;0.000220789;0.00274893;0.00116817;0.000495624;0.000178993;0.000123916;0.00317659;0.000258377;
40;1024;1024;measure;scatter;0.211299;0.202945;0.00834883;0.000265786;0.00266094;0.00136844;0.000214567;0.000190448;0.000113172;0.00332267;0.000212807;
40;1024;1024;measure;scatter;0.210547;0.202617;0.00792576;0.000234825;0.00012918;0.00356631;0.00018429;0.000175435;0.000130014;0.00328241;0.000223294;
40;1024;1024;measure;scatter;0.211783;0.20303;0.00873939;0.000265072;0.00267208;0.00157005;0.000214038;0.000195468;0.000113348;0.00349684;0.000212501;
40;1024;1024;measure;scatter;0.210806;0.203158;0.00763599;0.000256651;0.00282448;0.0015773;0.000185708;0.000187065;0.000105549;0.00229412;0.000205117;
40;1024;1024;measure;scatter;0.210543;0.202991;0.00754789;0.000212533;0.000148619;0.00355338;0.000200771;0.000155209;0.000116717;0.00294383;0.000216828;
40;1024;1024;measure;scatter;0.206666;0.198166;0.00849582;0.000232167;0.000135785;0.00511891;0.000231429;0.000178203;0.000118746;0.00227741;0.000203166;
40;1024;1024;measure;scatter;0.210032;0.203151;0.00687699;0.00018201;0.000147604;0.00338988;0.000228024;0.000163263;0.000119044;0.00241851;0.000228652;
40;1024;1024;measure;scatter;0.210956;0.198437;0.012515;0.000162537;0.000139599;0.00824799;0.000211758;0.000199819;0.000120799;0.00320944;0.000223026;
40;1024;1024;measure;scatter;0.209892;0.203092;0.00679442;0.000321721;0.00163014;0.00120802;0.000557735;0.000188385;0.000115969;0.00255405;0.000218394;
40;1024;1024;measure;scatter;0.212015;0.205353;0.00665718;0.000607944;0.0015163;0.00126972;0.00045091;0.000192269;0.000137157;0.00225131;0.000231565;
40;1024;1024;measure;scatter;0.212067;0.203213;0.00884784;0.000337695;0.00258648;0.00153453;0.000458643;0.000166054;0.000110755;0.00343202;0.000221666;
40;1024;1024;measure;scatter;0.211176;0.203463;0.00770842;0.000262113;0.00267162;0.0012858;0.000479349;0.00019419;0.000109496;0.00247724;0.000228601;
40;1024;1024;measure;scatter;0.209703;0.202772;0.00692506;0.000686332;0.00159361;0.00129645;0.000480246;0.000186097;0.000108973;0.00236378;0.000209574;
40;1024;1024;measure;scatter;0.20999;0.202903;0.00708038;0.00231704;0.000148505;0.00113327;0.000202729;0.000198192;0.000113523;0.00273115;0.000235963;
40;1024;1024;measure;scatter;0.210373;0.202635;0.00773254;0.000227672;0.000146559;0.00409797;0.000243213;0.000180468;0.00011616;0.00249183;0.000228665;
40;1024;1024;measure;scatter;0.210532;0.202946;0.00757898;0.000256977;0.000140941;0.00435101;0.000201608;0.000183077;0.000113219;0.00208568;0.000246459;
40;1024;1024;measure;scatter;0.204612;0.19817;0.00643616;0.0002626;0.000151032;0.00285546;0.00021991;0.000167924;0.000127802;0.00245416;0.00019728;
40;1024;1024;measure;scatter;0.21134;0.203648;0.00768681;0.000235043;0.00273404;0.00156513;0.000221435;0.00018566;0.000104883;0.00241177;0.000228846;
40;1024;1024;measure;scatter;0.210511;0.203236;0.00727036;0.000694998;0.00183348;0.00160597;0.000259977;0.000158698;0.000108932;0.00239316;0.000215139;
40;1024;1024;measure;scatter;0.21124;0.197894;0.0133318;0.000166406;0.000144551;0.00912185;0.000223769;0.000184959;0.000112454;0.00315949;0.000218282;
40;1024;1024;measure;scatter;0.213068;0.202859;0.0102033;0.000260397;0.000140808;0.00323328;0.000196676;0.000197293;0.000123491;0.00579673;0.000254604;
40;1024;1024;measure;scatter;0.211268;0.202743;0.00851993;0.00018401;0.00012898;0.00458203;0.000202696;0.000231749;0.000125054;0.0028421;0.000223305;
40;1024;1024;measure;scatter;0.211813;0.202882;0.00892462;0.000261234;0.00291777;0.00158991;0.00022776;0.000190608;0.000133852;0.00338179;0.000221702;
40;1024;1024;measure;scatter;0.210781;0.197747;0.0130279;0.00018852;0.000147541;0.00971474;0.000197135;0.000193724;0.000135678;0.00223679;0.000213732;
40;1024;1024;measure;scatter;0.210511;0.197759;0.0127469;0.000185503;0.000141268;0.00911275;0.000220057;0.000178183;0.000126322;0.00255666;0.000226183;
40;1024;1024;measure;scatter;0.210461;0.20303;0.00742622;0.000236176;0.00101421;0.001489;0.000216332;0.000206038;0.000130454;0.00392508;0.000208927;
40;1024;1024;measure;scatter;0.245165;0.19866;0.0464999;0.000213364;0.000132299;0.039812;0.000245414;0.000179295;0.000106451;0.00558586;0.000225295;
40;1024;1024;measure;scatter;0.209598;0.202955;0.00663863;0.000275255;0.00183896;0.001242;0.000510734;0.000189343;0.000115177;0.00223145;0.000235711;
40;1024;1024;measure;scatter;0.21132;0.203487;0.0078286;0.00064493;0.00170339;0.00130835;0.000202103;0.000182677;0.000124956;0.00344589;0.000216307;
40;1024;1024;measure;scatter;0.211946;0.203239;0.00870187;0.000350564;0.00259814;0.00113903;0.000453133;0.000201521;0.000110309;0.00363549;0.000213677;
40;1024;1024;measure;scatter;0.21054;0.203069;0.00746521;0.000192763;0.000141183;0.00383064;0.000235429;0.000202305;0.000107373;0.00251809;0.000237434;
40;1024;1024;measure;scatter;0.211554;0.20318;0.00836861;0.000247975;0.00277821;0.00155608;0.000481349;0.000191722;0.000122719;0.00277814;0.0002124;
40;1024;1024;measure;scatter;0.210461;0.203402;0.00705299;0.000218368;0.0001429;0.00298221;0.000194337;0.000223621;0.000131194;0.00293991;0.000220444;
40;1024;1024;measure;scatter;0.211106;0.203063;0.00803718;0.000234587;0.000137699;0.00353842;0.000208663;0.000197258;0.000129464;0.00336517;0.000225913;
40;1024;1024;measure;scatter;0.206193;0.197761;0.00841877;0.00020874;0.000137628;0.00542869;0.000195027;0.000183336;0.000113989;0.00191934;0.00023202;
40;1024;1024;measure;scatter;0.210964;0.203714;0.00724005;0.000377065;0.000147653;0.00351859;0.000196368;0.000171596;0.000111755;0.00249775;0.000219274;
40;1024;1024;measure;scatter;0.210224;0.202739;0.00747961;0.000218188;0.000139664;0.00391983;0.000204734;0.000183452;0.000123442;0.00246;0.0002303;
40;1024;1024;measure;scatter;0.209825;0.202904;0.00691617;0.000282302;0.000137259;0.00359711;0.000209694;0.000181986;0.000107309;0.00218996;0.000210544;
40;1024;1024;measure;scatter;0.211507;0.203005;0.00849704;0.000182002;0.00276503;0.00131603;0.000489059;0.000178111;0.00011911;0.0032158;0.000231888;
40;1024;1024;measure;scatter;0.210128;0.202927;0.00719453;0.000245428;0.00200456;0.00119726;0.000581101;0.000160934;0.000126831;0.00268817;0.000190252;
40;1024;1024;measure;scatter;0.204727;0.198663;0.00606055;0.000943266;0.000451235;0.0012346;0.000530031;0.000156682;0.000108873;0.0024312;0.000204654;
40;1024;1024;measure;scatter;0.211099;0.202767;0.00832765;0.000223122;0.000145732;0.0039226;0.000209743;0.000176556;0.000115671;0.00332975;0.000204475;
40;1024;1024;measure;scatter;0.211586;0.202949;0.00863285;0.000275989;0.00258373;0.00128524;0.000195141;0.000195826;0.000131065;0.00374487;0.000220984;
40;1024;1024;measure;scatter;0.205055;0.197759;0.00729192;0.000187522;0.000130625;0.00416506;0.000229343;0.000205832;0.000109807;0.00202475;0.000238973;
40;1024;1024;measure;scatter;0.209041;0.202923;0.00611257;0.000227091;0.000133305;0.00269593;0.000212141;0.000606185;0.000119144;0.00190802;0.000210757;
40;1024;1024;measure;scatter;0.210069;0.19818;0.0118833;0.000209863;0.000130268;0.00861099;0.00020978;0.000162754;0.000127416;0.00215665;0.000275573;
40;1024;1024;measure;scatter;0.210194;0.198135;0.0120554;0.000236775;0.000150812;0.00820984;0.000180643;0.000172696;0.000122125;0.00279392;0.000188579;
40;1024;1024;measure;scatter;0.210777;0.203247;0.00752674;0.000220872;0.00269241;0.00125011;0.000457263;0.000198673;0.000123958;0.00237147;0.000211973;
40;2048;2048;measure;scatter;0.299773;0.276035;0.0237335;0.00051363;0.00529671;0.00387462;0.000999012;0.000525827;0.000554653;0.0112287;0.000740421;
40;2048;2048;measure;scatter;0.299655;0.270487;0.0291521;0.000496671;0.000585852;0.01502;0.000912707;0.000494384;0.000492363;0.010398;0.00075207;
40;2048;2048;measure;scatter;0.302208;0.274513;0.0276871;0.000544922;0.00063675;0.0151678;0.000908691;0.000494679;0.000509644;0.00873819;0.000686455;
40;2048;2048;measure;scatter;0.304056;0.280554;0.0234952;0.000698258;0.00505201;0.0039497;0.000839046;0.000579221;0.000517822;0.0111043;0.000754853;
40;2048;2048;measure;scatter;0.30018;0.277148;0.0230249;0.000572877;0.00491665;0.00381538;0.000892066;0.000534183;0.00057814;0.0109549;0.000760695;
40;2048;2048;measure;scatter;0.308472;0.285658;0.0228065;0.000533416;0.00519887;0.00347105;0.000836058;0.000641654;0.000533054;0.010819;0.000773416;
40;2048;2048;measure;scatter;0.298358;0.275268;0.0230821;0.00048516;0.00056561;0.00936969;0.00077852;0.00052982;0.000540617;0.0100427;0.000770024;
40;2048;2048;measure;scatter;0.299644;0.270363;0.0292741;0.000513557;0.000723589;0.015094;0.00118917;0.000524826;0.00049645;0.00997131;0.000761197;
40;2048;2048;measure;scatter;0.297944;0.2758;0.0221301;0.000487189;0.000560386;0.00865307;0.000781572;0.000494809;0.000614947;0.00967827;0.000859829;
40;2048;2048;measure;scatter;0.298484;0.270878;0.0275977;0.000508942;0.000608132;0.0142397;0.000782388;0.000494766;0.000530591;0.00963174;0.000801518;
40;2048;2048;measure;scatter;0.292061;0.270993;0.0210624;0.000517437;0.000628253;0.00794206;0.000854807;0.000559466;0.000597469;0.00909433;0.000868581;
40;2048;2048;measure;scatter;0.297194;0.274669;0.0225166;0.000544288;0.00507051;0.0033642;0.000848062;0.000510521;0.000638991;0.010787;0.000753049;
40;2048;2048;measure;scatter;0.297896;0.275961;0.0219272;0.000548796;0.00532445;0.00346911;0.000877299;0.000627178;0.000625425;0.00973195;0.000723038;
40;2048;2048;measure;scatter;0.295863;0.275317;0.020537;0.000547755;0.000636278;0.00785493;0.000830583;0.000507036;0.000635954;0.00871249;0.00081203;
40;2048;2048;measure;scatter;0.300614;0.275756;0.024852;0.000575325;0.00602239;0.00392574;0.000954007;0.000506671;0.00065665;0.0113719;0.000839311;
40;2048;2048;measure;scatter;0.298888;0.27595;0.0229322;0.000533273;0.00062378;0.00886254;0.000838478;0.00054051;0.000602399;0.0101332;0.00079809;
40;2048;2048;measure;scatter;0.297903;0.275674;0.0222236;0.000516124;0.000572887;0.00926902;0.000828049;0.000618866;0.000600047;0.00900759;0.00081106;
40;2048;2048;measure;scatter;0.296238;0.276657;0.0195747;0.000522851;0.00332116;0.00332521;0.00104137;0.000627416;0.000599255;0.00933549;0.000801917;
40;2048;2048;measure;scatter;0.29779;0.275019;0.0227652;0.000482592;0.000544662;0.00823145;0.000902147;0.000502152;0.00062781;0.0106675;0.000806795;
40;2048;2048;measure;scatter;0.295116;0.275114;0.0199948;0.000533988;0.000733975;0.0069227;0.000902335;0.000480455;0.000502681;0.00909403;0.000824597;
40;2048;2048;measure;scatter;0.291656;0.270465;0.0211838;0.000527848;0.0007237;0.00758267;0.000840538;0.00050591;0.000523262;0.00965325;0.000826593;
40;2048;2048;measure;scatter;0.297015;0.275791;0.0212162;0.000904187;0.00387833;0.00381998;0.000967755;0.000503379;0.000570314;0.00982548;0.000746814;
40;2048;2048;measure;scatter;0.293415;0.272539;0.0208693;0.00052508;0.000673325;0.00775353;0.000885308;0.000544088;0.000534259;0.00921794;0.000735769;
40;2048;2048;measure;scatter;0.296599;0.275473;0.0211187;0.000562853;0.000657099;0.00796529;0.000834006;0.000582868;0.000581998;0.00920196;0.000732646;
40;2048;2048;measure;scatter;0.299954;0.275979;0.023969;0.000559123;0.00560694;0.00390121;0.000870107;0.000548161;0.000581854;0.0110603;0.000841251;
40;2048;2048;measure;scatter;0.302033;0.280522;0.0215035;0.000889765;0.00419317;0.00386413;0.00088643;0.000554726;0.000663804;0.00975102;0.000700453;
40;2048;2048;measure;scatter;0.303761;0.274899;0.028856;0.000485021;0.000559927;0.0163563;0.000787242;0.000499371;0.000516295;0.00884621;0.000805588;
40;2048;2048;measure;scatter;0.298906;0.270029;0.0288717;0.000518826;0.000656291;0.0161952;0.000867009;0.00047217;0.00053235;0.00887769;0.000752214;
40;2048;2048;measure;scatter;0.298018;0.27583;0.0221816;0.000500818;0.000671556;0.00803441;0.000958068;0.000490275;0.000513744;0.0102249;0.000787898;
40;2048;2048;measure;scatter;0.297949;0.275896;0.0220453;0.00053441;0.0052665;0.0037941;0.000884821;0.000508769;0.000583146;0.00974919;0.000724375;
40;2048;2048;measure;scatter;0.307838;0.27474;0.033091;0.000539013;0.00065232;0.0192233;0.000862605;0.000532084;0.000504477;0.0100614;0.000715801;
40;2048;2048;measure;scatter;0.296328;0.275433;0.0208869;0.00053767;0.000634003;0.00761649;0.000850146;0.000513557;0.00060442;0.00935504;0.00077557;
40;2048;2048;measure;scatter;0.298915;0.275566;0.0233434;0.000563334;0.00416136;0.00369872;0.00108741;0.000554527;0.000679913;0.0118662;0.000731924;
40;2048;2048;measure;scatter;0.294959;0.274182;0.0207699;0.000517182;0.000636526;0.00854689;0.000806869;0.00052357;0.000585763;0.00844299;0.000710117;
40;2048;2048;measure;scatter;0.297987;0.275332;0.0226481;0.000533799;0.000664272;0.0084179;0.000916085;0.000580565;0.000594623;0.0102348;0.000706002;
40;2048;2048;measure;scatter;0.297679;0.275441;0.0222315;0.000527236;0.000676974;0.0084181;0.000868994;0.000521034;0.00054193;0.00992105;0.000756226;
40;2048;2048;measure;scatter;0.296925;0.275197;0.0217218;0.000566481;0.00523684;0.00353663;0.00086815;0.00063631;0.000605388;0.00937572;0.000896276;
40;2048;2048;measure;scatter;0.29724;0.275013;0.0222199;0.00090009;0.0046795;0.0032854;0.000974222;0.000599463;0.000562026;0.0104101;0.000809138;
40;2048;2048;measure;scatter;0.300667;0.275612;0.0250476;0.000527165;0.000677465;0.00880677;0.000855722;0.000566394;0.000609011;0.0122833;0.000721706;
40;2048;2048;measure;scatter;0.298388;0.275804;0.0225779;0.00247165;0.000622545;0.00441599;0.00125465;0.000520151;0.000587565;0.0119142;0.000791089;
40;2048;2048;measure;scatter;0.304121;0.270957;0.0331576;0.000507511;0.000548707;0.0199994;0.000926023;0.000506739;0.000516418;0.00942447;0.000728357;
40;2048;2048;measure;scatter;0.305239;0.280187;0.0250458;0.000541269;0.00529212;0.00352495;0.00133116;0.000554977;0.000665192;0.0123847;0.000751481;
40;2048;2048;measure;scatter;0.2966;0.275434;0.0211594;0.000474335;0.000671255;0.00784603;0.000882755;0.000556159;0.000573039;0.00940297;0.000752905;
40;2048;2048;measure;scatter;0.299842;0.274937;0.0248972;0.000567519;0.00522299;0.00295906;0.000818475;0.000650011;0.000618864;0.0133378;0.00072246;
40;2048;2048;measure;scatter;0.295726;0.275468;0.0202495;0.000541335;0.000668965;0.00726864;0.000758281;0.000558773;0.000581148;0.00910209;0.000770239;
40;2048;2048;measure;scatter;0.312551;0.278986;0.0335565;0.000547256;0.000651043;0.0191581;0.00090649;0.000497518;0.000521216;0.0105224;0.000752501;
40;2048;2048;measure;scatter;0.304471;0.282369;0.0220961;0.000528352;0.00514756;0.00349344;0.00120669;0.000635258;0.000648859;0.00962816;0.000807827;
40;2048;2048;measure;scatter;0.298641;0.270172;0.0284623;0.000517076;0.00064169;0.0144807;0.000998292;0.000532838;0.000588833;0.00981012;0.00089277;
40;2048;2048;measure;scatter;0.302749;0.275503;0.0272397;0.000539457;0.000643558;0.0135283;0.000813742;0.000507167;0.000501073;0.00998252;0.000723909;
40;2048;2048;measure;scatter;0.305277;0.283632;0.0216383;0.0011771;0.00437259;0.00345197;0.000894404;0.000605197;0.000541362;0.00979174;0.000803906;
40;4096;4096;measure;scatter;0.495475;0.408579;0.0868887;0.00270457;0.00336839;0.0257075;0.00497875;0.00269641;0.00312784;0.0403922;0.00391303;
40;4096;4096;measure;scatter;0.526767;0.408362;0.118397;0.00279607;0.00320518;0.0388259;0.00493656;0.00273227;0.00341613;0.0577862;0.00469851;
40;4096;4096;measure;scatter;0.528627;0.402618;0.125999;0.00279576;0.00326509;0.0469288;0.00500028;0.00278716;0.00308047;0.0577465;0.0043952;
40;4096;4096;measure;scatter;0.532339;0.408725;0.123603;0.00271902;0.00311131;0.0378591;0.00500756;0.00259795;0.00335631;0.0628506;0.00610147;
40;4096;4096;measure;scatter;0.534872;0.407546;0.127317;0.0028118;0.00321903;0.0507101;0.00462584;0.00263045;0.00337713;0.0545009;0.00544144;
40;4096;4096;measure;scatter;0.492409;0.403088;0.089313;0.00267283;0.00326082;0.0273779;0.00505635;0.00257497;0.0031883;0.0414318;0.00375006;
40;4096;4096;measure;scatter;0.502094;0.404017;0.0980533;0.00259543;0.00347004;0.0352479;0.00483439;0.00231859;0.00324299;0.0420782;0.00426587;
40;4096;4096;measure;scatter;0.499734;0.408186;0.0915385;0.00263536;0.00331969;0.0320252;0.00505392;0.00262746;0.00296852;0.0389961;0.00391224;
40;4096;4096;measure;scatter;0.501982;0.407923;0.0940495;0.00308468;0.0173853;0.0151503;0.00556897;0.00228972;0.00325527;0.0413295;0.00598584;
40;4096;4096;measure;scatter;0.503946;0.40781;0.0961279;0.00262358;0.00339098;0.0340134;0.00516605;0.00296901;0.00318047;0.0416666;0.00311784;
40;4096;4096;measure;scatter;0.514277;0.408047;0.106222;0.00289049;0.029164;0.021701;0.00514508;0.00263484;0.00309282;0.0376223;0.00397144;
40;4096;4096;measure;scatter;0.49677;0.409193;0.0875688;0.00273502;0.00318903;0.029328;0.00509712;0.00258062;0.00299183;0.0377784;0.00386869;
40;4096;4096;measure;scatter;0.509765;0.410075;0.0996815;0.00268651;0.00350177;0.0327481;0.00491678;0.00268346;0.00293511;0.0453091;0.00490063;
40;4096;4096;measure;scatter;0.535186;0.403737;0.131425;0.00275237;0.00332737;0.0589021;0.00527934;0.00244961;0.00314916;0.0513221;0.00424297;
40;4096;4096;measure;scatter;0.488879;0.408461;0.0804106;0.00266842;0.0161095;0.0131795;0.00499567;0.00262015;0.00311571;0.0335831;0.00413841;
40;4096;4096;measure;scatter;0.490943;0.407894;0.0830368;0.00272951;0.0176958;0.0131801;0.00478203;0.00287348;0.00302335;0.0339247;0.00482788;
40;4096;4096;measure;scatter;0.527736;0.40708;0.120647;0.00280475;0.00309171;0.0404027;0.00526069;0.00283814;0.0033457;0.0579607;0.00494245;
40;4096;4096;measure;scatter;0.49078;0.409401;0.0813683;0.00268867;0.00321023;0.0247194;0.00413088;0.00298652;0.0030861;0.0366017;0.00394473;
40;4096;4096;measure;scatter;0.520762;0.403961;0.116792;0.00267595;0.00339583;0.0514651;0.00467816;0.00236466;0.00311009;0.0451278;0.00397392;
40;4096;4096;measure;scatter;0.494524;0.403948;0.0905697;0.00255051;0.00318524;0.0335214;0.00441232;0.00271782;0.00318064;0.0373146;0.00368713;
40;4096;4096;measure;scatter;0.491584;0.409333;0.0822433;0.00266066;0.00344834;0.0286331;0.00473973;0.00255481;0.0030781;0.0331823;0.00394619;
40;4096;4096;measure;scatter;0.516633;0.407681;0.108945;0.00267371;0.00340841;0.034539;0.00451485;0.00246243;0.00308276;0.0545954;0.00366822;
40;4096;4096;measure;scatter;0.496495;0.408426;0.0880592;0.00264017;0.0154744;0.0152051;0.00419198;0.00264525;0.00303017;0.0401266;0.00474557;
40;4096;4096;measure;scatter;0.495532;0.408402;0.0871217;0.00273136;0.0160115;0.013174;0.00548012;0.00264806;0.00322898;0.0396506;0.0041971;
40;4096;4096;measure;scatter;0.50232;0.408438;0.0938747;0.00270127;0.00333838;0.0312064;0.00495539;0.00231342;0.00312504;0.0425609;0.00367386;
40;4096;4096;measure;scatter;0.515359;0.407453;0.107898;0.00279545;0.00326312;0.0317233;0.00440179;0.00236597;0.00308618;0.0553575;0.00490463;
40;4096;4096;measure;scatter;0.506084;0.409307;0.0967673;0.00280067;0.00331627;0.0314206;0.00451542;0.00248295;0.00311068;0.0447681;0.00435262;
40;4096;4096;measure;scatter;0.495536;0.402732;0.0927941;0.00261907;0.003245;0.0349069;0.00438752;0.00272738;0.00314187;0.0380383;0.00372801;
40;4096;4096;measure;scatter;0.510896;0.408576;0.102308;0.002732;0.00325825;0.040926;0.00479024;0.0028316;0.00340201;0.0401256;0.00424263;
40;4096;4096;measure;scatter;0.492119;0.406141;0.0859547;0.00263163;0.00310364;0.032182;0.00442786;0.00272567;0.00286432;0.0339768;0.00404287;
40;4096;4096;measure;scatter;0.527754;0.401837;0.125907;0.00278845;0.00315684;0.0464461;0.00502322;0.00307246;0.00321194;0.0577579;0.00445017;
40;4096;4096;measure;scatter;0.510137;0.410355;0.0997599;0.00266873;0.00319038;0.0287719;0.00518386;0.00237116;0.00307923;0.0502659;0.00422863;
40;4096;4096;measure;scatter;0.522094;0.407105;0.114979;0.00263405;0.00296997;0.0373105;0.00480204;0.00273568;0.0031805;0.0569167;0.00442953;
40;4096;4096;measure;scatter;0.502437;0.408113;0.0943145;0.00274807;0.00320739;0.0268858;0.00544569;0.00231854;0.00309455;0.0461918;0.00442265;
40;4096;4096;measure;scatter;0.533679;0.408357;0.125313;0.00270961;0.0328706;0.0212234;0.00492932;0.00280697;0.00305011;0.0530333;0.00468952;
40;4096;4096;measure;scatter;0.516557;0.410606;0.105942;0.00274858;0.00335585;0.031841;0.00488354;0.00252544;0.00321139;0.0525459;0.00483038;
40;4096;4096;measure;scatter;0.49432;0.408434;0.0858774;0.0028029;0.0165942;0.0127035;0.00484246;0.00240889;0.00314918;0.0383666;0.00500961;
40;4096;4096;measure;scatter;0.528852;0.401977;0.126866;0.00271995;0.00328169;0.0473135;0.00452998;0.00292967;0.00336609;0.0587754;0.00394943;
40;4096;4096;measure;scatter;0.500688;0.40403;0.0966474;0.00267676;0.0033217;0.035696;0.00516978;0.00225959;0.0032484;0.0404086;0.00386661;
40;4096;4096;measure;scatter;0.502956;0.408478;0.0944686;0.00315666;0.0198457;0.0133749;0.00494491;0.00242684;0.00305505;0.0420644;0.00560016;
40;4096;4096;measure;scatter;0.532401;0.407337;0.125055;0.00278231;0.00311451;0.0453429;0.00508279;0.0027867;0.0033713;0.0574175;0.00515751;
40;4096;4096;measure;scatter;0.499884;0.408409;0.0914501;0.00262011;0.0182539;0.0126815;0.00546616;0.00231742;0.00321937;0.0425822;0.00430955;
40;4096;4096;measure;scatter;0.498607;0.407832;0.0907655;0.00277886;0.00324994;0.0306539;0.00500977;0.00255936;0.00293541;0.0378071;0.0057712;
40;4096;4096;measure;scatter;0.498794;0.407042;0.0917429;0.00268655;0.00327187;0.0310864;0.00471606;0.00271727;0.00324215;0.0396797;0.00434302;
40;4096;4096;measure;scatter;0.506377;0.408239;0.0981281;0.00262073;0.00329192;0.0318959;0.00517752;0.00214693;0.00320746;0.0436961;0.00609153;
40;4096;4096;measure;scatter;0.495299;0.404466;0.090827;0.00259146;0.00324763;0.0323663;0.00443783;0.0027835;0.0030437;0.038423;0.00393359;
40;4096;4096;measure;scatter;0.489836;0.404254;0.0855721;0.0026241;0.00332856;0.0309226;0.00432897;0.0027555;0.00310872;0.0345611;0.00394253;
40;4096;4096;measure;scatter;0.497413;0.409025;0.0883772;0.00265133;0.00319357;0.0315197;0.00508276;0.00245929;0.00310053;0.0363285;0.00404146;
40;4096;4096;measure;scatter;0.496936;0.408757;0.0881689;0.00265805;0.0172954;0.0133417;0.00486892;0.00259667;0.00310233;0.0394081;0.00489766;
40;4096;4096;measure;scatter;0.495185;0.406475;0.088701;0.00279244;0.00334718;0.0299643;0.00529676;0.00244451;0.00317522;0.0376767;0.00400382;
40;8192;8192;measure;scatter;1.58304;1.03389;0.549141;0.0168324;0.0478884;0.168899;0.0260543;0.0131002;0.0136633;0.246812;0.0158908;
40;8192;8192;measure;scatter;1.53085;1.02567;0.50517;0.012768;0.0270097;0.198012;0.0264906;0.0133317;0.0134174;0.196132;0.018009;
40;8192;8192;measure;scatter;1.5681;1.0267;0.541387;0.0114814;0.0324553;0.194446;0.0254492;0.0129874;0.0133584;0.235598;0.0156114;
40;8192;8192;measure;scatter;1.51359;0.973136;0.54044;0.0134681;0.0324451;0.194798;0.0292315;0.0130257;0.0137491;0.224235;0.0194873;
40;8192;8192;measure;scatter;1.49007;1.01807;0.472;0.0166092;0.0176502;0.188514;0.0250964;0.012071;0.013401;0.179638;0.0190198;
40;8192;8192;measure;scatter;1.54379;1.02839;0.515396;0.0376649;0.0137695;0.151385;0.0234259;0.0131041;0.0134191;0.248487;0.0141417;
40;8192;8192;measure;scatter;1.52144;0.978512;0.542918;0.0124189;0.025305;0.201683;0.0267283;0.0123775;0.0132416;0.228868;0.0222961;
40;8192;8192;measure;scatter;1.52067;0.970897;0.549758;0.0134365;0.0556843;0.17223;0.0271044;0.0146804;0.01372;0.234393;0.018509;
40;8192;8192;measure;scatter;1.49635;0.977851;0.518489;0.0153572;0.0143922;0.151021;0.0293992;0.0137769;0.0132895;0.261256;0.0199973;
40;8192;8192;measure;scatter;1.52268;0.975801;0.546868;0.0126633;0.0289036;0.199346;0.0280212;0.0126526;0.0135059;0.228737;0.0230391;
40;8192;8192;measure;scatter;1.5046;0.972622;0.531967;0.0259376;0.0145365;0.201604;0.0267007;0.0128997;0.0133079;0.21487;0.0221111;
40;8192;8192;measure;scatter;1.53169;0.974182;0.557496;0.0149671;0.0253867;0.211055;0.0280268;0.013803;0.0135045;0.232115;0.0186383;
40;8192;8192;measure;scatter;1.52047;0.977261;0.543195;0.012694;0.0269103;0.20039;0.026747;0.0135691;0.0133448;0.22943;0.02011;
40;8192;8192;measure;scatter;1.49182;0.982318;0.509499;0.0123329;0.0258492;0.146825;0.0267008;0.0138593;0.0137258;0.250212;0.0199933;
40;8192;8192;measure;scatter;1.49573;0.971507;0.524211;0.0124344;0.0296079;0.19418;0.0258962;0.0129424;0.0133476;0.21608;0.0197233;
40;8192;8192;measure;scatter;1.52789;0.975145;0.552735;0.0128232;0.0293211;0.201783;0.0254275;0.013242;0.0135712;0.237331;0.0192357;
40;8192;8192;measure;scatter;1.55119;1.02514;0.526037;0.013024;0.0243813;0.203787;0.0251488;0.0131505;0.0135462;0.215959;0.0170398;
40;8192;8192;measure;scatter;1.53166;0.976743;0.554908;0.0129027;0.0275251;0.208313;0.0271392;0.0137057;0.0137208;0.229337;0.0222652;
40;8192;8192;measure;scatter;1.54471;0.979025;0.565677;0.0125165;0.02796;0.198193;0.0247682;0.0130113;0.0131327;0.252492;0.0236046;
40;8192;8192;measure;scatter;1.49296;0.969607;0.523341;0.0138344;0.0311094;0.193595;0.0292423;0.0137122;0.013578;0.210178;0.0180912;
40;8192;8192;measure;scatter;1.52286;0.978458;0.544397;0.0137764;0.0295347;0.204818;0.0260943;0.0128099;0.0141658;0.224783;0.0184149;
40;8192;8192;measure;scatter;1.54827;1.02858;0.519676;0.0409941;0.0132874;0.136117;0.0246266;0.0138357;0.0134822;0.260182;0.017151;
40;8192;8192;measure;scatter;1.53598;0.979952;0.55602;0.0141343;0.0235023;0.215296;0.0223851;0.0126333;0.0129718;0.231105;0.0239915;
40;8192;8192;measure;scatter;1.5487;1.02215;0.52654;0.0118174;0.0272811;0.19082;0.0269491;0.0139331;0.0136468;0.227785;0.0143079;
40;8192;8192;measure;scatter;1.56304;1.03127;0.531761;0.0155962;0.0302108;0.1622;0.0251661;0.0129198;0.0129181;0.256606;0.0161452;
40;8192;8192;measure;scatter;1.52586;1.02602;0.499826;0.0294957;0.0132266;0.152085;0.0237107;0.0130469;0.0132768;0.241345;0.0136389;
40;8192;8192;measure;scatter;1.52179;1.0288;0.492981;0.030854;0.0127549;0.150584;0.0258149;0.0132708;0.0130086;0.232895;0.0137993;
40;8192;8192;measure;scatter;1.56119;1.02566;0.535518;0.0120665;0.026214;0.197198;0.0265184;0.0135931;0.0135285;0.231925;0.0144741;
40;8192;8192;measure;scatter;1.56296;1.028;0.534949;0.0344895;0.0127898;0.183805;0.0261736;0.012972;0.013157;0.234661;0.016902;
40;8192;8192;measure;scatter;1.54096;0.976127;0.564828;0.014011;0.0279148;0.201264;0.0264879;0.0141824;0.0133516;0.245288;0.022329;
40;8192;8192;measure;scatter;1.53102;1.01988;0.511124;0.0138586;0.0418352;0.160229;0.0240704;0.0130722;0.0128629;0.228518;0.0166787;
40;8192;8192;measure;scatter;1.50174;0.97573;0.525998;0.0135087;0.0280317;0.137952;0.0309536;0.0140052;0.013081;0.265207;0.0232581;
40;8192;8192;measure;scatter;1.54249;1.02536;0.517114;0.0173104;0.0244705;0.193382;0.0261819;0.0128706;0.0128027;0.21165;0.0184458;
40;8192;8192;measure;scatter;1.49235;0.976077;0.516258;0.0136347;0.0265078;0.131322;0.0309645;0.0138729;0.0145434;0.262104;0.0233087;
40;8192;8192;measure;scatter;1.53858;0.975887;0.56268;0.0127256;0.0266248;0.209324;0.0273601;0.0138745;0.0132813;0.238515;0.0209741;
40;8192;8192;measure;scatter;1.51335;0.968034;0.545311;0.0117471;0.0401441;0.188167;0.0274226;0.013137;0.0133879;0.230932;0.0203736;
40;8192;8192;measure;scatter;1.4966;0.976656;0.519937;0.0127332;0.0468204;0.185016;0.0291951;0.0127185;0.0134661;0.198935;0.0210525;
40;8192;8192;measure;scatter;1.51357;0.964627;0.548931;0.0138263;0.0327724;0.201235;0.0323122;0.0135795;0.0133423;0.219044;0.0228188;
40;8192;8192;measure;scatter;1.52823;0.967951;0.560268;0.0134161;0.0300431;0.198057;0.0269438;0.0128727;0.0136968;0.242427;0.0228112;
40;8192;8192;measure;scatter;1.50522;0.974606;0.530608;0.013482;0.0225587;0.206132;0.028375;0.0133478;0.0136825;0.214702;0.0183278;
40;8192;8192;measure;scatter;1.49078;0.976469;0.514304;0.0145659;0.0235735;0.139306;0.0304371;0.0135652;0.0129585;0.257641;0.0222562;
40;8192;8192;measure;scatter;1.48736;0.978774;0.508562;0.01229;0.0203271;0.150828;0.0293798;0.0141344;0.0134412;0.246491;0.0216705;
40;8192;8192;measure;scatter;1.55712;1.02579;0.531319;0.0240417;0.0226711;0.182316;0.0260346;0.0131472;0.0134403;0.231926;0.0177426;
40;8192;8192;measure;scatter;1.50447;0.976706;0.527755;0.0116129;0.0131901;0.158578;0.0310744;0.0146262;0.0140761;0.260383;0.0242142;
40;8192;8192;measure;scatter;1.5423;1.03622;0.506063;0.0117558;0.0290618;0.196178;0.0262688;0.013379;0.0126982;0.201184;0.0155372;
40;8192;8192;measure;scatter;1.541;0.97479;0.566198;0.0125167;0.0248297;0.209276;0.0269633;0.0127383;0.0130794;0.245446;0.0213488;
40;8192;8192;measure;scatter;1.50627;0.97006;0.536203;0.014833;0.0241139;0.205893;0.0279604;0.0125053;0.0132956;0.216654;0.0209481;
40;8192;8192;measure;scatter;1.52456;0.97114;0.553407;0.0121544;0.0310831;0.202725;0.0264292;0.0125931;0.0137433;0.233719;0.0209602;
40;8192;8192;measure;scatter;1.50796;0.976124;0.53183;0.0138331;0.0270708;0.206496;0.0287111;0.0127507;0.0136075;0.208071;0.0212892;
40;8192;8192;measure;scatter;1.51758;0.980693;0.536878;0.0123734;0.0276442;0.207719;0.0259889;0.0121047;0.0132166;0.213783;0.0240479;
40;16384;16384;measure;scatter;5.47218;2.74309;2.72908;0.100642;0.0713466;0.887136;0.106519;0.0734439;0.0560508;0.940333;0.493606;
40;16384;16384;measure;scatter;4.58507;2.75345;1.83161;0.0934551;0.0509532;0.38706;0.103434;0.0630549;0.055909;0.959022;0.118721;
40;16384;16384;measure;scatter;4.78031;2.76865;2.01165;0.0954305;0.0508988;0.717291;0.110258;0.0562763;0.0559567;0.816369;0.109165;
40;16384;16384;measure;scatter;4.32331;2.743;1.58029;0.0901778;0.0515305;0.395938;0.10636;0.0665503;0.0573047;0.715871;0.0965624;
40;16384;16384;measure;scatter;4.50724;2.75343;1.75379;0.0940155;0.0512571;0.389374;0.102464;0.0589701;0.0536346;0.896287;0.107788;
40;16384;16384;measure;scatter;4.49217;2.75977;1.73239;0.0936205;0.0505877;0.439868;0.105186;0.0592211;0.0567182;0.820103;0.107087;
40;16384;16384;measure;scatter;4.90027;2.76769;2.13257;0.0927061;0.0544621;0.722793;0.11156;0.0562197;0.0575315;0.933373;0.103923;
40;16384;16384;measure;scatter;4.50794;2.76436;1.74357;0.0888747;0.0511981;0.388915;0.10362;0.0572539;0.0564333;0.887914;0.109364;
40;16384;16384;measure;scatter;4.49836;2.77141;1.72694;0.0935113;0.0504477;0.439844;0.103629;0.0557415;0.0567845;0.822813;0.104169;
40;16384;16384;measure;scatter;4.73366;2.71903;2.01462;0.102513;0.0855668;0.723081;0.10426;0.0744398;0.054572;0.76377;0.106423;
40;16384;16384;measure;scatter;4.40856;2.75828;1.65027;0.098169;0.052267;0.394585;0.103742;0.0643976;0.0558421;0.770968;0.110295;
40;16384;16384;measure;scatter;4.74647;2.71414;2.03232;0.110711;0.0531545;0.737438;0.0847046;0.0558162;0.0584104;0.82119;0.110893;
40;16384;16384;measure;scatter;4.48172;2.76581;1.7159;0.0871816;0.0517178;0.442257;0.106158;0.0551109;0.056124;0.804926;0.11242;
40;16384;16384;measure;scatter;4.4675;2.73318;1.7343;0.0844114;0.0514329;0.402828;0.106149;0.0680202;0.0557896;0.867356;0.0983169;
40;16384;16384;measure;scatter;4.72309;2.73387;1.98921;0.0946587;0.0504065;0.698635;0.109521;0.0564088;0.0572551;0.809337;0.112987;
40;16384;16384;measure;scatter;4.46031;2.73428;1.72602;0.0896921;0.0532091;0.388781;0.104043;0.0647183;0.0557431;0.862745;0.107089;
40;16384;16384;measure;scatter;4.45165;2.72595;1.72569;0.0885801;0.0516527;0.391826;0.104521;0.0576538;0.055787;0.87072;0.104947;
40;16384;16384;measure;scatter;4.40245;2.75233;1.65009;0.0900609;0.05118;0.44245;0.103923;0.0559941;0.0555132;0.753911;0.0970593;
40;16384;16384;measure;scatter;4.37853;2.73805;1.64046;0.0926169;0.0526145;0.399765;0.103342;0.0571802;0.0563761;0.771844;0.106723;
40;16384;16384;measure;scatter;4.52321;2.73005;1.79316;0.094061;0.0506732;0.439814;0.104819;0.073585;0.0569998;0.868493;0.104711;
40;16384;16384;measure;scatter;4.40959;2.78348;1.62609;0.0937835;0.0512836;0.395011;0.10391;0.0667388;0.0566864;0.746702;0.111977;
40;16384;16384;measure;scatter;4.35621;2.74203;1.61417;0.0918492;0.05084;0.392882;0.106097;0.0579592;0.0564833;0.746522;0.111539;
40;16384;16384;measure;scatter;4.68575;2.72004;1.9657;0.096457;0.0835743;0.670169;0.11309;0.0584728;0.0586107;0.773407;0.111919;
40;16384;16384;measure;scatter;4.48546;2.74711;1.73833;0.0937849;0.0510542;0.39417;0.104122;0.0562105;0.0552294;0.878164;0.105595;
40;16384;16384;measure;scatter;4.4708;2.73864;1.73215;0.0947438;0.0493603;0.438981;0.105102;0.0543832;0.0573457;0.823447;0.108786;
40;16384;16384;measure;scatter;4.50892;2.75391;1.75499;0.0943041;0.0516573;0.387403;0.103021;0.0621223;0.0564574;0.888848;0.11118;
40;16384;16384;measure;scatter;4.5741;2.76194;1.81215;0.0913636;0.0507049;0.440653;0.106754;0.0591818;0.0582447;0.89946;0.105784;
40;16384;16384;measure;scatter;4.51021;2.75882;1.75138;0.0881435;0.0511656;0.390677;0.10454;0.0672842;0.055838;0.889108;0.10462;
40;16384;16384;measure;scatter;4.34219;2.74076;1.60142;0.0920492;0.0504258;0.395198;0.104102;0.0650993;0.0558176;0.738467;0.100261;
40;16384;16384;measure;scatter;4.50636;2.73962;1.76673;0.0938043;0.0497366;0.388906;0.103332;0.0571896;0.0585663;0.903972;0.111221;
40;16384;16384;measure;scatter;4.47846;2.73636;1.74208;0.090406;0.0514045;0.387735;0.104575;0.0567572;0.0575693;0.877364;0.11627;
40;16384;16384;measure;scatter;4.5206;2.75711;1.76348;0.0942284;0.0506827;0.395176;0.105846;0.0570178;0.0566956;0.894092;0.10974;
40;16384;16384;measure;scatter;4.51294;2.75519;1.75773;0.0930984;0.0503836;0.393258;0.102757;0.0565811;0.0572157;0.897001;0.10744;
40;16384;16384;measure;scatter;4.52886;2.77005;1.75879;0.0919122;0.050378;0.387285;0.105339;0.0570836;0.0561492;0.903256;0.10739;
40;16384;16384;measure;scatter;4.6586;2.725;1.93359;0.0918013;0.0514097;0.71415;0.103252;0.0746313;0.0526076;0.730579;0.115158;
40;16384;16384;measure;scatter;4.50892;2.75218;1.75673;0.0898722;0.050549;0.38813;0.105508;0.0587553;0.0553136;0.904441;0.104164;
40;16384;16384;measure;scatter;4.71912;2.75783;1.96129;0.0893905;0.0521707;0.705792;0.111764;0.0568162;0.0560876;0.777722;0.111544;
40;16384;16384;measure;scatter;4.52299;2.74206;1.78092;0.094579;0.0500152;0.392902;0.105552;0.0573384;0.0567337;0.909769;0.11403;
40;16384;16384;measure;scatter;4.23013;2.751;1.47912;0.0889487;0.0509579;0.398213;0.106033;0.0779404;0.0563212;0.606787;0.0939217;
40;16384;16384;measure;scatter;4.40011;2.74661;1.65349;0.0905903;0.0528485;0.396895;0.105225;0.0568703;0.0555755;0.778936;0.116549;
40;16384;16384;measure;scatter;4.87464;2.7365;2.13813;0.0932671;0.0511937;0.698131;0.10735;0.058908;0.0557148;0.964971;0.108592;
40;16384;16384;measure;scatter;4.74485;2.73525;2.00959;0.0911114;0.0521876;0.704445;0.105831;0.0578491;0.0580333;0.826333;0.113797;
40;16384;16384;measure;scatter;4.74344;2.76174;1.98168;0.0920249;0.0543899;0.713411;0.102141;0.0721959;0.0576699;0.77741;0.112438;
40;16384;16384;measure;scatter;4.33997;2.75503;1.58493;0.0889135;0.0508356;0.385921;0.104203;0.0584396;0.0565703;0.73804;0.102006;
40;16384;16384;measure;scatter;4.52689;2.77218;1.7547;0.0882218;0.0524828;0.390166;0.104913;0.0608707;0.0559696;0.892264;0.109813;
40;16384;16384;measure;scatter;4.49683;2.78047;1.71634;0.0914634;0.0506138;0.377695;0.103431;0.0574901;0.0547238;0.873161;0.107765;
40;16384;16384;measure;scatter;4.46592;2.72796;1.73795;0.0918274;0.050962;0.389984;0.103901;0.0640432;0.0554577;0.876163;0.10561;
40;16384;16384;measure;scatter;4.77312;2.7713;2.00181;0.0959514;0.0518697;0.742445;0.106813;0.069854;0.0558413;0.776529;0.102508;
40;16384;16384;measure;scatter;4.40638;2.75772;1.64864;0.0973446;0.0523465;0.385103;0.105686;0.0576588;0.0563022;0.789285;0.104917;
40;16384;16384;measure;scatter;4.38026;2.75269;1.62756;0.0944156;0.0505094;0.385584;0.105982;0.0571982;0.058403;0.768855;0.10661;