n_threads;n_x;n_y;plan;comm_flag;total;initialization;fft_2d_total;first_fftw;first_split;first_comm;first_trans;second_fftw;second_split;second_comm;second_trans;
48;8;8;measure;scatter;0.00460257;0.00210445;0.00248033;6.3058e-05;4.2059e-05;0.000260528;0.000115496;6.5543e-05;7.6242e-05;0.00176129;9.612e-05;
48;8;8;measure;scatter;0.00316779;0.00162484;0.00151696;6.8398e-05;4.2319e-05;0.000766184;0.00010115;5.9872e-05;6.2517e-05;0.00032611;9.041e-05;
48;8;8;measure;scatter;0.00306431;0.00152181;0.0015313;7.8698e-05;4.31e-05;0.000790981;8.9057e-05;4.84e-05;4.0606e-05;0.000333044;0.000107411;
48;8;8;measure;scatter;0.00305569;0.00159449;0.00143165;6.6034e-05;3.3833e-05;0.000704138;9.5579e-05;5.2639e-05;3.8251e-05;0.000343934;9.7242e-05;
48;8;8;measure;scatter;0.00308238;0.00164945;0.00140149;6.2928e-05;4.3812e-05;0.000636281;0.00010713;6.906e-05;4.801e-05;0.000329216;0.000105057;
48;8;8;measure;scatter;0.00292679;0.00156432;0.00135107;5.9752e-05;3.192e-05;0.000679662;8.0891e-05;4.5836e-05;4.8451e-05;0.000328845;7.5712e-05;
48;8;8;measure;scatter;0.00314107;0.00151566;0.00159383;4.0566e-05;3.3212e-05;0.000853448;0.00013357;6.0854e-05;4.7088e-05;0.000316703;0.000108393;
48;8;8;measure;scatter;0.00280836;0.00158613;0.00120698;3.9243e-05;3.6318e-05;0.000567463;0.000105768;5.7688e-05;5.6996e-05;0.000246191;9.7312e-05;
48;8;8;measure;scatter;0.00274957;0.00154633;0.00119072;5.9441e-05;3.3773e-05;0.00056602;8.3676e-05;5.7087e-05;4.0536e-05;0.000255749;9.4437e-05;
48;8;8;measure;scatter;0.00310139;0.00139211;0.00169267;5.3711e-05;3.764e-05;0.000922908;8.4328e-05;5.2568e-05;4.238e-05;0.000392344;0.00010679;
48;8;8;measure;scatter;0.00291745;0.00140735;0.00148548;5.2308e-05;4.3993e-05;0.000786011;0.000104395;5.2228e-05;4.3051e-05;0.000294732;0.000108763;
48;8;8;measure;scatter;0.00289806;0.00174815;0.00114218;5.7037e-05;3.7229e-05;0.000490699;8.9969e-05;4.5184e-05;3.2401e-05;0.000306504;8.31551e-05;
48;8;8;measure;scatter;0.00290248;0.00150176;0.00138809;7.0162e-05;7.2275e-05;0.000648203;0.000128611;7.6022e-05;5.857e-05;0.000226424;0.000107822;
48;8;8;measure;scatter;0.00352602;0.00130254;0.00220646;6.8579e-05;3.8852e-05;0.00143053;9.2934e-05;5.6356e-05;4.4032e-05;0.000382747;9.2433e-05;
48;8;8;measure;scatter;0.00305471;0.00138873;0.00165123;6.2026e-05;4.9032e-05;0.000930752;0.000102332;5.6305e-05;5.4252e-05;0.00032086;7.5672e-05;
48;8;8;measure;scatter;0.00296236;0.00154265;0.00141007;5.875e-05;3.8021e-05;0.000630059;9.2534e-05;5.4021e-05;5.2628e-05;0.000361277;0.000122779;
48;8;8;measure;scatter;0.00290732;0.00135172;0.00153653;5.6646e-05;3.7971e-05;0.000914422;9.3345e-05;5.7397e-05;3.5517e-05;0.000245049;9.618e-05;
48;8;8;measure;scatter;0.00286113;0.00137124;0.00146586;4.273e-05;3.7571e-05;0.000785039;8.5069e-05;4.8631e-05;5.0375e-05;0.00033133;8.5119e-05;
48;8;8;measure;scatter;0.00276227;0.00155237;0.00119402;6.2848e-05;3.0537e-05;0.000489056;9.6861e-05;7.448e-05;5.1726e-05;0.000302457;8.6051e-05;
48;8;8;measure;scatter;0.00297618;0.00154355;0.00141487;6.6384e-05;3.722e-05;0.000597408;0.000103434;6.2757e-05;5.0535e-05;0.000393336;0.000103794;
48;8;8;measure;scatter;0.00295994;0.00160013;0.00133616;4.6668e-05;4.6056e-05;0.000612627;0.000114364;5.338e-05;4.9112e-05;0.000332763;8.1192e-05;
48;8;8;measure;scatter;0.0029708;0.00153187;0.00141931;5.368e-05;4.4253e-05;0.000656449;8.8686e-05;4.796e-05;4.6216e-05;0.000382056;0.000100007;
48;8;8;measure;scatter;0.00281611;0.00151346;0.00127683;5.7007e-05;3.183e-05;0.000574525;0.000101901;6.1976e-05;4.3471e-05;0.000313547;9.2573e-05;
48;8;8;measure;scatter;0.00284481;0.00199557;0.000830966;0.000103604;4.9072e-05;0.0001072;8.2795e-05;4.9403e-05;3.4444e-05;0.000320841;8.3607e-05;
48;8;8;measure;scatter;0.00287022;0.00153745;0.00131074;4.9192e-05;4.0726e-05;0.000649185;8.1253e-05;3.3392e-05;4.0356e-05;0.000327052;8.9588e-05;
48;8;8;measure;scatter;0.00280947;0.00153633;0.00126369;6.25669e-05;4.2931e-05;0.000623687;9.9186e-05;6.0674e-05;5.1025e-05;0.000232275;9.1341e-05;
48;8;8;measure;scatter;0.00285456;0.00150538;0.00132896;6.4631e-05;3.5657e-05;0.000626493;9.0529e-05;3.2942e-05;5.3149e-05;0.000327874;9.7683e-05;
48;8;8;measure;scatter;0.00286855;0.00165281;0.00119303;5.4602e-05;3.6709e-05;0.000497371;0.0001016;6.1585e-05;5.3611e-05;0.000300292;8.7263e-05;
48;8;8;measure;scatter;0.00281569;0.00138931;0.0014067;6.928e-05;4.3642e-05;0.000605713;9.1812e-05;4.784e-05;5.0855e-05;0.000391643;0.000105919;
48;8;8;measure;scatter;0.00272726;0.00168799;0.0010296;6.3599e-05;3.5256e-05;0.000396081;0.000128942;4.7098e-05;2.8994e-05;0.000257442;7.2185e-05;
48;8;8;measure;scatter;0.00343096;0.00140292;0.00200853;7.5772e-05;5.9612e-05;0.00123845;0.000134812;6.8389e-05;4.5695e-05;0.00027792;0.000107882;
48;8;8;measure;scatter;0.00276734;0.00138193;0.00137668;6.0403e-05;3.9905e-05;0.000693779;0.000105397;8.025e-05;5.0164e-05;0.000247494;9.9285e-05;
48;8;8;measure;scatter;0.0139147;0.011804;0.00208511;5.9501e-05;4.1317e-05;0.00138051;9.4737e-05;4.6858e-05;4.6657e-05;0.000332182;8.3346e-05;
48;8;8;measure;scatter;0.00278284;0.00127487;0.00149908;5.6375e-05;3.3754e-05;0.00082825;7.8066e-05;5.2769e-05;4.6076e-05;0.00030951;9.4276e-05;
48;8;8;measure;scatter;0.00288013;0.00204094;0.000818031;5.4141e-05;4.4864e-05;9.576e-05;9.4126e-05;4.4834e-05;3.3172e-05;0.000364242;8.6892e-05;
48;8;8;measure;scatter;0.002801;0.00132218;0.00145598;6.1636e-05;4.3972e-05;0.00074788;9.6841e-05;3.5848e-05;5.891e-05;0.000337762;7.3127e-05;
48;8;8;measure;scatter;0.00275697;0.00158805;0.0011547;6.2947e-05;3.8212e-05;0.000498623;9.2484e-05;4.7498e-05;4.1598e-05;0.000299521;7.3818e-05;
48;8;8;measure;scatter;0.00277595;0.00158535;0.00117978;6.60431e-05;5.1858e-05;0.000441466;9.1251e-05;5.8499e-05;5.4042e-05;0.000307415;0.000109204;
48;8;8;measure;scatter;0.00294351;0.00154048;0.00138193;6.441e-05;5.7478e-05;0.000663793;9.1261e-05;3.9964e-05;3.9424e-05;0.000312014;0.000113583;
48;8;8;measure;scatter;0.00289649;0.00156758;0.00130312;5.4132e-05;4.0115e-05;0.000531585;8.569e-05;8.7063e-05;5.8781e-05;0.0003527;9.3054e-05;
48;8;8;measure;scatter;0.00279461;0.00153437;0.00124249;4.5255e-05;3.2731e-05;0.000543247;8.2926e-05;4.1678e-05;3.6207e-05;0.000364412;9.603e-05;
48;8;8;measure;scatter;0.00298855;0.0016378;0.00132674;5.4111e-05;4.798e-05;0.000601015;0.000102953;5.5333e-05;3.1459e-05;0.000335979;9.7913e-05;
48;8;8;measure;scatter;0.00287921;0.00140452;0.00146644;5.6225e-05;3.5837e-05;0.000754192;9.5779e-05;5.0174e-05;4.3532e-05;0.000333564;9.7142e-05;
48;8;8;measure;scatter;0.00294536;0.00136484;0.00155219;5.9371e-05;3.8071e-05;0.000869178;0.000120285;5.2929e-05;4.1277e-05;0.000283781;8.7294e-05;
48;8;8;measure;scatter;0.00293639;0.00128764;0.00163165;7.496e-05;3.8532e-05;0.000940701;0.000103644;4.9202e-05;4.4624e-05;0.000284282;9.5709e-05;
48;8;8;measure;scatter;0.00277061;0.00160142;0.00115167;4.7028e-05;4.4814e-05;0.00043819;0.00011212;5.351e-05;2.3344e-05;0.000346328;8.6332e-05;
48;8;8;measure;scatter;0.0028946;0.00147317;0.00139428;5.8389e-05;4.6317e-05;0.000607517;8.6963e-05;4.0766e-05;4.275e-05;0.000365044;0.000146534;
48;8;8;measure;scatter;0.00277108;0.00145672;0.00130428;6.0043e-05;4.0105e-05;0.000580487;8.4678e-05;5.0555e-05;4.6276e-05;0.000349555;9.2583e-05;
48;8;8;measure;scatter;0.00275263;0.00189864;0.000847115;6.0823e-05;3.6909e-05;0.000145553;8.1002e-05;5.873e-05;5.3079e-05;0.000302536;0.000108483;
48;8;8;measure;scatter;0.00299057;0.00146288;0.0015049;5.6245e-05;3.9594e-05;0.000852015;0.000100348;5.883e-05;4.4083e-05;0.000255428;9.8354e-05;
48;16;16;measure;scatter;0.00270233;0.00164876;0.00103313;7.3087e-05;4.3211e-05;0.000318717;0.00010706;4.8631e-05;4.1688e-05;0.000310802;8.9938e-05;
48;16;16;measure;scatter;0.00310598;0.00126371;0.00182877;5.7898e-05;4.1438e-05;0.00102155;0.000101911;5.9401e-05;4.0426e-05;0.000411651;9.4496e-05;
48;16;16;measure;scatter;0.00288806;0.00122848;0.00165223;5.3781e-05;4.7108e-05;0.000821759;8.8566e-05;6.1575e-05;5.4031e-05;0.000426869;9.8545e-05;
48;16;16;measure;scatter;0.00296103;0.00135162;0.00158114;5.4462e-05;4.2389e-05;0.000749523;9.1211e-05;4.5465e-05;6.5703e-05;0.000433211;9.9176e-05;
48;16;16;measure;scatter;0.00311302;0.00153419;0.00156018;6.6675e-05;3.6098e-05;0.000796641;8.4348e-05;5.884e-05;5.2308e-05;0.000375503;8.9768e-05;
48;16;16;measure;scatter;0.00279116;0.00158023;0.0011924;6.3158e-05;3.9274e-05;0.000456555;9.7592e-05;6.1936e-05;4.81e-05;0.000335488;9.0299e-05;
48;16;16;measure;scatter;0.0029042;0.00173607;0.00115132;5.7678e-05;3.8672e-05;0.000340758;0.000111208;5.5595e-05;3.4765e-05;0.00042195;9.0689e-05;
48;16;16;measure;scatter;0.00287693;0.00138722;0.00147346;5.4612e-05;4.4864e-05;0.000604582;0.000125585;3.9645e-05;4.0025e-05;0.000472825;9.1321e-05;
48;16;16;measure;scatter;0.00300651;0.00146038;0.00153753;6.5552e-05;4.0817e-05;0.000722082;8.9297e-05;3.9053e-05;4.7659e-05;0.000445995;8.7073e-05;
48;16;16;measure;scatter;0.00289015;0.00131504;0.0015574;6.912e-05;4.4673e-05;0.000840163;9.9126e-05;5.0464e-05;4.4624e-05;0.000318206;9.102e-05;
48;16;16;measure;scatter;0.0032803;0.00136868;0.00190256;5.9531e-05;4.9312e-05;0.000958765;8.6963e-05;5.5835e-05;3.9844e-05;0.000542396;0.000109915;
48;16;16;measure;scatter;0.00400517;0.00126264;0.00271153;5.6145e-05;3.8282e-05;0.00188541;8.6662e-05;5.6035e-05;5.6506e-05;0.000429233;0.000103254;
48;16;16;measure;scatter;0.00266206;0.0015385;0.00110991;5.5824e-05;9.9026e-05;0.000290553;0.000107772;5.9241e-05;4.5716e-05;0.000359332;9.2443e-05;
48;16;16;measure;scatter;0.00280637;0.00128107;0.0015138;5.2458e-05;4.1538e-05;0.000818302;9.3755e-05;5.8279e-05;4.7409e-05;0.000326111;7.5952e-05;
48;16;16;measure;scatter;0.00280313;0.00129554;0.00149825;5.6756e-05;3.738e-05;0.000727562;8.4067e-05;4.815e-05;5.8169e-05;0.000382657;0.000103513;
48;16;16;measure;scatter;0.00275665;0.00153316;0.00121415;5.0034e-05;4.0566e-05;0.000473639;8.509e-05;4.6928e-05;4.1738e-05;0.000405571;7.0583e-05;
48;16;16;measure;scatter;0.00284349;0.00155164;0.00126978;7.0973e-05;4.3552e-05;0.000541405;9.3877e-05;4.2099e-05;5.07651e-05;0.000331792;9.5319e-05;
48;16;16;measure;scatter;0.00275777;0.00137981;0.00136035;5.1517e-05;5.1817e-05;0.00055985;0.000100359;5.5564e-05;4.1658e-05;0.000408436;9.1152e-05;
48;16;16;measure;scatter;0.00297224;0.00135404;0.0016009;7.2195e-05;4.6137e-05;0.000774343;0.000100679;6.413e-05;4.1187e-05;0.000400912;0.000101321;
48;16;16;measure;scatter;0.00288901;0.00146129;0.00141383;6.1966e-05;4.3051e-05;0.000611097;9.31949e-05;5.5614e-05;4.5365e-05;0.00042088;8.2665e-05;
48;16;16;measure;scatter;0.00341457;0.00205131;0.00135383;5.3631e-05;4.7619e-05;0.000353844;9.5389e-05;4.0867e-05;5.309e-05;0.00061847;9.0921e-05;
48;16;16;measure;scatter;0.00348364;0.00159401;0.00188018;7.2897e-05;4.3732e-05;0.000944682;0.000104567;5.328e-05;5.2969e-05;0.000495149;0.000112902;
48;16;16;measure;scatter;0.00309974;0.0014344;0.001643;6.5363e-05;4.0215e-05;0.000862068;8.6622e-05;4.9834e-05;4.7318e-05;0.000400702;9.0881e-05;
48;16;16;measure;scatter;0.00309845;0.00175665;0.00133292;5.3942e-05;5.0434e-05;0.000497263;0.000115186;6.0294e-05;7.3347e-05;0.000388259;9.4197e-05;
48;16;16;measure;scatter;0.00294084;0.00144515;0.00148651;5.0344e-05;4.8912e-05;0.00069276;0.000110087;6.0193e-05;5.0675e-05;0.000390943;8.2595e-05;
48;16;16;measure;scatter;0.00278763;0.00135132;0.00142639;7.3327e-05;3.9625e-05;0.000689814;9.6431e-05;5.0385e-05;4.6828e-05;0.000337533;9.2443e-05;
48;16;16;measure;scatter;0.00340755;0.00153618;0.00184839;5.3951e-05;3.5667e-05;0.00110564;9.0349e-05;3.6749e-05;3.5126e-05;0.000412153;7.8758e-05;
48;16;16;measure;scatter;0.00282971;0.00148242;0.00132985;6.0183e-05;3.7851e-05;0.000510407;9.5419e-05;4.6688e-05;5.1366e-05;0.00044735;8.05811e-05;
48;16;16;measure;scatter;0.00309623;0.00139361;0.00168777;6.398e-05;3.8562e-05;0.000876635;0.000113212;5.6276e-05;4.809e-05;0.000401083;8.9929e-05;
48;16;16;measure;scatter;0.00305566;0.00129789;0.00174752;6.6475e-05;4.26e-05;0.000960802;9.2434e-05;5.2569e-05;3.4144e-05;0.000430467;6.8028e-05;
48;16;16;measure;scatter;0.00299047;0.00148825;0.00148957;5.368e-05;4.9002e-05;0.00071407;9.08611e-05;5.7838e-05;4.0907e-05;0.000391164;9.2043e-05;
48;16;16;measure;scatter;0.00268136;0.00123063;0.00144163;6.3238e-05;4.0026e-05;0.000750959;0.000100378;3.97949e-05;4.811e-05;0.000310853;8.8266e-05;
48;16;16;measure;scatter;0.0026683;0.00175376;0.000900009;7.7335e-05;4.3312e-05;0.000137417;8.4749e-05;5.4082e-05;4.8e-05;0.000370155;8.4959e-05;
48;16;16;measure;scatter;0.00302723;0.00157897;0.00142425;6.7748e-05;3.5606e-05;0.000595127;9.2644e-05;4.6157e-05;4.1788e-05;0.000428384;0.000116799;
48;16;16;measure;scatter;0.00296961;0.00155806;0.00139189;8.1273e-05;4.6827e-05;0.000540334;0.000105268;4.7299e-05;5.4422e-05;0.000418986;9.7483e-05;
48;16;16;measure;scatter;0.00277398;0.00158663;0.00117314;4.8671e-05;3.3102e-05;0.000338646;9.3796e-05;5.358e-05;3.9264e-05;0.000476063;9.0019e-05;
48;16;16;measure;scatter;0.00297319;0.00131163;0.00165192;6.6936e-05;4.1568e-05;0.000850987;0.000100679;6.6094e-05;4.7699e-05;0.000389822;8.8135e-05;
48;16;16;measure;scatter;0.00277746;0.00132037;0.00144472;6.5663e-05;4.5736e-05;0.000665428;8.1614e-05;5.7017e-05;4.268e-05;0.000386505;0.000100078;
48;16;16;measure;scatter;0.00285389;0.00132364;0.00151848;5.9862e-05;4.5576e-05;0.000787187;8.6602e-05;6.6155e-05;5.4702e-05;0.000329098;8.9297e-05;
48;16;16;measure;scatter;0.0027215;0.00149899;0.00121458;5.0144e-05;3.9344e-05;0.000400481;9.7262e-05;5.7699e-05;5.2408e-05;0.000435778;8.1463e-05;
48;16;16;measure;scatter;0.00285918;0.0015155;0.00133358;5.855e-05;3.9204e-05;0.000595788;9.1552e-05;3.5356e-05;3.729e-05;0.000396554;7.9289e-05;
48;16;16;measure;scatter;0.00279329;0.00132333;0.00145325;6.7377e-05;4.7068e-05;0.00061284;0.000105047;6.1966e-05;3.7962e-05;0.000422182;9.8805e-05;
48;16;16;measure;scatter;0.00285209;0.00127175;0.00155491;5.8049e-05;3.2821e-05;0.000755558;0.000109656;6.6364e-05;4.274e-05;0.00041004;7.9679e-05;
48;16;16;measure;scatter;0.00267461;0.00133409;0.00132393;7.0081e-05;6.1816e-05;0.000535876;8.4158e-05;4.9432e-05;5.4373e-05;0.000379542;8.8656e-05;
48;16;16;measure;scatter;0.00303497;0.00213364;0.000888797;5.5794e-05;5.302e-05;5.7718e-05;9.3165e-05;5.4973e-05;3.9314e-05;0.000441989;9.2824e-05;
48;16;16;measure;scatter;0.00294347;0.00167638;0.00124556;5.6006e-05;3.8822e-05;0.000487695;7.973e-05;5.1437e-05;4.9022e-05;0.000382127;0.000100719;
48;16;16;measure;scatter;0.00266883;0.00132111;0.0013383;8.0642e-05;4.1297e-05;0.000575059;9.9557e-05;5.2238e-05;4.242e-05;0.000365686;8.1402e-05;
48;16;16;measure;scatter;0.0029214;0.00129394;0.00159373;6.1936e-05;4.3451e-05;0.000781356;6.878e-05;3.8211e-05;5.7067e-05;0.00046374;7.9189e-05;
48;16;16;measure;scatter;0.00275165;0.00129938;0.00144095;6.2216e-05;4.1148e-05;0.00073017;9.3766e-05;3.8692e-05;4.31211e-05;0.00035138;8.0461e-05;
48;16;16;measure;scatter;0.00360015;0.0014418;0.00212608;5.0484e-05;4.764e-05;0.00116799;0.000109896;6.9971e-05;4.0155e-05;0.000550313;8.9628e-05;
48;32;32;measure;scatter;0.0213199;0.0188011;0.00250413;7.3308e-05;5.6265e-05;0.00136727;7.8497e-05;4.6227e-05;4.8701e-05;0.000730281;0.000103584;
48;32;32;measure;scatter;0.0207362;0.0190515;0.00166616;7.1113e-05;4.8521e-05;0.000597982;0.000135294;5.0455e-05;8.2144e-05;0.000572735;0.000107912;
48;32;32;measure;scatter;0.020749;0.0188219;0.00191147;6.6635e-05;4.312e-05;0.000893798;0.000111028;4.0937e-05;4.2469e-05;0.000608071;0.000105408;
48;32;32;measure;scatter;0.0206951;0.0193711;0.00131672;8.509e-05;6.1075e-05;0.000379872;0.000110688;7.0843e-05;6.47311e-05;0.000451989;9.2433e-05;
48;32;32;measure;scatter;0.0207778;0.0190687;0.00169477;6.9571e-05;5.0625e-05;0.000724119;0.00010697;6.2398e-05;6.00221e-05;0.000518213;0.000102853;
48;32;32;measure;scatter;0.0210696;0.0189406;0.0021101;6.3489e-05;4.8621e-05;0.000629651;0.000102673;6.4952e-05;4.5044e-05;0.00107068;8.4989e-05;
48;32;32;measure;scatter;0.02071;0.01885;0.00184248;6.7426e-05;4.7489e-05;0.000840758;9.9907e-05;6.8549e-05;5.6466e-05;0.000573216;8.8666e-05;
48;32;32;measure;scatter;0.020998;0.0198328;0.00114923;8.3958e-05;4.4373e-05;8.6442e-05;0.000115577;6.923e-05;6.382e-05;0.000570621;0.000115206;
48;32;32;measure;scatter;0.0205465;0.0187164;0.00180265;6.2638e-05;5.1847e-05;0.000901742;9.2954e-05;6.3479e-05;7.3448e-05;0.000450916;0.000105628;
48;32;32;measure;scatter;0.0211902;0.0187815;0.00238842;6.4572e-05;4.7008e-05;0.0013634;0.00010642;6.2487e-05;4.1838e-05;0.000588685;0.000114014;
48;32;32;measure;scatter;0.0205987;0.0190504;0.00152564;6.8158e-05;4.1327e-05;0.000526177;0.00014347;6.34191e-05;6.431e-05;0.000510809;0.000107972;
48;32;32;measure;scatter;0.0207634;0.0190822;0.00167247;6.8418e-05;5.5364e-05;0.000752081;0.000112582;5.6726e-05;4.3772e-05;0.000475663;0.000107862;
48;32;32;measure;scatter;0.0208556;0.0188118;0.00202293;5.5494e-05;5.0715e-05;0.0010144;0.00010104;8.9177e-05;5.1657e-05;0.000559961;0.000100479;
48;32;32;measure;scatter;0.0205577;0.0188814;0.00166036;7.6403e-05;4.783e-05;0.000653606;9.4908e-05;6.4652e-05;3.8021e-05;0.000569388;0.000115557;
48;32;32;measure;scatter;0.020719;0.0190866;0.00161916;5.6837e-05;5.341e-05;0.00049588;0.00012216;7.1043e-05;5.1777e-05;0.000663946;0.000104105;
48;32;32;measure;scatter;0.0208453;0.0189937;0.00183714;7.2967e-05;5.1436e-05;0.000770496;0.000122099;5.4502e-05;4.6357e-05;0.000615816;0.000103464;
48;32;32;measure;scatter;0.0206812;0.0187599;0.00190017;6.0494e-05;5.7027e-05;0.00090612;0.000123301;8.1423e-05;6.0103e-05;0.000509636;0.000102062;
48;32;32;measure;scatter;0.0206371;0.0186849;0.00193825;6.1515e-05;4.5335e-05;0.00095921;0.000120927;4.791e-05;5.5444e-05;0.000543209;0.000104697;
48;32;32;measure;scatter;0.0210182;0.0199421;0.00105369;6.7046e-05;4.9292e-05;8.7114e-05;0.000103113;6.4561e-05;6.5132e-05;0.000511369;0.000106059;
48;32;32;measure;scatter;0.0205461;0.0189673;0.00156473;5.9361e-05;4.7289e-05;0.000585498;8.7023e-05;5.0244e-05;5.2659e-05;0.000574237;0.000108423;
48;32;32;measure;scatter;0.0206765;0.0190452;0.0016055;6.2808e-05;3.8903e-05;0.000593142;0.000113583;6.0524e-05;6.6274e-05;0.000576211;9.4056e-05;
48;32;32;measure;scatter;0.0207148;0.0189522;0.00174014;6.1846e-05;4.7298e-05;0.000625794;9.5499e-05;7.0111e-05;5.5234e-05;0.000654558;0.000129803;
48;32;32;measure;scatter;0.0205742;0.018964;0.00160038;6.2568e-05;4.3822e-05;0.000605886;0.000107953;6.395e-05;5.4392e-05;0.000560611;0.0001012;
48;32;32;measure;scatter;0.0206371;0.0188036;0.00181524;7.2436e-05;4.6778e-05;0.000774623;0.000103925;6.8979e-05;5.8029e-05;0.000594645;9.582e-05;
48;32;32;measure;scatter;0.0205843;0.019597;0.000972204;6.1606e-05;5.8469e-05;8.6833e-05;0.000138861;7.8938e-05;5.7317e-05;0.000379061;0.000111119;
48;32;32;measure;scatter;0.020536;0.0188763;0.00162891;7.5151e-05;4.25e-05;0.000625383;0.000100568;4.5436e-05;6.5593e-05;0.000573235;0.000101039;
48;32;32;measure;scatter;0.020636;0.0187664;0.00183595;7.6163e-05;5.4221e-05;0.000832462;8.006e-05;5.0314e-05;7.2246e-05;0.000573165;9.7322e-05;
48;32;32;measure;scatter;0.0206521;0.0188903;0.00175038;7.3668e-05;4.755e-05;0.00078393;0.000106109;5.5714e-05;5.1577e-05;0.000546255;8.558e-05;
48;32;32;measure;scatter;0.0204443;0.0190032;0.00142842;7.3658e-05;4.4273e-05;0.00050657;0.000100148;5.4272e-05;5.6305e-05;0.000503845;8.9348e-05;
48;32;32;measure;scatter;0.0208039;0.0188074;0.00197754;6.7306e-05;4.4784e-05;0.000962285;0.000103053;5.4943e-05;4.83e-05;0.000610636;8.6231e-05;
48;32;32;measure;scatter;0.0204619;0.018875;0.00157254;6.5984e-05;5.5374e-05;0.000591229;0.000100298;6.1275e-05;5.7417e-05;0.000539562;0.000101401;
48;32;32;measure;scatter;0.0204315;0.0190039;0.00140909;7.2846e-05;3.6849e-05;0.000504937;9.1482e-05;6.5142e-05;6.5413e-05;0.00046961;0.000102813;
48;32;32;measure;scatter;0.0206342;0.0189621;0.00165144;7.47e-05;5.3831e-05;0.000671139;0.000109666;6.0333e-05;5.6847e-05;0.000526036;9.8886e-05;
48;32;32;measure;scatter;0.0205436;0.0186896;0.00184523;6.4731e-05;4.6868e-05;0.000792276;9.2734e-05;5.0845e-05;3.4294e-05;0.0006559;0.000107582;
48;32;32;measure;scatter;0.0205774;0.0188171;0.00175097;6.2046e-05;3.6659e-05;0.000765726;9.9116e-05;6.1085e-05;6.0223e-05;0.000575148;9.0971e-05;
48;32;32;measure;scatter;0.0208371;0.0186426;0.00217466;5.8299e-05;5.0816e-05;0.00120033;0.000112421;6.35191e-05;6.00319e-05;0.000523663;0.000105578;
48;32;32;measure;scatter;0.020555;0.0191519;0.00138856;7.3208e-05;4.4313e-05;0.000504005;9.8625e-05;6.5202e-05;5.8249e-05;0.0004424;0.000102553;
48;32;32;measure;scatter;0.0206;0.0187513;0.00182553;5.8921e-05;4.8881e-05;0.000834986;0.000102392;6.0123e-05;6.2537e-05;0.000568256;8.9438e-05;
48;32;32;measure;scatter;0.0205902;0.0191192;0.00145548;7.7535e-05;4.1929e-05;0.000477075;0.000136055;6.0463e-05;4.5626e-05;0.000512912;0.000103885;
48;32;32;measure;scatter;0.0207647;0.01882;0.00191906;7.8317e-05;4.4834e-05;0.000824737;0.000122499;7.0994e-05;6.0603e-05;0.000603933;0.000113142;
48;32;32;measure;scatter;0.0206503;0.0189058;0.00173454;6.6775e-05;4.0836e-05;0.00076239;9.5018e-05;6.6545e-05;5.3771e-05;0.000563417;8.5791e-05;
48;32;32;measure;scatter;0.0204908;0.0190163;0.00146375;6.9781e-05;4.3782e-05;0.000487154;0.000120726;6.2177e-05;6.5974e-05;0.000518432;9.5729e-05;
48;32;32;measure;scatter;0.0206336;0.0188267;0.00178235;5.1327e-05;5.8379e-05;0.000808336;9.9737e-05;4.92921e-05;6.2989e-05;0.00055468;9.7613e-05;
48;32;32;measure;scatter;0.0215566;0.0187647;0.00278047;7.5121e-05;5.0695e-05;0.00166492;9.4787e-05;6.1546e-05;6.3128e-05;0.000669245;0.00010102;
48;32;32;measure;scatter;0.0205949;0.0188148;0.00176268;7.6293e-05;4.1648e-05;0.000727113;0.000118332;6.4772e-05;5.2318e-05;0.00056006;0.000122149;
48;32;32;measure;scatter;0.0207695;0.0190808;0.0016694;6.7727e-05;5.0434e-05;0.000643507;9.7864e-05;9.1822e-05;6.4962e-05;0.000553448;9.9637e-05;
48;32;32;measure;scatter;0.0207342;0.0188565;0.00186702;6.7196e-05;4.3532e-05;0.00088559;0.000100058;5.7819e-05;6.3118e-05;0.000535805;0.000113903;
48;32;32;measure;scatter;0.0205875;0.0191478;0.00142078;6.5062e-05;4.3201e-05;0.000396794;0.000105297;7.419e-05;5.9561e-05;0.000575029;0.00010165;
48;32;32;measure;scatter;0.0207527;0.0191093;0.00161783;7.1544e-05;5.856e-05;0.000526658;0.000105167;7.5662e-05;5.7959e-05;0.000618239;0.000104045;
48;32;32;measure;scatter;0.0211567;0.0189279;0.00221809;8.6852e-05;5.0004e-05;0.00121384;9.8765e-05;4.4804e-05;4.9894e-05;0.000568255;0.000105679;
48;64;64;measure;scatter;0.0396838;0.0380012;0.00166799;0.00014372;0.000109706;7.2706e-05;0.000164288;8.7073e-05;7.1013e-05;0.000873499;0.000145983;
48;64;64;measure;scatter;0.0391635;0.0373265;0.00182737;0.000103584;6.6966e-05;0.000275547;0.000144581;8.9608e-05;6.389e-05;0.000908734;0.000174457;
48;64;64;measure;scatter;0.0392786;0.0369494;0.00231763;0.000102672;6.0354e-05;0.000710242;0.000159028;8.2655e-05;6.3589e-05;0.00103;0.000109085;
48;64;64;measure;scatter;0.0392107;0.0370732;0.00212411;9.6e-05;7.431e-05;0.00069336;0.000129463;7.2646e-05;5.86101e-05;0.000881683;0.000118042;
48;64;64;measure;scatter;0.0393217;0.0378287;0.00147736;0.000100439;6.8809e-05;7.2275e-05;0.000144381;8.6232e-05;6.8468e-05;0.000844294;9.2463e-05;
48;64;64;measure;scatter;0.0407694;0.0368425;0.00390623;0.000111018;5.9542e-05;0.00229848;0.000130465;7.5782e-05;6.6735e-05;0.00104359;0.000120616;
48;64;64;measure;scatter;0.0393575;0.0370704;0.00226952;9.4106e-05;7.7485e-05;0.000654348;0.00012311;8.3958e-05;8.6141e-05;0.00102896;0.000121408;
48;64;64;measure;scatter;0.0393427;0.0369724;0.00234729;0.000107752;5.6646e-05;0.00083682;0.000120967;7.3798e-05;5.5174e-05;0.000983434;0.000112701;
48;64;64;measure;scatter;0.0390014;0.0370623;0.00192314;0.000101821;5.4492e-05;0.00055431;0.000114244;7.3017e-05;6.22071e-05;0.000855995;0.000107051;
48;64;64;measure;scatter;0.0394332;0.0369975;0.00241594;7.2065e-05;4.1238e-05;0.000814617;0.000116148;9.2714e-05;6.92901e-05;0.00109288;0.000116989;
48;64;64;measure;scatter;0.0392108;0.0367844;0.00239242;7.1785e-05;6.92e-05;0.000997911;0.000119755;8.2755e-05;4.3261e-05;0.000888657;0.000119093;
48;64;64;measure;scatter;0.0390282;0.0367578;0.002253;9.9226e-05;8.4419e-05;0.000847519;0.000128501;7.3127e-05;5.848e-05;0.000849654;0.00011207;
48;64;64;measure;scatter;0.0394527;0.0368289;0.00260848;0.000116709;9.5649e-05;0.00102692;0.000155913;9.4447e-05;5.87e-05;0.000946966;0.000113182;
48;64;64;measure;scatter;0.039434;0.036878;0.00254241;7.5231e-05;8.1603e-05;0.00102661;0.000107602;7.6824e-05;6.6304e-05;0.0009863;0.000121929;
48;64;64;measure;scatter;0.0392641;0.0366475;0.00258874;6.5824e-05;4.803e-05;0.00109128;0.000148609;6.923e-05;6.6945e-05;0.000987793;0.000111028;
48;64;64;measure;scatter;0.0392434;0.0377586;0.00146664;0.000127749;4.5075e-05;0.000139571;0.000110097;6.9931e-05;6.6815e-05;0.000796334;0.000111068;
48;64;64;measure;scatter;0.0392414;0.0370189;0.00221419;7.2876e-05;6.1265e-05;0.000877566;0.000132238;5.7187e-05;4.809e-05;0.00085309;0.00011188;
48;64;64;measure;scatter;0.0389382;0.0366709;0.00223986;0.00010095;6.2948e-05;0.000924003;0.000150282;7.7786e-05;7.1934e-05;0.000743595;0.000108363;
48;64;64;measure;scatter;0.0391896;0.0369104;0.00226002;9.591e-05;8e-05;0.000867116;0.000123371;6.0684e-05;5.2168e-05;0.000865493;0.000115276;
48;64;64;measure;scatter;0.0390304;0.0367876;0.00223127;0.000100779;5.5645e-05;0.000919685;0.000116298;7.6844e-05;5.2568e-05;0.000797716;0.00011173;
48;64;64;measure;scatter;0.039176;0.0367561;0.00239972;0.000114244;7.5391e-05;0.000925055;0.000114645;7.1715e-05;4.4914e-05;0.000926508;0.000127248;
48;64;64;measure;scatter;0.0393513;0.0370537;0.00228054;0.000102052;5.33e-05;0.000786735;0.000137348;8.1613e-05;5.319e-05;0.000957485;0.000108814;
48;64;64;measure;scatter;0.0395397;0.0370706;0.00244789;9.7283e-05;8.0882e-05;0.000822843;0.000113783;6.3119e-05;7.9699e-05;0.00107036;0.000119925;
48;64;64;measure;scatter;0.0393553;0.036995;0.00233636;0.000111509;7.447e-05;0.000895659;9.3656e-05;5.6857e-05;8.6071e-05;0.000896551;0.000121589;
48;64;64;measure;scatter;0.0394653;0.0372329;0.00221432;6.4551e-05;6.0043e-05;0.000711073;8.7595e-05;4.5335e-05;4.4433e-05;0.00108987;0.000111419;
48;64;64;measure;scatter;0.0388289;0.0368798;0.00193078;0.000105147;6.5503e-05;0.000593813;0.000129072;6.5333e-05;5.6676e-05;0.000812374;0.000102863;
48;64;64;measure;scatter;0.0393606;0.0370786;0.00226747;8.7344e-05;5.5914e-05;0.000838142;0.000123472;8.6963e-05;5.9792e-05;0.000906089;0.000109756;
48;64;64;measure;scatter;0.0391082;0.0370821;0.00199871;0.000139261;7.2787e-05;0.000461906;0.000124453;7.1234e-05;6.3208e-05;0.000938501;0.000127358;
48;64;64;measure;scatter;0.0391125;0.0369318;0.00215877;9.8554e-05;5.9191e-05;0.000758934;0.000121347;6.4271e-05;5.4021e-05;0.000886773;0.000115677;
48;64;64;measure;scatter;0.039242;0.0367459;0.002482;0.000113573;7.0081e-05;0.00113098;0.000109775;7.8708e-05;8.7514e-05;0.000807184;8.41781e-05;
48;64;64;measure;scatter;0.0394292;0.0368126;0.00259335;9.8535e-05;7.2676e-05;0.00109786;0.000157546;7.0372e-05;7.9669e-05;0.000898996;0.000117701;
48;64;64;measure;scatter;0.0400199;0.0369309;0.00307121;8.1283e-05;6.6444e-05;0.00167593;0.00013819;7.0331e-05;6.6655e-05;0.000857489;0.000114885;
48;64;64;measure;scatter;0.0392983;0.0369196;0.00235853;7.3077e-05;4.263e-05;0.000867237;0.000132578;6.3259e-05;8.1954e-05;0.000983003;0.000114796;
48;64;64;measure;scatter;0.0389843;0.0369016;0.00206382;9.8375e-05;6.8098e-05;0.00065059;0.000126337;6.0844e-05;5.1967e-05;0.000891262;0.000116348;
48;64;64;measure;scatter;0.0398517;0.0372244;0.00261181;0.000114775;7.8317e-05;0.0010452;0.00011182;7.6173e-05;5.8399e-05;0.00101187;0.000115256;
48;64;64;measure;scatter;0.0400615;0.0367552;0.00328132;7.8538e-05;6.8248e-05;0.00178025;0.000132208;4.2991e-05;5.332e-05;0.00101915;0.00010662;
48;64;64;measure;scatter;0.039955;0.0370168;0.00292386;0.0001014;6.3249e-05;0.00160912;0.000103935;7.8027e-05;6.1926e-05;0.000792185;0.000114024;
48;64;64;measure;scatter;0.0406412;0.0369757;0.003653;8.5731e-05;5.8961e-05;0.00215366;0.000142657;7.6664e-05;6.5393e-05;0.000970981;9.8955e-05;
48;64;64;measure;scatter;0.0395455;0.0366776;0.0028473;0.0001067;6.5553e-05;0.001515;0.000147998;8.1843e-05;5.9041e-05;0.000761147;0.000110017;
48;64;64;measure;scatter;0.0399715;0.0367056;0.00324148;8.6422e-05;6.7807e-05;0.00177657;0.000172454;7.6112e-05;7.1745e-05;0.000879169;0.000111198;
48;64;64;measure;scatter;0.03969;0.0375071;0.00216531;0.000101401;6.2136e-05;0.000741711;0.000131878;7.9419e-05;5.3991e-05;0.000881944;0.000112831;
48;64;64;measure;scatter;0.0392813;0.0370693;0.00218966;7.5982e-05;5.6857e-05;0.000782938;0.000135925;7.7145e-05;6.2657e-05;0.000883397;0.000114755;
48;64;64;measure;scatter;0.0394886;0.0370451;0.00242604;8.4608e-05;6.5463e-05;0.00085824;0.000102222;5.8309e-05;6.5893e-05;0.0010634;0.00012791;
48;64;64;measure;scatter;0.0393262;0.0366367;0.0026607;7.8958e-05;6.72161e-05;0.00108495;0.000132739;6.9921e-05;6.8609e-05;0.00101914;0.000139161;
48;64;64;measure;scatter;0.0395298;0.0369398;0.00257784;8.8646e-05;5.9311e-05;0.00107971;0.000139632;6.8839e-05;6.4301e-05;0.000939993;0.000137407;
48;64;64;measure;scatter;0.0391454;0.0368323;0.002296;7.99701e-05;7.8938e-05;0.000832972;0.000124003;7.3788e-05;4.9543e-05;0.000948929;0.000107853;
48;64;64;measure;scatter;0.0395843;0.037077;0.00249694;0.000146625;0.000125254;0.000739047;0.000241532;9.2995e-05;8.9979e-05;0.000911329;0.000150181;
48;64;64;measure;scatter;0.0401844;0.038528;0.00164506;0.000116629;8.7494e-05;0.000197791;0.000174277;6.8308e-05;6.6224e-05;0.000715241;0.000219101;
48;64;64;measure;scatter;0.0395221;0.0371532;0.0023595;0.000125515;0.000133831;0.000555442;0.000226435;7.6934e-05;6.953e-05;0.0010182;0.000153618;
48;64;64;measure;scatter;0.0390763;0.0371025;0.00196341;9.1742e-05;8.8556e-05;0.00044291;0.000125105;8.7855e-05;7.2536e-05;0.000937989;0.000116719;
48;128;128;measure;scatter;0.0698077;0.0665316;0.00326934;0.000104757;0.000102112;0.000749819;0.000171302;8.6603e-05;7.9429e-05;0.00184273;0.000132589;
48;128;128;measure;scatter;0.0703056;0.0657093;0.00457582;0.000131657;0.000100139;0.0018039;0.000174668;0.000119735;8.07012e-05;0.00200308;0.000161934;
48;128;128;measure;scatter;0.0704102;0.0658702;0.00452568;0.000135695;8.5921e-05;0.00175042;0.000152327;8.011e-05;7.7917e-05;0.00211647;0.000126828;
48;128;128;measure;scatter;0.0699406;0.0659699;0.00394524;0.000126248;9.51788e-05;0.0017118;0.000146285;9.2735e-05;8.8396e-05;0.00153275;0.000151855;
48;128;128;measure;scatter;0.0700045;0.0668042;0.00316681;0.000109626;9.6451e-05;0.000679176;0.000144031;9.13211e-05;0.000107623;0.00180218;0.000136407;
48;128;128;measure;scatter;0.0702211;0.0661888;0.00400701;0.000124313;9.23041e-05;0.00112116;0.000136105;0.000117291;8.57611e-05;0.00220793;0.00012215;
48;128;128;measure;scatter;0.0708361;0.0677354;0.00308696;0.000192872;0.00010134;0.000152928;0.000144692;9.3055e-05;8.75541e-05;0.00217824;0.000136276;
48;128;128;measure;scatter;0.0700427;0.0664704;0.00354774;0.000135805;0.000109706;0.000604035;0.000155993;9.34461e-05;8.76049e-05;0.00222553;0.000135615;
48;128;128;measure;scatter;0.0704384;0.0662024;0.00421519;0.000155732;9.6662e-05;0.00121656;0.00014352;9.8665e-05;8.9098e-05;0.00226314;0.000151815;
48;128;128;measure;scatter;0.0703616;0.0658036;0.00454492;0.000132739;0.000112241;0.00145568;0.000149441;8.4819e-05;6.70559e-05;0.00239354;0.000149411;
48;128;128;measure;scatter;0.0700834;0.0663091;0.00375803;0.0001543;9.41569e-05;0.0013711;0.000158999;0.000113884;7.8307e-05;0.00164786;0.000139432;
48;128;128;measure;scatter;0.0696624;0.0658636;0.00378222;0.00016498;9.576e-05;0.00161141;0.000135425;9.24838e-05;0.000102633;0.0014271;0.000152427;
48;128;128;measure;scatter;0.0696839;0.0657159;0.00394979;0.00011685;9.7052e-05;0.00152221;0.000156394;0.000128771;8.9298e-05;0.00162178;0.000217439;
48;128;128;measure;scatter;0.070061;0.0662693;0.00377339;0.000142458;0.00012247;0.00102452;0.000163387;8.1924e-05;7.97999e-05;0.00193997;0.000218871;
48;128;128;measure;scatter;0.0701057;0.0658004;0.00428157;0.000112522;8.42379e-05;0.00156701;0.000169098;0.00010675;8.20442e-05;0.00200864;0.000151254;
48;128;128;measure;scatter;0.07004;0.0656759;0.00434761;0.000155462;6.18459e-05;0.00130552;0.000143279;9.96171e-05;7.82569e-05;0.00232703;0.000176592;
48;128;128;measure;scatter;0.0699913;0.0662723;0.00370376;0.000138219;8.9949e-05;0.00136105;0.00016516;0.0001436;8.71939e-05;0.00159437;0.000124224;
48;128;128;measure;scatter;0.0710181;0.0682342;0.00277012;0.000126348;0.000115186;7.8317e-05;0.000146275;0.000101842;7.52909e-05;0.00199685;0.000130004;
48;128;128;measure;scatter;0.0703763;0.0660961;0.00426355;0.000125265;9.74431e-05;0.00143096;0.000150914;9.96268e-05;8.69341e-05;0.0021152;0.000157205;
48;128;128;measure;scatter;0.0706368;0.0660523;0.00456626;0.000135214;9.75141e-05;0.00141196;0.000144612;8.75639e-05;0.000101291;0.00240879;0.000179317;
48;128;128;measure;scatter;0.0700111;0.0654157;0.00457552;0.000135164;9.37758e-05;0.0018642;0.000264357;8.4158e-05;9.77239e-05;0.00188836;0.000147778;
48;128;128;measure;scatter;0.0700507;0.0659422;0.00408736;0.000129794;0.000102763;0.00142954;0.000131757;0.000100008;8.9579e-05;0.00197219;0.000131737;
48;128;128;measure;scatter;0.070602;0.0657484;0.00484472;0.000123331;8.98889e-05;0.00197184;0.000187082;9.51379e-05;9.70031e-05;0.00212941;0.000151034;
48;128;128;measure;scatter;0.0697994;0.0659263;0.00385787;0.000131096;9.9187e-05;0.00107755;0.000126016;0.000113584;9.2864e-05;0.00208144;0.000136126;
48;128;128;measure;scatter;0.0703585;0.0656921;0.00464405;0.000137208;0.000115477;0.00165416;0.00013879;0.000117982;8.76251e-05;0.00223945;0.000153358;
48;128;128;measure;scatter;0.0708357;0.0662899;0.00452984;0.000133962;0.000106991;0.00200304;0.000145584;0.000103675;7.77461e-05;0.00180463;0.00015421;
48;128;128;measure;scatter;0.0699831;0.0655723;0.00436552;0.00014324;0.000114004;0.00164588;0.000176471;0.000120266;8.16139e-05;0.00193844;0.000145603;
48;128;128;measure;scatter;0.0701982;0.0654491;0.004729;0.000129103;9.11511e-05;0.00186067;0.000147577;9.74229e-05;7.49412e-05;0.00212031;0.000207821;
48;128;128;measure;scatter;0.0702835;0.0656181;0.0046415;0.000124934;9.8926e-05;0.00158906;0.000198272;0.000104306;8.7986e-05;0.00228292;0.000155101;
48;128;128;measure;scatter;0.0705018;0.0655882;0.00489736;0.000104677;9.16221e-05;0.00199121;0.000149381;0.000110788;6.33989e-05;0.00213202;0.000254267;
48;128;128;measure;scatter;0.0705232;0.0656242;0.00487702;0.000124304;0.000105418;0.001955;0.000138249;9.03099e-05;8.10921e-05;0.00225465;0.000127991;
48;128;128;measure;scatter;0.0703943;0.0654839;0.00488668;0.000131507;9.41369e-05;0.00188145;0.000153408;0.000215645;8.0131e-05;0.00216979;0.000160622;
48;128;128;measure;scatter;0.0708061;0.0658724;0.00491503;0.000140644;9.1752e-05;0.00181598;0.000167555;7.86181e-05;8.51089e-05;0.00239472;0.000140644;
48;128;128;measure;scatter;0.0702917;0.0657075;0.00456682;0.000135484;8.78149e-05;0.00157882;0.000167034;0.000110789;8.50291e-05;0.00224284;0.000159019;
48;128;128;measure;scatter;0.0707684;0.0677179;0.00303651;0.000129423;8.3958e-05;0.000184607;0.000156635;0.000136636;5.02949e-05;0.00215436;0.000140595;
48;128;128;measure;scatter;0.0704796;0.0653775;0.00507868;0.000120797;9.32959e-05;0.00213541;0.000154921;0.000103715;8.87769e-05;0.00224491;0.000136857;
48;128;128;measure;scatter;0.070542;0.0655952;0.00492816;9.3566e-05;9.94571e-05;0.00201734;0.000150934;9.05001e-05;8.7545e-05;0.00224057;0.000148249;
48;128;128;measure;scatter;0.0706929;0.0661169;0.00453726;0.000134553;7.8477e-05;0.00146699;0.00017591;0.000104826;8.6753e-05;0.00234437;0.000145383;
48;128;128;measure;scatter;0.0704715;0.065978;0.00447098;0.000116539;9.5699e-05;0.00176779;0.00042148;0.000115196;6.2147e-05;0.00173509;0.000157034;
48;128;128;measure;scatter;0.0925416;0.0659424;0.0265851;0.000114015;9.33348e-05;0.0235711;0.000131166;9.19132e-05;8.27459e-05;0.00235529;0.000145493;
48;128;128;measure;scatter;0.0807119;0.0777571;0.00294846;0.000160622;0.000109586;0.000237667;0.000124364;9.16722e-05;6.56229e-05;0.00201951;0.000139422;
48;128;128;measure;scatter;0.0698049;0.0656798;0.00410946;0.000781599;9.41569e-05;0.000757493;0.000166784;0.000105688;8.65029e-05;0.00198605;0.000131187;
48;128;128;measure;scatter;0.0700797;0.0656334;0.0044397;0.000135935;9.534e-05;0.0017352;0.000165642;9.47881e-05;6.6936e-05;0.00201914;0.000126718;
48;128;128;measure;scatter;0.0698988;0.0665806;0.00330194;0.000130796;0.000121769;0.000682783;0.000164018;0.000107171;8.89278e-05;0.00185197;0.00015451;
48;128;128;measure;scatter;0.070778;0.0655952;0.00515527;0.000130776;7.32271e-05;0.0020661;0.000125576;9.9126e-05;7.9449e-05;0.00244236;0.000138651;
48;128;128;measure;scatter;0.0701568;0.0654428;0.00469948;0.00012795;9.47691e-05;0.00177992;0.000150153;0.00010147;8.96889e-05;0.002204;0.000151524;
48;128;128;measure;scatter;0.0706505;0.0656487;0.004986;0.000123482;0.000112451;0.00214937;0.000159119;0.000100538;6.66161e-05;0.00211237;0.000162055;
48;128;128;measure;scatter;0.070757;0.0655847;0.00515188;0.000120026;0.000107302;0.00217439;0.000138931;9.25041e-05;7.48709e-05;0.00219161;0.000252254;
48;128;128;measure;scatter;0.070854;0.065512;0.00532768;0.000135785;0.000111229;0.00220005;0.000136537;0.00011708;8.91681e-05;0.00232158;0.000216247;
48;128;128;measure;scatter;0.0702239;0.0652155;0.00499484;0.000145904;8.4579e-05;0.00231605;0.000185509;0.000104717;7.96791e-05;0.00193681;0.000141586;
48;256;256;measure;scatter;0.114939;0.108686;0.00624035;0.000155732;0.000133742;0.00281397;0.000213381;0.000162505;0.000110117;0.00243413;0.000216768;
48;256;256;measure;scatter;0.115603;0.108608;0.00698761;0.000151124;0.000125385;0.00258561;0.000201459;0.000146846;0.000110337;0.00348151;0.000185338;
48;256;256;measure;scatter;0.11471;0.108206;0.00648393;0.000148719;0.000136076;0.00239907;0.000215735;0.000211738;9.1993e-05;0.00305304;0.000227558;
48;256;256;measure;scatter;0.1153;0.108138;0.0071535;0.000141847;0.000134132;0.00371599;0.000210746;0.00035102;0.000107993;0.00229923;0.000192541;
48;256;256;measure;scatter;0.115594;0.108216;0.00735451;0.000156163;0.00012761;0.00313616;0.000184837;0.000121689;0.000114004;0.00330569;0.000208352;
48;256;256;measure;scatter;0.115466;0.10842;0.00703393;0.000147938;0.000133621;0.00342923;0.000198062;0.000155332;0.000123242;0.00265803;0.000188464;
48;256;256;measure;scatter;0.113987;0.10818;0.0057885;0.000131227;0.000137168;0.00276218;0.000187693;0.000141857;0.0001119;0.0021207;0.000195768;
48;256;256;measure;scatter;0.115166;0.10904;0.00611116;0.000139282;0.000145353;0.00250647;0.000186401;0.000121408;0.000115086;0.0027077;0.000189456;
48;256;256;measure;scatter;0.115084;0.10901;0.00606449;0.000134894;0.000143419;0.00262042;0.000195437;0.000139342;7.2707e-05;0.00257885;0.000179417;
48;256;256;measure;scatter;0.114925;0.108231;0.00667827;0.00015423;0.000137528;0.00304335;0.000173466;0.000115527;0.000118583;0.00273709;0.000198493;
48;256;256;measure;scatter;0.114397;0.108376;0.00600833;0.000948603;0.000134452;0.00249373;0.000189095;0.000121999;0.000105549;0.0017757;0.000239209;
48;256;256;measure;scatter;0.114982;0.108742;0.0062195;0.000180009;0.000147447;0.00199124;0.000194986;0.000155422;0.000140314;0.00321003;0.000200046;
48;256;256;measure;scatter;0.114901;0.108256;0.00662724;0.000168547;0.000144161;0.00334528;0.000208101;0.000142057;0.000116249;0.00226707;0.000235783;
48;256;256;measure;scatter;0.115644;0.108681;0.00694023;0.00015406;0.000129623;0.00351238;0.00018621;0.00039898;0.000119885;0.0022295;0.000209594;
48;256;256;measure;scatter;0.11532;0.108277;0.00702941;0.000134753;0.000136617;0.00359481;0.000209404;0.000304602;0.000108184;0.00234897;0.000192071;
48;256;256;measure;scatter;0.115688;0.108267;0.0074079;0.00014381;0.000129704;0.00366763;0.000178616;0.000313499;9.9076e-05;0.00266345;0.000212109;
48;256;256;measure;scatter;0.1153;0.108629;0.00665632;0.00017043;0.000147217;0.00230247;0.000176672;0.000990772;9.6391e-05;0.00256252;0.000209855;
48;256;256;measure;scatter;0.115279;0.108568;0.00669616;0.000169579;0.000130014;0.00237385;0.000248758;0.000643579;0.000105498;0.00278921;0.000235673;
48;256;256;measure;scatter;0.115583;0.108485;0.00708581;0.000159981;0.000142407;0.00300237;0.000205606;0.000470634;0.000100269;0.00277745;0.000227087;
48;256;256;measure;scatter;0.115414;0.108666;0.00673402;0.000146946;0.00013287;0.00303382;0.000184467;0.000129553;0.000349908;0.00256837;0.000188094;
48;256;256;measure;scatter;0.115071;0.108158;0.00690134;0.00015976;0.000121238;0.00303891;0.000242075;0.00017555;0.000102172;0.00285096;0.000210676;
48;256;256;measure;scatter;0.113877;0.10832;0.00553335;0.000163858;0.000135304;0.00267933;0.000193835;0.000269737;0.000121007;0.00175336;0.000216908;
48;256;256;measure;scatter;0.115157;0.10853;0.00661008;0.000206498;0.000135404;0.00268468;0.000194416;0.000229501;0.000100509;0.00284141;0.000217659;
48;256;256;measure;scatter;0.114792;0.108203;0.00657428;0.000162285;0.000129804;0.00317243;0.000190818;0.000144762;0.000115948;0.00243519;0.000223049;
48;256;256;measure;scatter;0.115032;0.108382;0.00663905;0.000153639;0.00013824;0.00323309;0.000207449;0.000177775;0.000128932;0.00241609;0.000183836;
48;256;256;measure;scatter;0.114258;0.108221;0.006026;0.000161544;0.0001383;0.00280046;0.000189947;0.000144882;0.000103985;0.00228105;0.000205837;
48;256;256;measure;scatter;0.116205;0.108179;0.00801272;0.0001435;0.00014907;0.00389672;0.000201258;0.000309562;0.000106089;0.0026401;0.000566414;
48;256;256;measure;scatter;0.114297;0.108366;0.00592099;0.00014861;0.000120075;0.00315745;0.000453011;0.000152106;0.000101791;0.00156588;0.000222057;
48;256;256;measure;scatter;0.115473;0.108485;0.00697122;0.000156935;0.000136897;0.0032145;0.00018616;0.000182873;0.000118703;0.00276153;0.000213621;
48;256;256;measure;scatter;0.114553;0.108452;0.00608433;0.000151154;0.000136677;0.00336493;0.000203863;0.000134383;0.000121839;0.00175672;0.000214764;
48;256;256;measure;scatter;0.114627;0.108382;0.00622846;0.000195297;0.00013829;0.00235428;0.00019696;0.000444666;0.00010142;0.00257619;0.000221355;
48;256;256;measure;scatter;0.113519;0.108082;0.00541658;0.000206408;0.000130355;0.00308988;0.000211818;0.000128712;0.000109455;0.00133837;0.000201589;
48;256;256;measure;scatter;0.114994;0.108458;0.00652038;0.000166132;0.000127781;0.00327981;0.000176021;0.000123682;0.000110378;0.00236238;0.000174198;
48;256;256;measure;scatter;0.11522;0.108246;0.00696453;0.000150493;0.000128601;0.00341749;0.000190989;0.000121909;0.000120115;0.00263444;0.000200487;
48;256;256;measure;scatter;0.115453;0.108787;0.0066475;0.000565743;0.000132439;0.00303586;0.0001919;0.000416112;0.000115016;0.00200112;0.000189316;
48;256;256;measure;scatter;0.116156;0.108606;0.00753735;0.00017588;0.000127891;0.0041451;0.000197131;0.000579048;0.000122951;0.00197328;0.000216076;
48;256;256;measure;scatter;0.114686;0.108575;0.00609688;0.000145934;0.000109706;0.00248535;0.000193183;0.000278032;0.000117702;0.00258204;0.000184927;
48;256;256;measure;scatter;0.115199;0.108235;0.00694655;0.000145804;0.000137017;0.00344731;0.000185248;0.000167525;0.000105508;0.00255237;0.000205777;
48;256;256;measure;scatter;0.114482;0.108517;0.00595056;0.000153699;0.000140274;0.00282223;0.000221456;0.000141305;0.00010615;0.00214864;0.000216807;
48;256;256;measure;scatter;0.11543;0.10821;0.00720032;0.000141977;0.000133491;0.00358759;0.000199435;0.000180449;8.7715e-05;0.00265858;0.000211087;
48;256;256;measure;scatter;0.114842;0.108472;0.0063625;0.000155272;0.000135374;0.00321599;0.000187983;0.000492936;0.000108063;0.00183508;0.000231796;
48;256;256;measure;scatter;0.11518;0.108473;0.00669252;0.000172915;0.000127059;0.00323942;0.000208692;0.000396976;0.000114435;0.00222031;0.000212709;
48;256;256;measure;scatter;0.114677;0.108412;0.00625232;0.000151405;0.000140383;0.00246148;0.000168046;0.000438113;0.000111259;0.00257872;0.000202922;
48;256;256;measure;scatter;0.114875;0.108493;0.00636184;0.000160331;0.000150804;0.0032235;0.000174157;0.000199004;0.000103795;0.00212864;0.000221607;
48;256;256;measure;scatter;0.115249;0.108625;0.00661167;0.000158848;0.000144792;0.00244166;0.000193493;0.00012774;0.000118874;0.00317602;0.000250241;
48;256;256;measure;scatter;0.115613;0.108668;0.00693578;0.000172534;0.000120266;0.00269096;0.000201308;0.000124013;0.000102683;0.0033283;0.000195718;
48;256;256;measure;scatter;0.114401;0.108349;0.0060377;0.000144171;0.000124294;0.00260917;0.00019137;0.000130034;0.000119876;0.00252756;0.00019122;
48;256;256;measure;scatter;0.115513;0.108871;0.00662753;0.000147006;0.000125326;0.00308567;0.000200247;0.000116038;0.000100328;0.00265959;0.000193334;
48;256;256;measure;scatter;0.115272;0.108504;0.00674668;0.000182343;0.000127991;0.0026232;0.000198614;0.000151504;0.000102944;0.00314169;0.00021839;
48;256;256;measure;scatter;0.11492;0.109573;0.0053242;0.000167104;0.000137108;0.00174273;0.000162755;0.000413768;0.000111329;0.00238085;0.000208562;
48;512;512;measure;scatter;0.166472;0.153692;0.0127532;0.000165341;0.000152005;0.00630892;0.000318379;0.000268664;0.000144853;0.00514167;0.000253326;
48;512;512;measure;scatter;0.167594;0.155639;0.0119371;0.0005163;0.00023381;0.00380688;0.000316474;0.000275378;0.000193644;0.00631269;0.00028189;
48;512;512;measure;scatter;0.168146;0.154739;0.0133917;0.000190969;0.000193273;0.00565617;0.000305043;0.000553991;0.000181761;0.00602566;0.000284865;
48;512;512;measure;scatter;0.166383;0.153607;0.0127574;0.00017077;0.000156394;0.00661244;0.000302087;0.000282501;0.00014361;0.00480607;0.000283493;
48;512;512;measure;scatter;0.166239;0.154092;0.0121357;0.000192722;0.000160922;0.00452238;0.000291428;0.000196278;0.00014365;0.00636107;0.000267212;
48;512;512;measure;scatter;0.165552;0.154328;0.0112139;0.000241343;0.00019685;0.00557174;0.000385995;0.000227548;0.000182353;0.00412618;0.000281899;
48;512;512;measure;scatter;0.167632;0.153729;0.0138878;0.000196178;0.000144131;0.00455761;0.00027131;0.00206254;0.000136947;0.00622199;0.000297048;
48;512;512;measure;scatter;0.167552;0.154244;0.0132929;0.000185208;0.000150313;0.00652788;0.000325672;0.000806426;0.000161583;0.00483468;0.000301186;
48;512;512;measure;scatter;0.167175;0.15398;0.0131815;0.000279735;0.000197341;0.00498464;0.000306926;0.000279566;0.000148699;0.00673719;0.000247415;
48;512;512;measure;scatter;0.186776;0.153942;0.0328183;0.00815889;0.000161633;0.000175831;0.00287738;0.000187402;0.000151886;0.00283613;0.0182692;
48;512;512;measure;scatter;0.165029;0.154209;0.0108112;0.000220965;0.00013833;0.00466172;0.000296106;0.000288923;0.000173236;0.00475515;0.00027681;
48;512;512;measure;scatter;0.165389;0.155446;0.00993009;0.00152199;0.000178656;0.00146209;0.00033541;0.000182092;0.00099496;0.0049792;0.000275698;
48;512;512;measure;scatter;0.166537;0.153777;0.0127463;0.00023988;0.000151285;0.00438531;0.000280577;0.00140105;0.000162636;0.00584561;0.000279916;
48;512;512;measure;scatter;0.166276;0.153963;0.0123007;0.000200466;0.000150072;0.00567411;0.000305795;0.000211568;0.000502714;0.00497139;0.000284585;
48;512;512;measure;scatter;0.166817;0.154087;0.0127042;0.000246474;0.000160802;0.00656641;0.000294483;0.000283703;0.000175069;0.00471487;0.000262373;
48;512;512;measure;scatter;0.166708;0.154244;0.0124488;0.000201368;0.000148209;0.005125;0.000274836;0.0013719;0.000153409;0.00491876;0.00025536;
48;512;512;measure;scatter;0.167899;0.153846;0.0140339;0.000259598;0.000159009;0.00556402;0.000305945;0.00122765;0.000167765;0.00605748;0.00029244;
48;512;512;measure;scatter;0.16777;0.154172;0.0135693;0.000188925;0.000159219;0.00618802;0.000302338;0.000322947;0.000177223;0.00595728;0.000273324;
48;512;512;measure;scatter;0.168131;0.154392;0.0137211;0.000187542;0.000153198;0.00501285;0.000297559;0.00138145;0.000167014;0.00624755;0.000273945;
48;512;512;measure;scatter;0.165443;0.15379;0.0116338;0.000208242;0.000151174;0.00618431;0.00027662;0.000212759;0.00102392;0.00331339;0.000263365;
48;512;512;measure;scatter;0.169766;0.154208;0.0155402;0.000183485;0.000155863;0.00672961;0.000338015;0.000208652;0.000119264;0.00753228;0.000273083;
48;512;512;measure;scatter;0.16895;0.153778;0.0151604;0.000172263;0.00013801;0.00678857;0.000334429;0.000227217;0.0003197;0.0068945;0.000285697;
48;512;512;measure;scatter;0.170774;0.154167;0.0165811;0.00019131;0.000147367;0.00614956;0.000294434;0.000237696;0.000143871;0.00914937;0.000267502;
48;512;512;measure;scatter;0.167197;0.153436;0.0137449;0.000191039;0.000143831;0.00698181;0.00032972;0.00104801;0.00015969;0.00461114;0.000279705;
48;512;512;measure;scatter;0.167884;0.153921;0.0139471;0.00016478;0.000139662;0.00683617;0.000306957;0.000967708;0.000151926;0.00509851;0.000281339;
48;512;512;measure;scatter;0.168885;0.15393;0.0149292;0.000206337;0.000149361;0.00563485;0.000297029;0.00133475;0.000153338;0.00688568;0.000267893;
48;512;512;measure;scatter;0.166905;0.153273;0.0136045;0.000251783;0.000160792;0.00447107;0.000309632;0.000229181;0.000163958;0.00773904;0.000279065;
48;512;512;measure;scatter;0.168301;0.154273;0.014015;0.000209524;0.000157205;0.00545231;0.000323438;0.000181471;0.000145273;0.00728267;0.000263155;
48;512;512;measure;scatter;0.168178;0.154356;0.0138086;0.000172675;0.000155783;0.00522258;0.000307728;0.00137307;0.000147116;0.00615029;0.000279345;
48;512;512;measure;scatter;0.168586;0.154188;0.0143848;0.000175059;0.000144802;0.00549804;0.000300395;0.000254939;0.000161123;0.00761581;0.000234611;
48;512;512;measure;scatter;0.168157;0.15443;0.0137162;0.000206789;0.000169468;0.00465348;0.000316074;0.000167294;0.0011967;0.00672788;0.000278513;
48;512;512;measure;scatter;0.168389;0.153777;0.0145982;0.000174729;0.000149731;0.00693009;0.000317467;0.000231385;0.000136055;0.00638349;0.000275207;
48;512;512;measure;scatter;0.166486;0.15382;0.0126531;0.000232838;0.000147186;0.00555134;0.000289684;0.000342784;0.000154731;0.00566644;0.000268074;
48;512;512;measure;scatter;0.166542;0.153819;0.0127084;0.000197551;0.000142969;0.00522278;0.000279244;0.00137784;0.00013868;0.00506729;0.00028201;
48;512;512;measure;scatter;0.166251;0.154128;0.0121027;0.000185038;0.000161944;0.00413013;0.000332895;0.000243228;0.00113913;0.00563921;0.000271159;
48;512;512;measure;scatter;0.164333;0.154413;0.00989472;0.000190198;0.000155161;0.00407676;0.000313098;0.00113067;0.000146926;0.00358151;0.000300384;
48;512;512;measure;scatter;0.170518;0.154546;0.0159588;0.000246553;0.000157767;0.00626358;0.000311856;0.000992104;0.000168797;0.00753493;0.000283203;
48;512;512;measure;scatter;0.168219;0.15333;0.0148749;0.000206178;0.000147687;0.00538877;0.000331563;0.000179498;0.000164519;0.00819709;0.000259568;
48;512;512;measure;scatter;0.165193;0.154315;0.0108652;0.000210996;0.000142227;0.00571822;0.000300435;0.0010836;0.000156665;0.0029936;0.000259467;
48;512;512;measure;scatter;0.167263;0.154454;0.0127925;0.000270739;0.000224352;0.00588208;0.000313769;0.000213071;0.000190548;0.00538282;0.000315103;
48;512;512;measure;scatter;0.169603;0.154161;0.015421;0.000239961;0.000152697;0.00670876;0.000304783;0.000292499;0.000437723;0.0070273;0.000257284;
48;512;512;measure;scatter;0.167272;0.155183;0.0120626;0.00171547;0.000334408;0.00017526;0.000293962;0.000228189;0.000202881;0.00884352;0.000268876;
48;512;512;measure;scatter;0.166116;0.15372;0.0123757;0.000177463;0.000154721;0.00560836;0.000314461;0.000220294;0.000160612;0.00548801;0.000251793;
48;512;512;measure;scatter;0.166778;0.154768;0.0120014;0.00020216;0.000160662;0.00587784;0.000325181;0.000715484;0.000149932;0.00429028;0.000279815;
48;512;512;measure;scatter;0.169327;0.154636;0.0146706;0.000248467;0.00015452;0.00616847;0.000331493;0.000955696;0.000162155;0.00638062;0.000269206;
48;512;512;measure;scatter;0.16964;0.154115;0.0155074;0.000183896;0.000166182;0.00683083;0.000285737;0.000215986;0.000154731;0.00740076;0.000269316;
48;512;512;measure;scatter;0.168663;0.15347;0.0151754;0.000203913;0.000167245;0.00605514;0.000297168;0.000274757;0.00014372;0.00775316;0.000280317;
48;512;512;measure;scatter;0.167206;0.154152;0.0130371;0.00023393;0.00013842;0.00524668;0.00028207;0.00044158;0.000144331;0.00627866;0.0002714;
48;512;512;measure;scatter;0.167455;0.154052;0.0133881;0.000198854;0.000152346;0.00622494;0.000331883;0.00103544;0.00015951;0.00501409;0.000271049;
48;512;512;measure;scatter;0.168831;0.154529;0.0142867;0.000182673;0.000140174;0.00449314;0.000278343;0.000198633;0.000155733;0.00857356;0.000264407;
48;1024;1024;measure;scatter;0.238898;0.208715;0.0301748;0.000365397;0.000412234;0.0125444;0.000541398;0.000312738;0.000557056;0.0149865;0.000455045;
48;1024;1024;measure;scatter;0.246783;0.208694;0.0380807;0.000354076;0.000411283;0.0141937;0.000663627;0.000289164;0.000632067;0.0210797;0.00045715;
48;1024;1024;measure;scatter;0.243642;0.208183;0.0354457;0.00036762;0.000426131;0.0141174;0.000609526;0.000304743;0.000296316;0.0187969;0.00052702;
48;1024;1024;measure;scatter;0.239776;0.209501;0.0302652;0.000347533;0.000525047;0.0116264;0.000614194;0.000266781;0.000947611;0.0155138;0.000423846;
48;1024;1024;measure;scatter;0.236672;0.208461;0.0281931;0.000375386;0.00039379;0.0138711;0.000598635;0.000289484;0.000845809;0.0113552;0.000463761;
48;1024;1024;measure;scatter;0.246502;0.207981;0.0385039;0.00054817;0.000486033;0.0110597;0.000470735;0.00064913;0.000368583;0.0244716;0.000450005;
48;1024;1024;measure;scatter;0.24256;0.208284;0.0342613;0.000376758;0.000378471;0.0154914;0.000577746;0.00275579;0.000313219;0.0139449;0.000423045;
48;1024;1024;measure;scatter;0.259228;0.207895;0.051316;0.000344307;0.000321695;0.017483;0.000544634;0.00359997;0.00037759;0.0281041;0.000540696;
48;1024;1024;measure;scatter;0.238244;0.207816;0.0304117;0.000366008;0.000386847;0.0160243;0.00046862;0.00031897;0.000716857;0.0116973;0.000432844;
48;1024;1024;measure;scatter;0.240721;0.207511;0.0332022;0.000369584;0.000365888;0.0120403;0.000577696;0.0046671;0.000349737;0.0143672;0.000464673;
48;1024;1024;measure;scatter;0.236827;0.207413;0.029399;0.000507354;0.00054269;0.0142115;0.000518043;0.000648539;0.000412435;0.0121308;0.000427674;
48;1024;1024;measure;scatter;0.238018;0.208209;0.0298003;0.000382068;0.000406895;0.0153206;0.000597663;0.00038287;0.00248459;0.0095143;0.000711296;
48;1024;1024;measure;scatter;0.248001;0.2084;0.039589;0.000364185;0.000368011;0.0125849;0.000601431;0.000773163;0.000602342;0.023889;0.000405943;
48;1024;1024;measure;scatter;0.240424;0.207711;0.032697;0.000362632;0.000371388;0.0129706;0.000552829;0.00028228;0.000605819;0.0171242;0.000427233;
48;1024;1024;measure;scatter;0.240492;0.2072;0.0332746;0.000545866;0.000540997;0.0140181;0.000473279;0.000259347;0.000403078;0.016583;0.000450908;
48;1024;1024;measure;scatter;0.23204;0.208277;0.0237548;0.000374674;0.000385695;0.013093;0.000604636;0.000768334;0.000395894;0.0072631;0.000869404;
48;1024;1024;measure;scatter;0.238222;0.208411;0.0298054;0.000384603;0.000373792;0.0111729;0.000607662;0.000573518;0.00170248;0.0145521;0.000438304;
48;1024;1024;measure;scatter;0.237843;0.208709;0.029114;0.000345128;0.000386707;0.0123291;0.000663216;0.000300555;0.00481604;0.00985455;0.000418737;
48;1024;1024;measure;scatter;0.235179;0.208445;0.0267262;0.000383039;0.000389502;0.0154367;0.000548701;0.000568949;0.000355388;0.00857305;0.000470885;
48;1024;1024;measure;scatter;0.253891;0.20713;0.0467526;0.000370436;0.000374594;0.0211683;0.000652085;0.00167895;0.000391867;0.02162;0.000496413;
48;1024;1024;measure;scatter;0.24672;0.20846;0.0382513;0.000364926;0.000407335;0.011447;0.000646364;0.00491277;0.00041005;0.0196317;0.000431241;
48;1024;1024;measure;scatter;0.250788;0.207947;0.0427988;0.000351681;0.000390043;0.0166558;0.00058001;0.000282611;0.000390855;0.0235709;0.000576844;
48;1024;1024;measure;scatter;0.244431;0.208263;0.036146;0.000334118;0.000387278;0.0153226;0.0005799;0.00371234;0.000386957;0.0149583;0.000464463;
48;1024;1024;measure;scatter;0.237743;0.208268;0.029454;0.000403438;0.00038835;0.0142208;0.000650583;0.000306646;0.000402306;0.0125514;0.000530457;
48;1024;1024;measure;scatter;0.246458;0.208692;0.0377523;0.000388831;0.000369775;0.0148516;0.000632949;0.000450236;0.000421873;0.0201827;0.000454323;
48;1024;1024;measure;scatter;0.24396;0.207434;0.0365072;0.000542529;0.000538402;0.0174631;0.000520609;0.000388881;0.00120332;0.0153726;0.000477788;
48;1024;1024;measure;scatter;0.242716;0.208109;0.0346008;0.000534285;0.000497154;0.0121349;0.000451288;0.00779879;0.000338647;0.012417;0.000428726;
48;1024;1024;measure;scatter;0.234115;0.20902;0.0250834;0.000389002;0.000393178;0.00989597;0.000622911;0.0031527;0.000366689;0.00981692;0.000446038;
48;1024;1024;measure;scatter;0.238183;0.208335;0.0298337;0.00037744;0.000371518;0.0159466;0.000601861;0.000421892;0.000357272;0.0112848;0.000472237;
48;1024;1024;measure;scatter;0.237919;0.207809;0.0300994;0.000543251;0.000493417;0.0138722;0.000473641;0.000302358;0.000637899;0.013285;0.000491594;
48;1024;1024;measure;scatter;0.243062;0.208595;0.0344558;0.000365286;0.000398649;0.0145203;0.000652597;0.000753936;0.000399221;0.0168855;0.000480413;
48;1024;1024;measure;scatter;0.236407;0.208002;0.0283829;0.00433152;0.00315152;0.00410777;0.00156666;0.00049455;0.000388019;0.0138523;0.000490572;
48;1024;1024;measure;scatter;0.238266;0.209189;0.0290698;0.000379854;0.000414429;0.0142836;0.000502645;0.000435969;0.00163303;0.0109763;0.000443985;
48;1024;1024;measure;scatter;0.25166;0.207543;0.0440861;0.000351831;0.000389342;0.015772;0.000651365;0.00162909;0.000433865;0.0244098;0.000448814;
48;1024;1024;measure;scatter;0.244974;0.20815;0.0368157;0.000349386;0.000369424;0.0151452;0.000582925;0.000634984;0.000347853;0.0190028;0.00038314;
48;1024;1024;measure;scatter;0.242455;0.208211;0.0342306;0.000352112;0.000396865;0.0120519;0.000594667;0.000310284;0.00282167;0.0172449;0.000458231;
48;1024;1024;measure;scatter;0.249833;0.20823;0.0415876;0.000375486;0.000406965;0.0184945;0.000631657;0.000309031;0.00041526;0.020379;0.000575662;
48;1024;1024;measure;scatter;0.24536;0.208745;0.0366002;0.000332815;0.000395774;0.00695039;0.000616428;0.000297459;0.00768394;0.0198735;0.000449875;
48;1024;1024;measure;scatter;0.257125;0.208116;0.0489954;0.000371759;0.00038891;0.0183151;0.000615607;0.0010778;0.000376748;0.0273772;0.000472248;
48;1024;1024;measure;scatter;0.241666;0.207606;0.0340513;0.000417695;0.000383782;0.0136117;0.00054786;0.000263796;0.000788952;0.0175856;0.000451919;
48;1024;1024;measure;scatter;0.24482;0.20722;0.0375848;0.000334439;0.000389281;0.0189904;0.000638991;0.000329569;0.000418045;0.0160318;0.0004523;
48;1024;1024;measure;scatter;0.245306;0.207725;0.0375725;0.000364766;0.000398729;0.0126947;0.000555404;0.000645113;0.000392317;0.0221069;0.000414519;
48;1024;1024;measure;scatter;0.238499;0.208252;0.03023;0.000382469;0.000376587;0.0142938;0.000576974;0.00420696;0.000351741;0.00960033;0.000441179;
48;1024;1024;measure;scatter;0.244763;0.207757;0.0369865;0.000386226;0.000386527;0.0162018;0.000577856;0.000437662;0.000426892;0.0180708;0.000498757;
48;1024;1024;measure;scatter;0.246123;0.210024;0.0360877;0.000419599;0.0014841;0.00573655;0.000674327;0.000422043;0.00265743;0.0242221;0.000471576;
48;1024;1024;measure;scatter;0.242033;0.207561;0.0344492;0.000362211;0.000387167;0.0158351;0.00084096;0.0041915;0.000386326;0.0120015;0.000444325;
48;1024;1024;measure;scatter;0.242782;0.208348;0.0344246;0.000389803;0.000373832;0.0115888;0.000664158;0.000351731;0.000595088;0.019989;0.000472207;
48;1024;1024;measure;scatter;0.246297;0.207572;0.0387061;0.000401625;0.000391485;0.0134856;0.000585991;0.00417204;0.000416332;0.0188028;0.000450287;
48;1024;1024;measure;scatter;0.249945;0.209646;0.0402897;0.000370576;0.0004097;0.0151381;0.00057507;0.000326975;0.00376405;0.019235;0.000470273;
48;1024;1024;measure;scatter;0.244841;0.207668;0.0371583;0.000354266;0.000378251;0.0117799;0.000586853;0.000237336;0.000351421;0.0230526;0.000417695;
48;2048;2048;measure;scatter;0.396911;0.277827;0.119035;0.000676892;0.00126921;0.0201805;0.00135652;0.000711116;0.00109068;0.0924064;0.00134411;
48;2048;2048;measure;scatter;0.406282;0.279101;0.127166;0.000708021;0.00123995;0.0625473;0.00098969;0.00300661;0.000604877;0.0568101;0.00125982;
48;2048;2048;measure;scatter;0.399985;0.28259;0.117382;0.000699194;0.00123163;0.0321971;0.000984129;0.000759377;0.00441686;0.0758183;0.0012753;
48;2048;2048;measure;scatter;0.423145;0.280397;0.142729;0.000774436;0.00107359;0.0469715;0.00118305;0.00185478;0.000999809;0.0887494;0.00112234;
48;2048;2048;measure;scatter;0.39392;0.283189;0.110722;0.000746433;0.00127885;0.0569375;0.0010077;0.000604707;0.00463691;0.0443973;0.0011126;
48;2048;2048;measure;scatter;0.415542;0.284384;0.131114;0.00505763;0.00496357;0.027224;0.00179428;0.000909529;0.000603224;0.0892778;0.00128421;
48;2048;2048;measure;scatter;0.404612;0.280966;0.123634;0.000722277;0.000955686;0.0529119;0.00105183;0.000762393;0.000828547;0.0652095;0.00119159;
48;2048;2048;measure;scatter;0.402816;0.27968;0.12312;0.000722197;0.00117485;0.0571209;0.00101435;0.000756632;0.000697891;0.0604415;0.00119175;
48;2048;2048;measure;scatter;0.39818;0.280513;0.117638;0.000776319;0.00110438;0.0502591;0.00106311;0.00119655;0.000606079;0.0612081;0.00142404;
48;2048;2048;measure;scatter;0.363756;0.28036;0.0833838;0.000703271;0.00127306;0.0472818;0.00110034;0.00067587;0.0023007;0.0289657;0.00108302;
48;2048;2048;measure;scatter;0.42355;0.279867;0.143674;0.000773784;0.00118408;0.0629486;0.00103579;0.000802348;0.00185421;0.0738704;0.00120461;
48;2048;2048;measure;scatter;0.385742;0.281917;0.103799;0.00656065;0.00120459;0.0242071;0.00109515;0.000676581;0.00182711;0.0670324;0.0011952;
48;2048;2048;measure;scatter;0.393872;0.279598;0.114259;0.000726686;0.00109812;0.0576355;0.000997885;0.000584719;0.0171555;0.0347787;0.00128186;
48;2048;2048;measure;scatter;0.42452;0.280724;0.143772;0.000764517;0.00116778;0.054997;0.00121693;0.0035599;0.000703332;0.0803198;0.00104237;
48;2048;2048;measure;scatter;0.39138;0.27964;0.111732;0.000701979;0.00118317;0.0580176;0.000983619;0.000561755;0.000555424;0.0482775;0.00145123;
48;2048;2048;measure;scatter;0.430958;0.278493;0.152445;0.000761802;0.00118149;0.0564457;0.000996192;0.000715364;0.00132521;0.0899752;0.00104422;
48;2048;2048;measure;scatter;0.418559;0.280388;0.138161;0.000651605;0.00120438;0.0506151;0.00104567;0.00077696;0.00354558;0.0789582;0.00136373;
48;2048;2048;measure;scatter;0.405505;0.279298;0.126197;0.00070738;0.00104208;0.0610637;0.00096844;0.000562347;0.00434972;0.0564512;0.00105205;
48;2048;2048;measure;scatter;0.426126;0.27844;0.147674;0.000721385;0.00107098;0.0741705;0.000882979;0.000751553;0.000753816;0.0680015;0.00132106;
48;2048;2048;measure;scatter;0.399017;0.280873;0.118129;0.000701328;0.0047397;0.0507879;0.00190089;0.000859626;0.000846871;0.0569512;0.00134104;
48;2048;2048;measure;scatter;0.404956;0.280451;0.124498;0.000708922;0.00122895;0.0550639;0.00105859;0.00718128;0.000673165;0.057497;0.00108648;
48;2048;2048;measure;scatter;0.436149;0.280695;0.155433;0.000648669;0.00128005;0.055097;0.000985142;0.000672684;0.000789443;0.0945601;0.00139966;
48;2048;2048;measure;scatter;0.436165;0.280025;0.15613;0.000735843;0.00121018;0.0485916;0.00107521;0.000777801;0.000805564;0.101598;0.00133643;
48;2048;2048;measure;scatter;0.37171;0.280588;0.0910939;0.000659299;0.0012995;0.0500261;0.00102858;0.00374561;0.000587935;0.0324069;0.00134003;
48;2048;2048;measure;scatter;0.357814;0.281378;0.0764193;0.000747705;0.00115221;0.0191684;0.00115069;0.00104313;0.000831012;0.0512333;0.0010929;
48;2048;2048;measure;scatter;0.383201;0.279988;0.103182;0.000763234;0.00135022;0.0542395;0.00111582;0.000677563;0.000631637;0.0432283;0.00117568;
48;2048;2048;measure;scatter;0.420781;0.278284;0.142477;0.000752313;0.00132194;0.0540634;0.00102489;0.000717378;0.000720865;0.0826528;0.0012238;
48;2048;2048;measure;scatter;0.425552;0.279678;0.145858;0.000724391;0.00159378;0.0570193;0.00101217;0.000754337;0.000739861;0.0828629;0.00115163;
48;2048;2048;measure;scatter;0.465234;0.28125;0.183965;0.000718179;0.00119258;0.0604915;0.00106685;0.000769937;0.000619985;0.117758;0.00134828;
48;2048;2048;measure;scatter;0.401745;0.279595;0.122122;0.000735172;0.000956417;0.0493343;0.00109999;0.000736384;0.00905505;0.0590447;0.00115987;
48;2048;2048;measure;scatter;0.402118;0.281238;0.120866;0.000815182;0.00472929;0.0554417;0.00176691;0.000773744;0.000685649;0.0556219;0.00103189;
48;2048;2048;measure;scatter;0.352245;0.27963;0.0726035;0.000708933;0.00108253;0.0240456;0.00108681;0.0007661;0.0177604;0.0259677;0.00118546;
48;2048;2048;measure;scatter;0.433733;0.280563;0.153162;0.000727076;0.00119066;0.059255;0.0010986;0.000805754;0.000951388;0.0878659;0.00126745;
48;2048;2048;measure;scatter;0.391885;0.278384;0.113484;0.000733558;0.00121429;0.0510448;0.000929437;0.000791738;0.000860287;0.0568519;0.00105817;
48;2048;2048;measure;scatter;0.383344;0.278755;0.104582;0.000660572;0.00122239;0.0548487;0.00112381;0.000756272;0.000738948;0.0438699;0.00136099;
48;2048;2048;measure;scatter;0.423236;0.283847;0.139371;0.00064409;0.0012214;0.0341951;0.00108462;0.00590546;0.000897727;0.0938044;0.00161803;
48;2048;2048;measure;scatter;0.407337;0.276384;0.130938;0.000746983;0.00106274;0.049961;0.00134568;0.000747374;0.0085009;0.0674216;0.0011522;
48;2048;2048;measure;scatter;0.355217;0.279082;0.0761148;0.000677583;0.00108127;0.0423403;0.00109177;0.000753295;0.00142433;0.0274553;0.00129092;
48;2048;2048;measure;scatter;0.391163;0.277718;0.113436;0.000740141;0.00110551;0.0454274;0.00116311;0.00078221;0.00313444;0.0600257;0.00105769;
48;2048;2048;measure;scatter;0.384933;0.278239;0.106685;0.000727507;0.0011236;0.0689809;0.000984491;0.000736955;0.000789122;0.0323034;0.00103918;
48;2048;2048;measure;scatter;0.420562;0.27878;0.14177;0.000729892;0.000941109;0.0364655;0.00130635;0.00192723;0.000823668;0.0983394;0.00123693;
48;2048;2048;measure;scatter;0.438863;0.280324;0.15853;0.000699554;0.00523139;0.0521829;0.00336154;0.000877199;0.000785757;0.094278;0.00111373;
48;2048;2048;measure;scatter;0.375919;0.280932;0.0949789;0.000683144;0.00135382;0.0600932;0.0014297;0.000731094;0.000745481;0.0288645;0.00107784;
48;2048;2048;measure;scatter;0.424847;0.278264;0.14655;0.000688704;0.00113321;0.0300323;0.00128553;0.000791737;0.00337856;0.108063;0.00117692;
48;2048;2048;measure;scatter;0.424928;0.278884;0.146029;0.000732466;0.00111866;0.0552853;0.00114786;0.00061212;0.000831903;0.0849136;0.00138693;
48;2048;2048;measure;scatter;0.3931;0.280808;0.11227;0.000763444;0.00126424;0.026889;0.00105245;0.000743778;0.000765268;0.0792978;0.00149363;
48;2048;2048;measure;scatter;0.414982;0.279325;0.135646;0.00068656;0.00124094;0.0449774;0.00123453;0.000829489;0.00476682;0.0806878;0.0012226;
48;2048;2048;measure;scatter;0.398136;0.279121;0.119006;0.000705937;0.00116291;0.0561239;0.00119425;0.000756512;0.000698492;0.0573655;0.000998376;
48;2048;2048;measure;scatter;0.374594;0.280501;0.0940745;0.000790656;0.00483878;0.0112506;0.00103492;0.00084083;0.00140248;0.0728782;0.00103802;
48;2048;2048;measure;scatter;0.364713;0.27834;0.0863562;0.00068652;0.00119408;0.0528789;0.00105641;0.000651123;0.000773043;0.0280951;0.00102097;
48;4096;4096;measure;scatter;0.888273;0.381191;0.507065;0.00286982;0.00312769;0.190628;0.00476342;0.00279761;0.00260499;0.296457;0.00381655;
48;4096;4096;measure;scatter;0.834964;0.393039;0.441906;0.0031411;0.00273105;0.181185;0.00484661;0.00257159;0.00221457;0.241119;0.00409779;
48;4096;4096;measure;scatter;0.987743;0.393361;0.594342;0.00292323;0.00292251;0.24158;0.00492635;0.00276414;0.00263215;0.329554;0.00703949;
48;4096;4096;measure;scatter;0.77579;0.393604;0.382174;0.00298801;0.00281108;0.193544;0.00481139;0.0029332;0.00298037;0.168191;0.00391462;
48;4096;4096;measure;scatter;0.950343;0.393481;0.556838;0.00291316;0.00260991;0.113266;0.00527417;0.00268399;0.0600843;0.364352;0.00565416;
48;4096;4096;measure;scatter;0.835258;0.391743;0.443503;0.00292358;0.00267747;0.12722;0.00393073;0.00224577;0.00207763;0.298084;0.00434355;
48;4096;4096;measure;scatter;0.760303;0.395243;0.365037;0.00280742;0.00285713;0.16973;0.00495208;0.00268651;0.0023489;0.176169;0.00348609;
48;4096;4096;measure;scatter;0.744215;0.392355;0.351848;0.00296228;0.00232135;0.0959231;0.00509863;0.00306347;0.00297232;0.235395;0.00411223;
48;4096;4096;measure;scatter;0.979585;0.383369;0.596197;0.00208286;0.00275508;0.256998;0.00421306;0.00223272;0.00185761;0.316026;0.0100314;
48;4096;4096;measure;scatter;0.979892;0.408095;0.571762;0.00302397;0.00339532;0.253876;0.00487965;0.00301736;0.00260685;0.292724;0.0082391;
48;4096;4096;measure;scatter;0.736916;0.383369;0.353514;0.00291994;0.00317088;0.21032;0.00526974;0.00267006;0.00274809;0.122295;0.00412009;
48;4096;4096;measure;scatter;0.836629;0.392924;0.44369;0.00302871;0.00266721;0.208848;0.00507581;0.00273267;0.00593964;0.211163;0.00423466;
48;4096;4096;measure;scatter;0.659929;0.394725;0.265149;0.00891001;0.00245664;0.0731339;0.00548169;0.00266047;0.0407797;0.127315;0.00441185;
48;4096;4096;measure;scatter;0.597548;0.382251;0.215282;0.00243966;0.00253804;0.118179;0.00470759;0.0020897;0.00312026;0.0785469;0.00366127;
48;4096;4096;measure;scatter;0.874269;0.383157;0.491094;0.00301385;0.00404945;0.185794;0.00441914;0.0027127;0.00210296;0.285664;0.00333895;
48;4096;4096;measure;scatter;0.738135;0.394056;0.344036;0.00298511;0.00359211;0.166626;0.0036018;0.0020859;0.00276384;0.158273;0.00410939;
48;4096;4096;measure;scatter;0.802273;0.394489;0.40767;0.00303221;0.00288494;0.230958;0.00455786;0.00291849;0.00340913;0.155984;0.0039251;
48;4096;4096;measure;scatter;0.598609;0.381559;0.217029;0.00230461;0.00216165;0.102835;0.00482185;0.0019369;0.00201721;0.0969127;0.00403905;
48;4096;4096;measure;scatter;0.856886;0.383246;0.473615;0.00315742;0.00278229;0.198071;0.00441315;0.00267975;0.00241569;0.255851;0.00424331;
48;4096;4096;measure;scatter;0.75586;0.394405;0.361434;0.002803;0.00281185;0.181821;0.00403275;0.00314792;0.00291758;0.159587;0.00431273;
48;4096;4096;measure;scatter;0.799983;0.394495;0.405468;0.00297551;0.00266315;0.153786;0.00436884;0.00261179;0.00261478;0.232612;0.0038355;
48;4096;4096;measure;scatter;0.817687;0.394388;0.423263;0.0028479;0.00281429;0.200054;0.00468531;0.00280104;0.00256911;0.203584;0.00390831;
48;4096;4096;measure;scatter;0.769013;0.393687;0.375287;0.00298915;0.00371561;0.164248;0.00427571;0.00266726;0.0024781;0.190531;0.00438109;
48;4096;4096;measure;scatter;0.899088;0.394287;0.504789;0.00285638;0.00264683;0.220536;0.00453549;0.00253252;0.0021679;0.264678;0.00483559;
48;4096;4096;measure;scatter;0.899547;0.409096;0.490436;0.00300833;0.00316007;0.135535;0.00503637;0.002427;0.00680207;0.329677;0.00479065;
48;4096;4096;measure;scatter;0.837973;0.393424;0.444536;0.00287059;0.00306023;0.156739;0.00487332;0.00268493;0.00333958;0.266672;0.00429664;
48;4096;4096;measure;scatter;0.865725;0.393543;0.472164;0.00305779;0.00394523;0.174977;0.00466899;0.00260233;0.00241092;0.276479;0.00402247;
48;4096;4096;measure;scatter;0.684846;0.382068;0.302749;0.00218924;0.00251079;0.154386;0.00379504;0.00182541;0.00172421;0.13196;0.00435849;
48;4096;4096;measure;scatter;0.713793;0.396212;0.317566;0.00205083;0.00193652;0.202397;0.00398361;0.0017853;0.00423463;0.0973048;0.00387303;
48;4096;4096;measure;scatter;0.73919;0.383314;0.35585;0.00318414;0.00285723;0.192892;0.00450927;0.00255016;0.00262467;0.143494;0.0037382;
48;4096;4096;measure;scatter;0.886984;0.393245;0.493718;0.00278462;0.002748;0.193119;0.00411783;0.00219678;0.00208632;0.282891;0.00377486;
48;4096;4096;measure;scatter;0.799373;0.396117;0.403242;0.00290498;0.00248263;0.210821;0.00529422;0.00561172;0.00257221;0.16971;0.00384531;
48;4096;4096;measure;scatter;0.918695;0.394552;0.524125;0.00307653;0.00304323;0.189529;0.00477423;0.00267467;0.00316532;0.309305;0.00855712;
48;4096;4096;measure;scatter;0.856822;0.39112;0.465681;0.00323192;0.00277255;0.16324;0.00456055;0.00266668;0.00300887;0.281399;0.0048018;
48;4096;4096;measure;scatter;0.746556;0.395747;0.350787;0.00288242;0.00230718;0.207091;0.00446149;0.00308296;0.0029628;0.123939;0.00406032;
48;4096;4096;measure;scatter;0.837969;0.394609;0.443342;0.0028196;0.00245911;0.176798;0.00375225;0.00247922;0.0026539;0.248539;0.00384041;
48;4096;4096;measure;scatter;0.857703;0.395451;0.462225;0.00283658;0.00300688;0.183461;0.00436489;0.00244424;0.00204189;0.259682;0.00438703;
48;4096;4096;measure;scatter;0.925487;0.383025;0.542437;0.00260714;0.00213273;0.217404;0.00344047;0.00205682;0.00205715;0.302355;0.0103836;
48;4096;4096;measure;scatter;1.06748;0.381901;0.685558;0.00296144;0.00346364;0.268873;0.00492801;0.00374024;0.00263328;0.392539;0.00642004;
48;4096;4096;measure;scatter;0.711305;0.390683;0.320607;0.00310661;0.00362359;0.165662;0.00400864;0.00515432;0.00251035;0.13305;0.00349095;
48;4096;4096;measure;scatter;0.7352;0.393526;0.34166;0.0031011;0.00286748;0.190517;0.00521277;0.0027585;0.00213748;0.130994;0.00407227;
48;4096;4096;measure;scatter;0.799493;0.394182;0.405289;0.0136266;0.00214219;0.0691547;0.00562326;0.00270159;0.00246925;0.305389;0.00418299;
48;4096;4096;measure;scatter;0.652476;0.395562;0.256854;0.0030683;0.00302859;0.120424;0.00461751;0.00265673;0.00215282;0.116376;0.00452945;
48;4096;4096;measure;scatter;0.825211;0.392972;0.432222;0.00300586;0.00252222;0.210901;0.0041932;0.0226997;0.00268988;0.182667;0.00354283;
48;4096;4096;measure;scatter;0.743004;0.392955;0.350035;0.00306575;0.00194663;0.225578;0.00456151;0.00213005;0.0026071;0.105659;0.00448676;
48;4096;4096;measure;scatter;0.787903;0.392668;0.395213;0.0031441;0.0027636;0.191342;0.00399663;0.00269809;0.00384335;0.183475;0.00395026;
48;4096;4096;measure;scatter;0.937888;0.381814;0.55606;0.00220016;0.00215225;0.260994;0.00456815;0.00205757;0.00153153;0.273217;0.00933991;
48;4096;4096;measure;scatter;0.848033;0.385765;0.462238;0.00313212;0.00248633;0.244595;0.0060791;0.00619885;0.00238009;0.19289;0.00447627;
48;4096;4096;measure;scatter;0.876036;0.392715;0.483288;0.00310625;0.00290207;0.187757;0.00446324;0.00300089;0.00259463;0.275621;0.00384323;
48;4096;4096;measure;scatter;0.869892;0.394031;0.475825;0.00293591;0.00303128;0.186005;0.0034744;0.00254831;0.00239833;0.271617;0.00381446;
48;8192;8192;measure;scatter;1.92027;0.610939;1.30931;0.0103694;0.0121296;0.726798;0.0161897;0.0110439;0.0078677;0.498543;0.0263669;
48;8192;8192;measure;scatter;4.02997;0.625649;3.40431;0.0104788;0.0133226;1.54644;0.0139592;0.0072059;0.0067267;1.79072;0.0154557;
48;8192;8192;measure;scatter;4.21634;0.633002;3.58331;0.0104209;0.0122708;1.64769;0.0140672;0.00749408;0.00652319;1.85722;0.0276147;
48;8192;8192;measure;scatter;3.65454;0.627269;3.02725;0.0102389;0.00850004;1.59402;0.0145708;0.0074853;0.00744515;1.36426;0.020729;
48;8192;8192;measure;scatter;2.91657;0.632968;2.28359;0.0103958;0.0134108;0.905228;0.0158549;0.00718258;0.00818518;1.30812;0.0152105;
48;8192;8192;measure;scatter;3.08065;0.629295;2.45134;0.0112273;0.0133775;0.806711;0.0148143;0.0093066;0.00839775;1.55894;0.0285673;
48;8192;8192;measure;scatter;2.7487;0.626803;2.12187;0.0102223;0.00866097;0.99458;0.0132899;0.00795003;0.00902594;1.06157;0.0165776;
48;8192;8192;measure;scatter;2.86292;0.630169;2.23273;0.0105396;0.0132931;1.01448;0.015692;0.00833204;0.00805047;1.13441;0.0279301;
48;8192;8192;measure;scatter;2.95757;0.628283;2.32927;0.010412;0.0121361;0.977001;0.0172131;0.00865326;0.00814283;1.26604;0.0296704;
48;8192;8192;measure;scatter;3.27585;0.625055;2.65078;0.0104493;0.012692;1.67719;0.016828;0.00714532;0.00673707;0.903531;0.0162063;
48;8192;8192;measure;scatter;2.7543;0.630238;2.12402;0.0104668;0.012629;0.830649;0.0162784;0.00754369;0.0078641;1.20959;0.0290076;
48;8192;8192;measure;scatter;2.72322;0.629155;2.09405;0.0105332;0.0125713;1.21112;0.0171804;0.00735792;0.00744399;0.809686;0.018152;
48;8192;8192;measure;scatter;2.09173;0.630653;1.46106;0.010497;0.0129095;0.896994;0.0160912;0.00767976;0.00827584;0.491994;0.01662;
48;8192;8192;measure;scatter;3.88219;0.625873;3.2563;0.0104748;0.00831441;1.62352;0.0135896;0.00744053;0.00678065;1.55372;0.0324604;
48;8192;8192;measure;scatter;2.37308;0.624081;1.74898;0.0105468;0.0137016;0.827541;0.0162614;0.00747654;0.00827767;0.83661;0.0285639;
48;8192;8192;measure;scatter;2.85797;0.627606;2.23034;0.010616;0.0135562;1.03608;0.0154095;0.00979496;0.0112393;1.11397;0.0196814;
48;8192;8192;measure;scatter;1.85943;0.630228;1.22919;0.0103916;0.0085929;0.738475;0.0187831;0.0110692;0.00900986;0.416198;0.0166717;
48;8192;8192;measure;scatter;3.17357;0.617254;2.5563;0.00892449;0.00884362;1.00357;0.0125941;0.00875351;0.00869339;1.49086;0.0140564;
48;8192;8192;measure;scatter;2.5933;0.613492;1.97979;0.0106896;0.0102469;0.92099;0.0189426;0.214315;0.0134489;0.77283;0.0183247;
48;8192;8192;measure;scatter;3.19044;0.635553;2.55488;0.0104745;0.012836;1.54463;0.0130738;0.00771983;0.00754501;0.942524;0.0160738;
48;8192;8192;measure;scatter;3.11131;0.661236;2.45006;0.0128746;0.00872866;1.03564;0.0153954;0.0072164;0.00761411;1.34956;0.0130299;
48;8192;8192;measure;scatter;2.77111;0.634753;2.13634;0.0105291;0.0127602;0.595272;0.0149727;0.00791843;0.00787026;1.47129;0.0157278;
48;8192;8192;measure;scatter;4.37155;0.614335;3.7572;0.00868149;0.00854642;1.2354;0.0165501;0.00748328;0.00687296;2.45551;0.0181567;
48;8192;8192;measure;scatter;2.40972;0.613997;1.79571;0.0106584;0.0121013;1.04755;0.0155016;0.00690166;0.00785263;0.678987;0.0161625;
48;8192;8192;measure;scatter;2.19283;0.632314;1.56051;0.010247;0.0136126;1.0085;0.0155699;0.00806309;0.00832852;0.480012;0.0161772;
48;8192;8192;measure;scatter;3.90432;0.63163;3.27267;0.0109421;0.013262;1.50468;0.014622;0.00721712;0.00712532;1.68472;0.0301052;
48;8192;8192;measure;scatter;3.5074;0.62976;2.87762;0.0105533;0.0133205;1.47906;0.0138437;0.00687009;0.00733399;1.32781;0.0188301;
48;8192;8192;measure;scatter;3.07171;0.632697;2.439;0.0104502;0.0129918;1.02284;0.0171212;0.00906257;0.0109529;1.33709;0.0184951;
48;8192;8192;measure;scatter;2.20394;0.633944;1.56998;0.0105137;0.0130377;0.838261;0.0161611;0.00815918;0.00899815;0.64419;0.030662;
48;8192;8192;measure;scatter;2.6246;0.636636;1.98794;0.0107153;0.00869047;0.907882;0.0151566;0.00799323;0.0085544;1.00786;0.021092;
48;8192;8192;measure;scatter;2.2166;0.630475;1.5861;0.0104163;0.0120926;0.930429;0.0126419;0.00753562;0.009;0.578668;0.025316;
48;8192;8192;measure;scatter;2.46831;0.613968;1.85432;0.00798999;0.00778691;0.587345;0.0150439;0.00674626;0.00812908;1.19974;0.0215407;
48;8192;8192;measure;scatter;3.15278;0.610979;2.54177;0.0106017;0.0127006;0.944969;0.0177929;0.0070188;0.00999432;1.52247;0.0162276;
48;8192;8192;measure;scatter;3.10651;0.634944;2.47155;0.0122526;0.00859939;0.465517;0.0190589;0.00952529;0.0118146;1.91825;0.0265287;
48;8192;8192;measure;scatter;2.22169;0.615413;1.60626;0.0077168;0.00777598;0.495167;0.0162836;0.00921063;0.0107431;1.03877;0.020594;
48;8192;8192;measure;scatter;3.21;0.630032;2.57996;0.00734844;0.0087177;0.752101;0.0127084;0.00802038;0.00804007;1.76704;0.0159825;
48;8192;8192;measure;scatter;3.308;0.619955;2.68803;0.0108106;0.0128694;0.973562;0.0187316;0.0110848;0.0130069;1.62686;0.02111;
48;8192;8192;measure;scatter;3.05131;0.631402;2.41989;0.0105397;0.0126508;1.02031;0.015856;0.00764528;0.00817665;1.32368;0.0210296;
48;8192;8192;measure;scatter;4.24179;0.615397;3.62637;0.0089457;0.00837319;1.12787;0.0203603;0.0115163;0.00943321;2.42353;0.01635;
48;8192;8192;measure;scatter;2.84056;0.617775;2.22277;0.010945;0.012826;0.942645;0.0185184;0.00827648;0.0110003;1.19888;0.0196738;
48;8192;8192;measure;scatter;3.64515;0.632941;3.01219;0.0106975;0.0085464;1.50752;0.0134792;0.00753211;0.00725322;1.4371;0.0200591;
48;8192;8192;measure;scatter;2.63802;0.633542;2.00446;0.0101189;0.0128388;0.81181;0.0145178;0.00981202;0.00914627;1.11912;0.0170944;
48;8192;8192;measure;scatter;2.87768;0.630501;2.24716;0.0104797;0.0127381;0.587434;0.0177549;0.0107829;0.0109601;1.56531;0.0316944;
48;8192;8192;measure;scatter;1.77829;0.631324;1.14694;0.010377;0.013799;0.755149;0.017034;0.0113236;0.00907272;0.305754;0.024434;
48;8192;8192;measure;scatter;3.02803;0.632729;2.39528;0.0102368;0.00847027;1.48985;0.0149835;0.00739814;0.00727933;0.827745;0.0293174;
48;8192;8192;measure;scatter;2.74523;0.627958;2.11725;0.01055;0.0130874;0.921016;0.0136277;0.00748625;0.00815705;1.12614;0.0171852;
48;8192;8192;measure;scatter;3.12172;0.636011;2.48569;0.0102724;0.0132651;1.01854;0.0173907;0.013412;0.012018;1.38443;0.0163624;
48;8192;8192;measure;scatter;3.27311;0.630007;2.64308;0.0106438;0.0130992;0.9866;0.0148937;0.00773617;0.00822379;1.57804;0.0238399;
48;8192;8192;measure;scatter;3.90009;0.634443;3.26563;0.0105331;0.013301;1.57189;0.0129861;0.00670463;0.0070491;1.62745;0.0157204;
48;8192;8192;measure;scatter;2.11074;0.631296;1.47941;0.0129172;0.0104171;0.983062;0.0149431;0.00775761;0.00804998;0.423785;0.0184759;
48;16384;16384;measure;scatter;12.4344;1.19661;11.2378;0.0426911;0.041757;5.262;0.0436032;0.0249839;0.028789;5.73687;0.0570974;
48;16384;16384;measure;scatter;10.7321;1.20206;9.53004;0.0410909;0.0420448;5.56151;0.0398467;0.0240642;0.0282082;3.73257;0.0607062;
48;16384;16384;measure;scatter;9.02153;1.20929;7.81223;0.0405931;0.035568;3.77113;0.0505762;0.0247162;0.029922;3.79892;0.0608045;
48;16384;16384;measure;scatter;10.8903;1.20388;9.6864;0.0407658;0.0294091;2.92365;0.0500257;0.0269393;0.0298543;6.52358;0.0621746;
48;16384;16384;measure;scatter;14.414;1.16994;13.2441;0.0398817;0.0459152;4.69275;0.0685215;0.0317952;0.040865;8.25709;0.0672557;
48;16384;16384;measure;scatter;8.7197;1.1979;7.52176;0.0249778;0.0279212;2.16523;0.0449686;0.0268514;0.0322078;5.14242;0.0571769;
48;16384;16384;measure;scatter;8.75578;1.20462;7.55114;0.0243625;0.028238;3.32332;0.0504814;0.0265619;0.0313301;4.00431;0.0625393;
48;16384;16384;measure;scatter;12.8993;1.17011;11.7292;0.0408122;0.0465828;4.01876;0.0611227;0.0304204;0.0335132;7.43511;0.0628832;
48;16384;16384;measure;scatter;10.3172;1.1695;9.14772;0.0400223;0.0340695;4.10709;0.0436779;0.0316853;0.0406269;4.78261;0.0679394;
48;16384;16384;measure;scatter;9.9662;1.20608;8.76008;0.0430309;0.0413234;4.47733;0.0638637;0.0390705;0.0399071;3.98704;0.0685203;
48;16384;16384;measure;scatter;8.30486;1.17838;7.12645;0.0406206;0.0362973;3.08663;0.0472542;0.0261785;0.0477324;3.76726;0.0744883;
48;16384;16384;measure;scatter;10.3431;1.18256;9.16048;0.0396741;0.0335279;4.1307;0.0631842;0.0292909;0.0397674;4.76254;0.0617974;
48;16384;16384;measure;scatter;11.0542;1.21099;9.84323;0.0417992;0.0363211;2.15066;0.0667401;0.0382128;0.0348329;7.4116;0.0630657;
48;16384;16384;measure;scatter;12.9125;1.17535;11.7371;0.0283827;0.0304149;6.8524;0.0505223;0.0289785;0.0274415;4.6559;0.0630562;
48;16384;16384;measure;scatter;10.4757;1.20554;9.27016;0.0266966;0.0290309;4.51912;0.0517798;0.0245597;0.0297765;4.52684;0.0623579;
48;16384;16384;measure;scatter;11.7905;1.178;10.6124;0.0399618;0.0282644;4.25637;0.0398976;0.0298703;0.0294353;6.13245;0.0561845;
48;16384;16384;measure;scatter;8.81053;1.17882;7.63169;0.0268861;0.0283964;3.60634;0.0406633;0.040653;0.0268127;3.80036;0.0615825;
48;16384;16384;measure;scatter;14.4751;1.17052;13.3046;0.0402842;0.0405261;6.20785;0.0420524;0.0567933;0.0378548;6.81807;0.0611653;
48;16384;16384;measure;scatter;10.6151;1.21214;9.40297;0.0251913;0.0370782;3.48189;0.0398606;0.0244897;0.0275401;5.70801;0.0589095;
48;16384;16384;measure;scatter;8.5355;1.19505;7.34043;0.0433204;0.0415238;3.0094;0.0498278;0.0253993;0.0291109;4.06904;0.0728151;
48;16384;16384;measure;scatter;10.6433;1.20387;9.43941;0.0414625;0.0316635;2.06901;0.0634255;0.0377511;0.0390242;7.0994;0.057666;
48;16384;16384;measure;scatter;9.12299;1.21255;7.91042;0.0427964;0.0411339;3.60368;0.0498214;0.0253879;0.0293187;4.05701;0.0612734;
48;16384;16384;measure;scatter;11.9967;1.2046;10.7921;0.0409516;0.0416631;5.64238;0.0409256;0.024231;0.0282083;4.90604;0.0676848;
48;16384;16384;measure;scatter;10.0558;1.20864;8.84717;0.041217;0.034118;4.30991;0.0505063;0.0258858;0.0290881;4.29813;0.0583238;
48;16384;16384;measure;scatter;17.2745;1.20164;16.0728;0.0413883;0.042875;5.05865;0.0449779;0.0274918;0.0287126;10.7635;0.0652059;
48;16384;16384;measure;scatter;10.9911;1.202;9.78911;0.0264786;0.0293212;1.48623;0.0499296;0.026672;0.0292701;8.0759;0.0653028;
48;16384;16384;measure;scatter;13.0513;1.20524;11.846;0.042616;0.0428606;6.61456;0.0391805;0.0241641;0.0250388;4.9846;0.0729516;
48;16384;16384;measure;scatter;13.9033;1.21669;12.6866;0.0426283;0.0413242;7.10324;0.0381558;0.0240344;0.0280088;5.35237;0.0567909;
48;16384;16384;measure;scatter;15.9253;1.19792;14.7274;0.0262185;0.0296214;5.09964;0.0442539;0.0252961;0.0292325;9.42409;0.0490248;
48;16384;16384;measure;scatter;8.986;1.20183;7.78415;0.0409929;0.0417054;2.10973;0.050876;0.0324479;0.0295136;5.41823;0.0606529;
48;16384;16384;measure;scatter;14.4498;1.18162;13.2681;0.02772;0.0268483;6.65;0.0449946;0.0242025;0.0249899;6.4075;0.0618805;
48;16384;16384;measure;scatter;10.0733;1.1979;8.87539;0.0406985;0.0339793;3.43601;0.0499191;0.0308816;0.0289246;5.19461;0.0603685;
48;16384;16384;measure;scatter;10.3068;1.17216;9.13461;0.0404285;0.0334371;4.07181;0.0610221;0.031462;0.0288275;4.80259;0.0650291;
48;16384;16384;measure;scatter;9.31913;1.2071;8.11201;0.0357727;0.0345967;3.38193;0.0504367;0.0270915;0.0296628;4.49134;0.0611797;
48;16384;16384;measure;scatter;8.17736;1.20859;6.96875;0.0423759;0.0341866;3.41632;0.0510318;0.02544;0.0295011;3.30183;0.0680624;
48;16384;16384;measure;scatter;14.661;1.20294;13.458;0.0432502;0.0419449;6.50938;0.0385889;0.0304577;0.0277865;6.7038;0.0627837;
48;16384;16384;measure;scatter;17.6143;1.20528;16.4091;0.0431001;0.0369505;6.96958;0.0389478;0.0237066;0.0255863;9.20904;0.0621452;
48;16384;16384;measure;scatter;11.0424;1.17969;9.86265;0.0400182;0.0364917;3.57637;0.0656212;0.0432002;0.0397899;5.9953;0.0658616;
48;16384;16384;measure;scatter;10.6168;1.20665;9.41011;0.0410513;0.0388866;3.88977;0.049681;0.025129;0.0292367;5.27656;0.0597987;
48;16384;16384;measure;scatter;10.3449;1.17772;9.16714;0.0408191;0.0368172;4.11025;0.0635925;0.0403074;0.0351828;4.77571;0.0644596;
48;16384;16384;measure;scatter;11.6714;1.17175;10.4996;0.0401056;0.0339791;4.39528;0.0494706;0.0314596;0.0326804;5.85878;0.0578665;
48;16384;16384;measure;scatter;12.799;1.22181;11.5772;0.042657;0.0365711;6.49364;0.0388067;0.0234974;0.0240492;4.84595;0.0719877;
48;16384;16384;measure;scatter;7.50657;1.20261;6.30394;0.040846;0.0415225;3.23817;0.0654322;0.0324795;0.03329;2.7914;0.060806;
48;16384;16384;measure;scatter;11.1535;1.2168;9.93664;0.0408723;0.0417243;4.63395;0.0496558;0.0288875;0.0293521;5.05136;0.0608478;
48;16384;16384;measure;scatter;9.11414;1.206;7.90811;0.0421632;0.0419458;3.27951;0.0505795;0.0257982;0.0303286;4.36652;0.0712621;
48;16384;16384;measure;scatter;15.1605;1.20051;13.96;0.026214;0.0291932;5.51571;0.0408121;0.0238324;0.0292936;8.23827;0.0566333;
48;16384;16384;measure;scatter;12.799;1.22181;11.5772;0.042657;0.0365711;6.49364;0.0388067;0.0234974;0.0240492;4.84595;0.0719877;
48;16384;16384;measure;scatter;7.50657;1.20261;6.30394;0.040846;0.0415225;3.23817;0.0654322;0.0324795;0.03329;2.7914;0.060806;
48;16384;16384;measure;scatter;11.1535;1.2168;9.93664;0.0408723;0.0417243;4.63395;0.0496558;0.0288875;0.0293521;5.05136;0.0608478;
48;16384;16384;measure;scatter;9.11414;1.206;7.90811;0.0421632;0.0419458;3.27951;0.0505795;0.0257982;0.0303286;4.36652;0.0712621;
48;16384;16384;measure;scatter;15.1605;1.20051;13.96;0.026214;0.0291932;5.51571;0.0408121;0.0238324;0.0292936;8.23827;0.0566333;
48;65536;65536;measure;scatter;28.6016;6.74941;21.8522;0.407791;0.685137;14.693;0.824579;0.687277;0.563583;2.42286;1.56803;
48;65536;65536;measure;scatter;15.9129;7.30443;8.60843;0.552378;0.466058;1.60627;0.742901;0.534125;0.438376;2.08786;2.18047;
48;65536;65536;measure;scatter;30.6721;7.2917;23.3804;0.399282;0.444438;1.62077;0.740597;0.478058;0.449381;17.3424;1.9055;
48;65536;65536;measure;scatter;16.7403;7.34421;9.39611;0.576486;0.504478;1.56405;0.934937;0.517984;0.457144;2.70026;2.14077;
48;65536;65536;measure;scatter;27.8735;7.31028;20.5632;0.474802;0.472034;1.64539;0.753575;0.472829;0.446775;13.9133;2.38443;
48;65536;65536;measure;scatter;15.6433;6.83289;8.81033;0.43955;0.697958;1.92197;1.18026;0.488735;0.569595;1.38894;2.12332;
48;65536;65536;measure;scatter;43.7989;6.77776;37.0211;0.393372;0.733921;14.8476;0.881137;0.65833;0.560319;16.9629;1.98355;
48;65536;65536;measure;scatter;15.424;7.33249;8.09151;0.510685;1.06754;0.698658;0.745359;0.474349;0.447141;2.3864;1.76137;
48;65536;65536;measure;scatter;15.8362;7.27311;8.56309;0.423664;0.435708;1.85196;0.749765;0.489409;0.439954;1.77587;2.39676;
48;65536;65536;measure;scatter;30.1795;6.83975;23.3397;0.403884;0.713068;1.37352;1.17681;0.580085;0.536194;15.8826;2.67349;
48;65536;65536;measure;scatter;25.2266;7.28473;17.9418;0.459921;0.452745;1.6219;0.915377;0.526507;0.461339;11.5603;1.94373;
48;65536;65536;measure;scatter;25.1739;7.28498;17.8889;0.471566;0.454649;1.40512;0.916296;0.499256;0.441505;11.4911;2.20939;
48;65536;65536;measure;scatter;43.5882;6.78868;36.7995;0.460805;0.712904;14.859;0.753795;0.677115;0.607513;16.5598;2.16851;
48;65536;65536;measure;scatter;15.7785;7.33173;8.44677;0.425019;0.446858;1.72189;0.76199;0.488641;0.452328;2.57819;1.57186;
48;65536;65536;measure;scatter;15.9329;6.90312;9.02967;0.395963;0.75694;1.7488;0.838624;0.572797;0.741164;1.95569;2.01968;
48;65536;65536;measure;scatter;15.1353;6.85625;8.27902;0.543473;0.775832;1.43446;1.07081;0.575492;0.528842;1.9865;1.3636;
48;65536;65536;measure;scatter;32.952;6.75849;26.1935;0.425625;0.627561;7.90006;0.964961;0.734069;0.657965;13.5412;1.34204;
48;65536;65536;measure;scatter;16.1009;6.74681;9.3541;0.393912;0.651202;2.11058;1.11034;0.578265;0.744657;1.52119;2.24395;
48;65536;65536;measure;scatter;16.2096;7.31664;8.893;0.397101;0.447698;1.78498;0.743993;0.421476;0.44592;2.25016;2.40167;
48;65536;65536;measure;scatter;16.7347;7.31152;9.42299;0.415343;0.449683;1.73889;0.750953;0.468019;0.446063;2.71084;2.4432;
48;65536;65536;measure;scatter;27.2401;6.78009;20.4599;0.440978;0.592212;13.2583;0.945918;0.612796;0.631628;1.55237;2.42568;
48;65536;65536;measure;scatter;15.7159;7.30652;8.40939;0.381867;0.454961;1.77432;0.752648;0.504134;0.441402;1.93381;2.16625;
48;65536;65536;measure;scatter;17.0525;6.9439;10.1086;0.59713;0.574724;1.52865;1.09754;0.675628;0.562756;2.72032;2.35183;
48;65536;65536;measure;scatter;29.9631;6.80213;23.1608;0.50657;0.627043;1.64773;1.17304;0.619011;0.617401;15.8398;2.13029;
48;65536;65536;measure;scatter;16.2126;7.32775;8.88487;0.452674;0.444273;1.87605;0.74988;0.515049;0.452921;2.57293;1.8211;
48;65536;65536;measure;scatter;15.672;6.85465;8.8173;0.468198;0.611715;1.9833;0.751426;0.740318;0.592367;1.97529;1.69468;
48;65536;65536;measure;scatter;15.6215;7.26351;8.35794;0.519053;0.45004;1.6132;0.947447;0.479734;0.444779;2.27552;1.62817;
48;65536;65536;measure;scatter;16.025;7.48401;8.54093;0.385657;0.46671;1.59288;0.915965;0.521086;0.438336;1.74989;2.4704;
48;65536;65536;measure;scatter;15.5622;7.19319;8.36901;0.447883;0.429451;1.7462;0.93826;0.492927;0.438436;2.68668;1.18918;
48;65536;65536;measure;scatter;30.5264;7.23377;23.2926;0.397588;0.46123;1.64468;0.9049;0.514754;0.481892;16.8297;2.05784;
48;65536;65536;measure;scatter;16.7328;7.43257;9.30023;0.430569;0.437345;1.64276;0.937592;0.569441;0.440962;2.42625;2.41531;
48;65536;65536;measure;scatter;16.1916;6.85965;9.33189;0.469367;0.571765;2.1068;1.12174;0.673083;0.545909;1.66474;2.1785;
48;65536;65536;measure;scatter;15.8732;6.83587;9.03726;0.52699;0.59949;1.55447;0.879659;0.613375;0.752624;2.0912;2.01945;
48;65536;65536;measure;scatter;28.2942;6.82995;21.4642;0.395732;0.673339;1.77441;0.981567;0.795992;0.535352;14.3038;2.004;
48;65536;65536;measure;scatter;15.9068;7.30335;8.60342;0.465288;0.474396;1.38564;0.91636;0.492881;0.434735;2.32515;2.10897;
48;65536;65536;measure;scatter;15.8243;7.33235;8.49189;0.454772;0.448975;1.38005;0.911983;0.529401;0.461593;2.19833;2.10679;
48;65536;65536;measure;scatter;30.9638;7.30027;23.6635;0.462993;0.446615;1.62428;0.744215;0.478048;0.450389;17.1981;2.25884;
48;65536;65536;measure;scatter;29.8016;6.79679;23.0048;0.443923;0.710023;2.03141;1.17132;0.581415;0.538301;15.3085;2.21992;
48;65536;65536;measure;scatter;43.0257;6.78522;36.2404;0.484074;0.679243;13.5438;1.10555;0.685685;0.639137;16.5865;2.51632;
48;65536;65536;measure;scatter;25.2938;6.85322;18.4406;0.427636;0.643984;11.4754;0.751834;0.6479;0.628278;1.57163;2.29397;
48;65536;65536;measure;scatter;24.9321;6.95688;17.9752;0.39386;0.746911;1.5805;0.746052;0.688372;0.53119;11.1659;2.12238;
48;65536;65536;measure;scatter;45.7993;6.84397;38.9553;0.446849;0.627035;1.85418;1.01846;0.659004;0.536235;31.7492;2.06431;
48;65536;65536;measure;scatter;40.3782;6.85778;33.5204;0.417138;0.767981;13.1719;1.05387;0.54932;0.787912;15.2805;1.49186;
48;65536;65536;measure;scatter;24.5966;7.18265;17.4139;0.418288;0.448391;1.87768;0.744012;0.468193;0.444747;11.9049;1.10777;
48;65536;65536;measure;scatter;16.0895;7.31089;8.77862;0.455633;0.441303;1.32682;0.74908;0.576999;0.439027;2.22008;2.56968;
48;65536;65536;measure;scatter;34.8816;6.80944;28.0721;0.400046;0.784948;1.30165;1.17361;0.733986;0.585677;20.6696;2.42265;
48;65536;65536;measure;scatter;16.8785;7.38315;9.49537;0.43899;0.470039;1.5552;0.904229;0.422781;0.437994;2.81619;2.44995;
48;65536;65536;measure;scatter;31.1192;6.81092;24.3082;0.414258;0.661335;1.96374;0.974789;0.632433;0.674921;16.8889;2.09786;
48;65536;65536;measure;scatter;16.1233;7.34325;8.78005;0.390777;0.458284;1.427;0.921084;0.500555;0.447734;2.54939;2.08521;
48;65536;65536;measure;scatter;16.1145;7.25485;8.85968;0.398616;0.446361;1.62429;0.754698;0.528091;0.445699;2.98498;1.67695;