n_threads;n_x;n_y;plan;comm_flag;total;initialization;fft_2d_total;first_fftw;first_split;first_comm;first_trans;second_fftw;second_split;second_comm;second_trans;
48;8;8;measure;scatter;0.023617;0.00143849;0.0221698;7.2526e-05;3.9684e-05;0.0217028;6.4141e-05;3.4464e-05;2.644e-05;0.00016001;6.9731e-05;
48;8;8;measure;scatter;0.00197718;0.00135829;0.000609083;4.8751e-05;5.3611e-05;0.000190397;7.0693e-05;3.1289e-05;3.2661e-05;0.000118111;6.357e-05;
48;8;8;measure;scatter;0.00200701;0.00144952;0.000546947;5.4613e-05;3.3332e-05;0.000115517;8.9538e-05;3.741e-05;2.7702e-05;0.00013276;5.6075e-05;
48;8;8;measure;scatter;0.00203478;0.00142232;0.000606077;5.8419e-05;3.7952e-05;0.000221926;8.6663e-05;4.306e-05;2.4737e-05;7.7495e-05;5.5825e-05;
48;8;8;measure;scatter;0.00178908;0.00136267;0.000417834;5.5354e-05;2.9165e-05;7.0823e-05;7.2295e-05;2.5648e-05;2.8975e-05;8.5921e-05;4.9653e-05;
48;8;8;measure;scatter;0.00177998;0.00129738;0.000474901;4.8321e-05;3.5897e-05;7.9139e-05;8.537e-05;2.7451e-05;2.5959e-05;0.000110427;6.2337e-05;
48;8;8;measure;scatter;0.00190861;0.00150441;0.000399189;4.6528e-05;2.9174e-05;6.8168e-05;6.3079e-05;3.9193e-05;2.9305e-05;5.7839e-05;6.5903e-05;
48;8;8;measure;scatter;0.00188172;0.0012207;0.000649037;4.5635e-05;2.9636e-05;0.000251111;0.000108033;3.188e-05;3.2881e-05;9.025e-05;5.9611e-05;
48;8;8;measure;scatter;0.00200916;0.00121767;0.000782529;4.88519e-05;3.6018e-05;0.000379191;8.0732e-05;3.215e-05;2.4065e-05;0.000118472;6.3049e-05;
48;8;8;measure;scatter;0.00196204;0.00139952;0.000552838;4.6648e-05;3.7761e-05;0.000132318;6.4421e-05;4.2049e-05;3.4545e-05;0.000121888;7.3208e-05;
48;8;8;measure;scatter;0.00196133;0.0013176;0.00063429;4.1588e-05;2.9505e-05;0.000263274;7.1294e-05;3.8843e-05;2.4867e-05;0.000102432;6.2487e-05;
48;8;8;measure;scatter;0.00188818;0.00145878;0.000415449;5.5143e-05;3.2701e-05;5.8821e-05;7.0502e-05;2.4205e-05;2.628e-05;7.8507e-05;6.929e-05;
48;8;8;measure;scatter;0.00197427;0.00138384;0.000579026;4.0897e-05;2.5798e-05;0.000220233;6.8639e-05;3.2772e-05;2.0268e-05;9.7513e-05;7.2906e-05;
48;8;8;measure;scatter;0.0018585;0.00118847;0.00066055;4.6648e-05;2.2532e-05;0.000264416;6.6726e-05;2.4486e-05;2.9174e-05;0.000132469;7.4099e-05;
48;8;8;measure;scatter;0.0018334;0.00139137;0.00043187;5.3089e-05;3.73001e-05;7.78559e-05;7.5682e-05;3.0778e-05;2.9656e-05;7.0813e-05;5.66959e-05;
48;8;8;measure;scatter;0.00193969;0.00136232;0.000567565;5.5594e-05;3.4434e-05;0.000167104;7.5682e-05;3.1078e-05;4.3302e-05;9.6681e-05;6.369e-05;
48;8;8;measure;scatter;0.00174697;0.00129653;0.000440106;4.2289e-05;3.3713e-05;0.00011707;6.1265e-05;2.6951e-05;3.30009e-05;6.9902e-05;5.5915e-05;
48;8;8;measure;scatter;0.00176518;0.00118483;0.000569649;5.3882e-05;2.71e-05;0.000195437;7.5141e-05;3.6298e-05;2.667e-05;0.000103164;5.1957e-05;
48;8;8;measure;scatter;0.00212506;0.00156098;0.000555332;5.0505e-05;3.8923e-05;0.000135524;6.6585e-05;3.1699e-05;2.4787e-05;0.00014938;5.7929e-05;
48;8;8;measure;scatter;0.00195105;0.00128216;0.000659167;3.8352e-05;2.7843e-05;0.000340649;7.3017e-05;3.226e-05;2.3214e-05;7.7906e-05;4.5926e-05;
48;8;8;measure;scatter;0.00171067;0.00122059;0.000480722;4.7199e-05;3.5316e-05;0.000132308;8.533e-05;2.7772e-05;2.1681e-05;6.6946e-05;6.417e-05;
48;8;8;measure;scatter;0.00230974;0.00148994;0.000811332;5.1867e-05;3.5978e-05;0.000464471;7.44101e-05;2.7141e-05;2.9595e-05;7.4891e-05;5.2979e-05;
48;8;8;measure;scatter;0.00184772;0.0012398;0.000595537;4.5004e-05;2.6069e-05;0.000200987;8.9418e-05;2.5999e-05;2.4646e-05;0.000111389;7.2025e-05;
48;8;8;measure;scatter;0.00180161;0.00137195;0.00041023;4.6838e-05;2.5868e-05;4.8631e-05;5.4693e-05;2.3715e-05;2.708e-05;0.000121278;6.2127e-05;
48;8;8;measure;scatter;0.00185298;0.00140504;0.00043711;4.5245e-05;4.1387e-05;6.9942e-05;6.416e-05;3.3443e-05;3.1018e-05;8.7654e-05;6.4261e-05;
48;8;8;measure;scatter;0.00194132;0.00129833;0.000632337;3.9234e-05;5.5043e-05;0.000212008;7.1584e-05;3.3493e-05;2.4977e-05;0.000139712;5.6286e-05;
48;8;8;measure;scatter;0.00193973;0.00136965;0.000559429;4.5355e-05;2.702e-05;0.000157165;7.8347e-05;2.9055e-05;2.689e-05;0.000136346;5.9251e-05;
48;8;8;measure;scatter;0.00200629;0.00138512;0.000600356;4.309e-05;3.5287e-05;0.000158126;8.0902e-05;3.2912e-05;2.642e-05;0.000168746;5.4873e-05;
48;8;8;measure;scatter;0.00184676;0.00128287;0.000556524;4.0836e-05;2.4777e-05;0.000203953;8.3657e-05;3.223e-05;2.4726e-05;8.9448e-05;5.6897e-05;
48;8;8;measure;scatter;0.00185799;0.00143746;0.000412534;4.8871e-05;2.7442e-05;6.1305e-05;7.0633e-05;3.0467e-05;2.3023e-05;8.3647e-05;6.7146e-05;
48;8;8;measure;scatter;0.0018504;0.00133902;0.000501982;4.4835e-05;2.8233e-05;0.000118282;9.5709e-05;3.0668e-05;2.3945e-05;0.000100147;6.0163e-05;
48;8;8;measure;scatter;0.00197035;0.0013585;0.000600467;4.7188e-05;3.8232e-05;0.000216046;6.431e-05;2.9856e-05;2.9556e-05;0.000102753;7.2526e-05;
48;8;8;measure;scatter;0.00196109;0.0013375;0.000614483;4.22591e-05;3.185e-05;0.00022929;7.481e-05;2.9706e-05;2.8594e-05;0.000103504;7.447e-05;
48;8;8;measure;scatter;0.0017369;0.00124238;0.000485521;4.1208e-05;4.0145e-05;0.00010661;7.3438e-05;2.7702e-05;2.8333e-05;0.000114535;5.355e-05;
48;8;8;measure;scatter;0.00179609;0.00139076;0.000395602;5.4622e-05;2.8123e-05;4.7018e-05;8.6262e-05;2.4616e-05;2.661e-05;6.8829e-05;5.9522e-05;
48;8;8;measure;scatter;0.00174941;0.00132987;0.000409709;4.4754e-05;3.3724e-05;7.472e-05;7.3618e-05;2.8263e-05;3.0046e-05;6.8108e-05;5.6476e-05;
48;8;8;measure;scatter;0.00191753;0.00120703;0.000701687;5.1717e-05;3.9845e-05;0.000313909;8.9678e-05;2.659e-05;3.3764e-05;9.2713e-05;5.3471e-05;
48;8;8;measure;scatter;0.00181773;0.00136518;0.000443973;4.4203e-05;3.4705e-05;8.9328e-05;7.9298e-05;2.8404e-05;2.7411e-05;8.1854e-05;5.877e-05;
48;8;8;measure;scatter;0.00191883;0.00126171;0.000647455;3.9815e-05;2.2312e-05;0.000297328;7.1033e-05;2.7872e-05;2.2563e-05;0.000102211;6.4321e-05;
48;8;8;measure;scatter;0.00185856;0.00121626;0.00063419;4.7439e-05;3.1128e-05;0.000225914;7.6333e-05;3.0407e-05;3.4635e-05;0.000137418;5.0916e-05;
48;8;8;measure;scatter;0.00203985;0.00126653;0.000764454;4.9292e-05;2.8534e-05;0.000349987;8.8205e-05;2.8463e-05;2.9015e-05;0.000130204;6.0754e-05;
48;8;8;measure;scatter;0.00189238;0.00125224;0.000629421;4.1007e-05;3.1729e-05;0.00025014;7.1263e-05;3.0287e-05;2.115e-05;0.00012255;6.1295e-05;
48;8;8;measure;scatter;0.00194535;0.00145171;0.000486122;5.0986e-05;8.6301e-05;9.1172e-05;7.8126e-05;3.0237e-05;2.9565e-05;6.364e-05;5.6095e-05;
48;8;8;measure;scatter;0.00185822;0.00141466;0.000430648;4.6968e-05;2.5158e-05;7.5702e-05;6.5242e-05;2.648e-05;2.6069e-05;8.9828e-05;7.5201e-05;
48;8;8;measure;scatter;0.0018556;0.0012806;0.000564199;3.7531e-05;3.9253e-05;0.000210976;6.4651e-05;2.4987e-05;3.6078e-05;8.3487e-05;6.7236e-05;
48;8;8;measure;scatter;0.00188794;0.00124161;0.000637847;5.291e-05;1.9226e-05;0.000276278;6.7206e-05;2.4005e-05;2.3434e-05;9.2484e-05;8.2304e-05;
48;8;8;measure;scatter;0.00181557;0.00139329;0.000410721;4.3051e-05;4.0376e-05;5.7187e-05;6.6816e-05;2.3133e-05;1.573e-05;0.00010167;6.2758e-05;
48;8;8;measure;scatter;0.00194152;0.00119031;0.000740499;5.1086e-05;3.3533e-05;0.000319619;8.8036e-05;2.9234e-05;2.8995e-05;0.000103554;8.6442e-05;
48;8;8;measure;scatter;0.0019252;0.00145979;0.000456337;8.8226e-05;3.0307e-05;6.3819e-05;6.8499e-05;2.673e-05;2.3174e-05;8.8235e-05;6.7347e-05;
48;8;8;measure;scatter;0.00175082;0.00128389;0.000455214;5.6696e-05;2.0639e-05;8.7875e-05;7.8206e-05;2.5588e-05;2.648e-05;9.564e-05;6.409e-05;
48;16;16;measure;scatter;0.00194924;0.00125964;0.000682822;4.0136e-05;3.5597e-05;0.000267261;6.907e-05;3.0637e-05;3.0327e-05;0.000132348;7.7446e-05;
48;16;16;measure;scatter;0.00184084;0.00141313;0.000418225;5.9942e-05;3.3333e-05;7.6604e-05;7.0973e-05;3.0156e-05;3.1309e-05;5.5264e-05;6.0644e-05;
48;16;16;measure;scatter;0.00184866;0.00125983;0.000580399;4.244e-05;4.1227e-05;0.000200917;7.8437e-05;4.4834e-05;2.7712e-05;7.5322e-05;6.951e-05;
48;16;16;measure;scatter;0.00176202;0.00132816;0.000425308;6.2126e-05;3.0938e-05;8.2846e-05;7.3939e-05;3.4033e-05;3.5717e-05;3.9825e-05;6.5884e-05;
48;16;16;measure;scatter;0.00183636;0.00127079;0.000546936;6.6334e-05;3.62881e-05;0.00012265;7.5833e-05;3.4244e-05;2.2903e-05;0.000113493;7.5191e-05;
48;16;16;measure;scatter;0.00198165;0.00129851;0.000676108;6.5703e-05;4.1848e-05;0.000224381;8.1163e-05;2.8814e-05;3.2521e-05;0.000140233;6.1445e-05;
48;16;16;measure;scatter;0.00182102;0.00132336;0.000489028;5.819e-05;3.4154e-05;0.000101801;8.3897e-05;2.9546e-05;2.672e-05;8.2545e-05;7.2175e-05;
48;16;16;measure;scatter;0.00181247;0.00124859;0.000557015;5.322e-05;2.9445e-05;0.000120456;7.8928e-05;2.6931e-05;2.8594e-05;0.000159729;5.9712e-05;
48;16;16;measure;scatter;0.00202074;0.00159718;0.000414418;4.9894e-05;3.2381e-05;6.9099e-05;6.9931e-05;3.4415e-05;3.9163e-05;5.0034e-05;6.9501e-05;
48;16;16;measure;scatter;0.00176869;0.00119377;0.000566503;5.2329e-05;2.67799e-05;0.000167234;6.8709e-05;3.0837e-05;3.4145e-05;0.000125766;6.0703e-05;
48;16;16;measure;scatter;0.00194109;0.00134088;0.000590137;5.8319e-05;4.3131e-05;0.000162555;8.3827e-05;2.9636e-05;3.4785e-05;0.000115958;6.1926e-05;
48;16;16;measure;scatter;0.00203962;0.00161758;0.000412003;3.9995e-05;2.3374e-05;5.8339e-05;6.4562e-05;2.6309e-05;2.8554e-05;0.000108994;6.1876e-05;
48;16;16;measure;scatter;0.00181567;0.00122635;0.000578245;4.4604e-05;3.9083e-05;0.000120156;7.4319e-05;3.1409e-05;2.6991e-05;0.000177022;6.4661e-05;
48;16;16;measure;scatter;0.00203395;0.00130013;0.00072472;5.2889e-05;3.5908e-05;0.000126627;7.94691e-05;2.91649e-05;2.7532e-05;0.000302177;7.0953e-05;
48;16;16;measure;scatter;0.00186765;0.00126091;0.000595998;5.0765e-05;2.5739e-05;0.000190317;7.0041e-05;3.1469e-05;3.2742e-05;0.000115887;7.9038e-05;
48;16;16;measure;scatter;0.00197964;0.00135886;0.00061286;4.8661e-05;3.5797e-05;0.000231936;8.7233e-05;2.8684e-05;2.4125e-05;9.4027e-05;6.2397e-05;
48;16;16;measure;scatter;0.00165366;0.00115208;0.000492244;5.5855e-05;3.2922e-05;8.5621e-05;6.6605e-05;3.5556e-05;2.8313e-05;0.000113233;7.4139e-05;
48;16;16;measure;scatter;0.00185854;0.00109017;0.000760277;4.9503e-05;4.1478e-05;0.00031956;6.5813e-05;3.20401e-05;3.49859e-05;0.000144932;7.1965e-05;
48;16;16;measure;scatter;0.00192175;0.00109366;0.000816873;3.7951e-05;3.4746e-05;0.000374833;7.52209e-05;3.1699e-05;2.7823e-05;0.000142768;9.1832e-05;
48;16;16;measure;scatter;0.00185517;0.00114646;0.000698962;5.2138e-05;3.5316e-05;0.00029814;8.1072e-05;3.2912e-05;3.4164e-05;0.000100689;6.4531e-05;
48;16;16;measure;scatter;0.00176784;0.00108088;0.000678163;5.3961e-05;4.1578e-05;0.000266911;7.0102e-05;2.9946e-05;2.7792e-05;0.000128151;5.9722e-05;
48;16;16;measure;scatter;0.00173928;0.00132067;0.000408667;4.7018e-05;4.3412e-05;6.6574e-05;6.0224e-05;2.9094e-05;3.2661e-05;7.1505e-05;5.8179e-05;
48;16;16;measure;scatter;0.00204798;0.00135828;0.000680326;4.3251e-05;2.9134e-05;0.000214924;8.4488e-05;3.7491e-05;2.8293e-05;0.000181801;6.0944e-05;
48;16;16;measure;scatter;0.00202235;0.00136845;0.000642726;4.5305e-05;2.4616e-05;9.3696e-05;7.8417e-05;3.5186e-05;2.7682e-05;0.000259727;7.8097e-05;
48;16;16;measure;scatter;0.0117107;0.00125996;0.0104423;6.4451e-05;3.64881e-05;0.00021844;8.1864e-05;3.0727e-05;3.3924e-05;7.5191e-05;0.00990119;
48;16;16;measure;scatter;0.00187758;0.00132;0.000546064;5.4782e-05;1.7463e-05;0.000106029;7.9489e-05;3.4244e-05;3.9725e-05;0.000148579;6.5753e-05;
48;16;16;measure;scatter;0.00176919;0.00114293;0.00061818;5.6075e-05;4.0687e-05;0.000191509;6.4842e-05;3.193e-05;3.4274e-05;0.000128862;7.0001e-05;
48;16;16;measure;scatter;0.00171176;0.00128291;0.000421121;5.7919e-05;2.8894e-05;7.7426e-05;7.9599e-05;2.9064e-05;2.66e-05;5.7989e-05;6.363e-05;
48;16;16;measure;scatter;0.00183957;0.00127496;0.000542728;4.8321e-05;2.693e-05;0.000140724;7.5722e-05;2.8424e-05;2.679e-05;0.000130936;6.4881e-05;
48;16;16;measure;scatter;0.00179952;0.00129744;0.000483397;5.2459e-05;2.9204e-05;9.8425e-05;7.2716e-05;3.2872e-05;2.5318e-05;0.000106039;6.6364e-05;
48;16;16;measure;scatter;0.00205396;0.00139115;0.000653566;5.0334e-05;3.5256e-05;0.000253315;8.1674e-05;3.5336e-05;3.4966e-05;9.9566e-05;6.3119e-05;
48;16;16;measure;scatter;0.00181954;0.00137485;0.000436639;6.0563e-05;3.5136e-05;7.1494e-05;7.3378e-05;2.7892e-05;2.9606e-05;6.9039e-05;6.9531e-05;
48;16;16;measure;scatter;0.00182136;0.0011639;0.000651512;4.79801e-05;2.99659e-05;0.000234069;7.5412e-05;3.17389e-05;2.8694e-05;0.000142357;6.1295e-05;
48;16;16;measure;scatter;0.00193689;0.00113007;0.000795673;4.4994e-05;3.3994e-05;0.000371477;8.2365e-05;3.218e-05;2.8954e-05;0.000117721;8.3988e-05;
48;16;16;measure;scatter;0.00194703;0.0013691;0.000566142;5.868e-05;3.3122e-05;0.000171733;6.2647e-05;2.9836e-05;3.4535e-05;9.2423e-05;8.3166e-05;
48;16;16;measure;scatter;0.00182041;0.00113894;0.000673954;5.4121e-05;2.9095e-05;0.000254237;7.7546e-05;3.3743e-05;3.757e-05;0.000114665;7.2977e-05;
48;16;16;measure;scatter;0.00192122;0.00125954;0.000653446;4.0897e-05;3.19e-05;0.000255499;7.43e-05;3.1158e-05;3.3573e-05;0.000122119;6.4e-05;
48;16;16;measure;scatter;0.00185798;0.0011525;0.000685526;3.6999e-05;3.7461e-05;0.000296055;7.2526e-05;3.2972e-05;3.14791e-05;0.000122059;5.5975e-05;
48;16;16;measure;scatter;0.00194425;0.0012575;0.000675858;4.7479e-05;3.3904e-05;0.000289623;7.4851e-05;3.0487e-05;2.9786e-05;0.000109706;6.0022e-05;
48;16;16;measure;scatter;0.00193688;0.00127931;0.000645842;4.5966e-05;2.9977e-05;0.000262883;8.38769e-05;2.8043e-05;2.13e-05;0.00011228;6.1516e-05;
48;16;16;measure;scatter;0.00188942;0.00126981;0.000606418;5.1076e-05;3.1118e-05;0.000192562;7.7345e-05;2.9605e-05;3.4144e-05;0.000120597;6.9971e-05;
48;16;16;measure;scatter;0.00170356;0.00122901;0.000466245;5.6587e-05;3.5105e-05;8.1523e-05;8.9208e-05;3.5146e-05;2.7441e-05;7.6053e-05;6.5182e-05;
48;16;16;measure;scatter;0.00187119;0.00139904;0.000464812;5.0235e-05;3.4835e-05;7.7686e-05;7.0953e-05;2.9696e-05;3.5326e-05;8.8055e-05;7.8026e-05;
48;16;16;measure;scatter;0.00176699;0.00124455;0.000513664;5.1016e-05;3.5116e-05;0.000134763;7.0812e-05;3.3503e-05;2.9456e-05;9.0389e-05;6.8609e-05;
48;16;16;measure;scatter;0.00193619;0.00125235;0.000664367;5.6927e-05;3.1549e-05;0.000241774;8.3547e-05;2.9745e-05;2.5338e-05;0.000126627;6.886e-05;
48;16;16;measure;scatter;0.00179755;0.0011108;0.000678092;4.279e-05;2.8644e-05;0.000300995;6.7446e-05;3.8793e-05;3.0918e-05;9.7062e-05;7.1444e-05;
48;16;16;measure;scatter;0.0017239;0.00113889;0.000576672;5.314e-05;3.9725e-05;0.000141565;8.5e-05;3.2581e-05;3.4615e-05;0.000135234;5.4812e-05;
48;16;16;measure;scatter;0.00178518;0.00127817;0.000497283;5.6035e-05;2.668e-05;0.000114034;7.3929e-05;2.7962e-05;2.8283e-05;0.000104617;6.5743e-05;
48;16;16;measure;scatter;0.00169434;0.00125454;0.000430588;5.6125e-05;2.0729e-05;8.2625e-05;7.5852e-05;3.1139e-05;2.4676e-05;8.011e-05;5.9332e-05;
48;16;16;measure;scatter;0.00177184;0.00135155;0.000411712;5.5684e-05;3.0067e-05;5.2939e-05;6.5052e-05;2.9325e-05;2.675e-05;9.2143e-05;5.9752e-05;
48;32;32;measure;scatter;0.0193657;0.0187199;0.000635342;6.406e-05;8.6993e-05;0.000164289;8.2074e-05;3.734e-05;3.754e-05;8.4649e-05;7.8397e-05;
48;32;32;measure;scatter;0.0193568;0.0186341;0.000712347;5.26489e-05;4.3662e-05;0.000283762;0.00012777;3.6528e-05;3.0227e-05;7.5963e-05;6.1786e-05;
48;32;32;measure;scatter;0.0196498;0.0191582;0.000482745;7.1464e-05;4.0546e-05;8.6262e-05;7.0362e-05;3.6438e-05;3.3052e-05;7.1023e-05;7.3598e-05;
48;32;32;measure;scatter;0.0194937;0.0186769;0.000806092;6.4961e-05;3.164e-05;0.000348183;7.3628e-05;2.9185e-05;2.7041e-05;0.000152416;7.9038e-05;
48;32;32;measure;scatter;0.0194148;0.0188661;0.000539082;5.7128e-05;4.1357e-05;0.000104677;7.0352e-05;3.8512e-05;3.5306e-05;9.8896e-05;9.2854e-05;
48;32;32;measure;scatter;0.0197625;0.0187917;0.000961123;6.7797e-05;3.3382e-05;0.000517912;7.0673e-05;3.4104e-05;2.8764e-05;0.000131326;7.7165e-05;
48;32;32;measure;scatter;0.0193171;0.0186723;0.000636905;6.2958e-05;4.799e-05;0.000217008;8.7404e-05;3.5697e-05;3.8792e-05;7.7686e-05;6.937e-05;
48;32;32;measure;scatter;0.0192182;0.0187348;0.000472677;6.2668e-05;3.1148e-05;6.8759e-05;7.2997e-05;3.8843e-05;2.7712e-05;9.614e-05;7.441e-05;
48;32;32;measure;scatter;0.0193357;0.0187515;0.000572945;9.1622e-05;4.0426e-05;0.000130304;8.4098e-05;3.8763e-05;4.0365e-05;7.2146e-05;7.5221e-05;
48;32;32;measure;scatter;0.0196403;0.0188729;0.000759956;7.1363e-05;4.4634e-05;0.000340649;7.8939e-05;3.8632e-05;3.8382e-05;8.3376e-05;6.3981e-05;
48;32;32;measure;scatter;0.030198;0.0187615;0.0114248;5.314e-05;3.2451e-05;0.011027;8.2675e-05;4.0366e-05;2.7802e-05;0.000104255;5.7148e-05;
48;32;32;measure;scatter;0.019382;0.0186686;0.00070352;5.9822e-05;2.702e-05;0.000249769;7.8087e-05;3.66381e-05;2.9856e-05;0.00015969;6.2638e-05;
48;32;32;measure;scatter;0.0192767;0.018767;0.000498906;6.0283e-05;2.8484e-05;9.5599e-05;6.7767e-05;3.0768e-05;3.2371e-05;0.000101871;8.1763e-05;
48;32;32;measure;scatter;0.0193761;0.0188252;0.000539112;6.9541e-05;2.8463e-05;0.000124304;7.8717e-05;2.9506e-05;3.0888e-05;9.8785e-05;7.8908e-05;
48;32;32;measure;scatter;0.0194066;0.0188972;0.00049024;6.403e-05;4.0577e-05;0.000101771;6.9119e-05;3.5096e-05;3.4515e-05;6.7146e-05;7.7986e-05;
48;32;32;measure;scatter;0.0195134;0.0188271;0.000675648;6.8659e-05;4.0195e-05;0.000236694;7.5312e-05;3.7199e-05;3.3383e-05;9.6852e-05;8.7354e-05;
48;32;32;measure;scatter;0.019324;0.018664;0.000646994;5.5023e-05;3.1289e-05;0.000210565;7.8137e-05;4.0135e-05;4.5646e-05;0.000119464;6.6735e-05;
48;32;32;measure;scatter;0.0193334;0.0187455;0.000579047;5.6176e-05;5.5995e-05;0.000146495;7.0582e-05;3.8132e-05;2.3413e-05;0.000108935;7.9319e-05;
48;32;32;measure;scatter;0.0193831;0.0188368;0.000536136;5.9512e-05;2.8514e-05;0.00010141;7.993e-05;3.4945e-05;2.2182e-05;0.000143399;6.6244e-05;
48;32;32;measure;scatter;0.019259;0.0187647;0.000483487;5.2408e-05;4.0677e-05;8.3586e-05;8.9068e-05;4.265e-05;3.4404e-05;7.8527e-05;6.2167e-05;
48;32;32;measure;scatter;0.01947;0.0189813;0.000477045;8.2445e-05;4.793e-05;8.2876e-05;7.6243e-05;3.8953e-05;2.0438e-05;5.4462e-05;7.3698e-05;
48;32;32;measure;scatter;0.019579;0.0189487;0.00060757;8.4909e-05;3.9835e-05;0.000120065;7.9439e-05;4.57561e-05;2.9085e-05;0.00013866;6.9821e-05;
48;32;32;measure;scatter;0.0195046;0.0187774;0.000720472;6.2327e-05;3.4815e-05;0.000279665;7.6964e-05;3.6158e-05;3.3233e-05;0.000119293;7.8017e-05;
48;32;32;measure;scatter;0.0195265;0.0188767;0.000642485;5.5293e-05;3.9855e-05;0.000242335;8.0651e-05;3.9134e-05;2.8593e-05;7.8177e-05;7.8447e-05;
48;32;32;measure;scatter;0.0193169;0.0188704;0.000437671;5.3871e-05;4.6237e-05;0.000100248;7.5301e-05;3.748e-05;2.9646e-05;3.1699e-05;6.3189e-05;
48;32;32;measure;scatter;0.0195505;0.0187681;0.000772299;7.4129e-05;2.5277e-05;0.000301646;8.529e-05;3.744e-05;3.2091e-05;0.000147116;6.931e-05;
48;32;32;measure;scatter;0.0194569;0.0187659;0.000680347;6.1145e-05;4.0526e-05;0.000246232;7.0061e-05;3.4425e-05;4.1458e-05;0.00011192;7.458e-05;
48;32;32;measure;scatter;0.0194163;0.0187098;0.000694914;5.6166e-05;3.8803e-05;0.000219401;7.6724e-05;3.9304e-05;3.2591e-05;0.000129794;0.000102131;
48;32;32;measure;scatter;0.0193829;0.0188423;0.000531527;9.2964e-05;2.4967e-05;0.000102212;7.0212e-05;2.9936e-05;4.1728e-05;9.1241e-05;7.8267e-05;
48;32;32;measure;scatter;0.0195186;0.0189194;0.000589436;6.7116e-05;3.4565e-05;0.000153578;7.7746e-05;3.738e-05;3.5406e-05;0.000118833;6.4812e-05;
48;32;32;measure;scatter;0.0194401;0.0186652;0.000764384;6.3739e-05;3.9775e-05;0.000331582;6.5573e-05;4.3141e-05;3.5396e-05;0.000107031;7.8147e-05;
48;32;32;measure;scatter;0.0192377;0.0187161;0.000512301;7.6393e-05;4.3813e-05;8.562e-05;7.8938e-05;3.696e-05;3.199e-05;8.7384e-05;7.1203e-05;
48;32;32;measure;scatter;0.0197033;0.0188607;0.000832001;6.8198e-05;3.2731e-05;0.000387127;0.000104395;3.3233e-05;2.8864e-05;0.000118542;5.8911e-05;
48;32;32;measure;scatter;0.0195084;0.0190306;0.000470173;6.6726e-05;3.731e-05;8.551e-05;7.9489e-05;3.6649e-05;3.2741e-05;7.0332e-05;6.1416e-05;
48;32;32;measure;scatter;0.0193866;0.0188248;0.000551004;6.7687e-05;2.4045e-05;0.000101861;0.000116128;3.0698e-05;3.1689e-05;0.000120737;5.8159e-05;
48;32;32;measure;scatter;0.0195193;0.0190257;0.000474009;6.5673e-05;4.4253e-05;8.6522e-05;7.2376e-05;4.0687e-05;2.704e-05;6.4972e-05;7.2486e-05;
48;32;32;measure;scatter;0.0193863;0.0188847;0.000491954;6.2658e-05;3.4054e-05;6.3429e-05;7.7826e-05;3.5687e-05;2.4336e-05;0.000115156;7.8808e-05;
48;32;32;measure;scatter;0.0196872;0.0188157;0.000861246;6.1155e-05;2.5268e-05;0.000451507;7.6363e-05;3.3042e-05;3.5396e-05;0.000125807;5.2708e-05;
48;32;32;measure;scatter;0.0195191;0.0186909;0.000811803;6.8879e-05;3.3583e-05;0.000377588;7.0833e-05;4.0096e-05;2.7892e-05;0.000119033;7.3899e-05;
48;32;32;measure;scatter;0.030197;0.0297561;0.000430698;5.4502e-05;3.2731e-05;5.2399e-05;7.5842e-05;4.1057e-05;2.9926e-05;7.8467e-05;6.5774e-05;
48;32;32;measure;scatter;0.0195109;0.0188572;0.00063452;0.000120957;2.2051e-05;0.000161243;8.3987e-05;3.5457e-05;2.9185e-05;0.000109355;7.2285e-05;
48;32;32;measure;scatter;0.0193607;0.0188439;0.00050663;7.8177e-05;3.4164e-05;6.0393e-05;8.3437e-05;3.4464e-05;3.2511e-05;9.9347e-05;8.4137e-05;
48;32;32;measure;scatter;0.0194301;0.0188579;0.000562155;7.2015e-05;3.4615e-05;0.0001224;0.000101721;3.8282e-05;3.5687e-05;8.6031e-05;7.1404e-05;
48;32;32;measure;scatter;0.0193658;0.01884;0.000515367;6.6255e-05;4.1287e-05;0.000118653;7.9339e-05;3.6558e-05;1.7553e-05;8.008e-05;7.5642e-05;
48;32;32;measure;scatter;0.0193696;0.018869;0.0004901;6.4812e-05;3.6929e-05;9.5129e-05;8.2765e-05;3.9785e-05;3.4855e-05;6.91e-05;6.6725e-05;
48;32;32;measure;scatter;0.019491;0.0186998;0.000782238;5.4582e-05;3.717e-05;0.000360647;7.2526e-05;3.8673e-05;1.8564e-05;0.000121729;7.8347e-05;
48;32;32;measure;scatter;0.0194802;0.0189202;0.000549761;5.5454e-05;4.9443e-05;0.000115336;6.917e-05;4.266e-05;3.5767e-05;0.000115006;6.6925e-05;
48;32;32;measure;scatter;0.0196159;0.0186984;0.000907372;6.955e-05;3.4305e-05;0.000482265;9.3846e-05;4.0496e-05;3.0497e-05;9.045e-05;6.5963e-05;
48;32;32;measure;scatter;0.0193535;0.0187071;0.00063919;6.4922e-05;3.6438e-05;0.000191349;7.1505e-05;4.1227e-05;2.8544e-05;0.000131035;7.417e-05;
48;32;32;measure;scatter;0.0194819;0.0190141;0.000457909;8.3246e-05;3.5677e-05;5.8499e-05;6.35e-05;2.9785e-05;3.9975e-05;7.2046e-05;7.5181e-05;
48;64;64;measure;scatter;0.0389388;0.0369228;0.00200747;6.8348e-05;4.81e-05;0.00154801;8.538e-05;4.0416e-05;2.0268e-05;0.000130235;6.6705e-05;
48;64;64;measure;scatter;0.037825;0.0367862;0.00102136;4.5225e-05;4.3101e-05;0.000587211;8.7645e-05;3.1118e-05;2.3965e-05;0.000131327;7.1764e-05;
48;64;64;measure;scatter;0.0378962;0.0370035;0.000883017;6.1776e-05;4.9983e-05;0.000426922;0.000101099;4.0436e-05;2.8444e-05;0.000102462;7.1895e-05;
48;64;64;measure;scatter;0.0377308;0.0366452;0.00107708;8.8276e-05;5.7047e-05;0.000573727;9.3856e-05;3.733e-05;3.5466e-05;0.000110478;8.0901e-05;
48;64;64;measure;scatter;0.0381044;0.0372863;0.000807856;6.893e-05;2.8052e-05;9.1592e-05;9.3977e-05;4.3621e-05;3.8072e-05;0.000379782;6.383e-05;
48;64;64;measure;scatter;0.037771;0.0371361;0.00061276;5.3841e-05;4.9362e-05;0.000154591;8.2605e-05;4.8811e-05;2.7692e-05;0.000111409;8.4449e-05;
48;64;64;measure;scatter;0.0378744;0.0368215;0.00104254;5.6286e-05;5.5053e-05;0.000570621;7.55721e-05;4.6698e-05;4.9733e-05;0.000102773;8.5801e-05;
48;64;64;measure;scatter;0.0380937;0.0372591;0.000825299;5.7849e-05;4.3431e-05;9.8675e-05;9.3386e-05;3.5817e-05;4.1127e-05;0.000379732;7.5282e-05;
48;64;64;measure;scatter;0.0378671;0.0367009;0.00115636;7.2506e-05;3.2461e-05;0.000271199;0.000536376;4.3171e-05;4.6147e-05;8.3256e-05;7.1244e-05;
48;64;64;measure;scatter;0.0377967;0.0367553;0.00103163;7.8017e-05;3.0817e-05;0.000258345;0.000100118;4.9884e-05;4.6627e-05;0.000389591;7.8227e-05;
48;64;64;measure;scatter;0.0375545;0.0368667;0.000678564;5.5144e-05;4.8381e-05;0.000204143;7.4169e-05;5.1567e-05;3.9093e-05;0.000116499;8.9568e-05;
48;64;64;measure;scatter;0.03769;0.036895;0.000773672;6.1876e-05;4.4263e-05;0.000299462;8.5871e-05;4.756e-05;3.4194e-05;0.000116919;8.3527e-05;
48;64;64;measure;scatter;0.0378156;0.0371608;0.000647585;6.3489e-05;3.1068e-05;0.000136126;0.000114404;4.3121e-05;4.3021e-05;0.000138189;7.8167e-05;
48;64;64;measure;scatter;0.0377547;0.0367891;0.000956255;6.0043e-05;4.2069e-05;0.000363332;8.7845e-05;4.0035e-05;2.4295e-05;0.000270859;6.7777e-05;
48;64;64;measure;scatter;0.037565;0.0366523;0.000903635;4.5926e-05;5.1597e-05;0.000214612;7.7676e-05;4.3882e-05;2.5809e-05;0.000360787;8.3346e-05;
48;64;64;measure;scatter;0.037777;0.0372278;0.000537779;5.6385e-05;4.217e-05;5.1396e-05;9.3145e-05;3.214e-05;2.2372e-05;0.000167725;7.2446e-05;
48;64;64;measure;scatter;0.0375104;0.0365999;0.000902734;6.7597e-05;5.856e-05;0.000374903;9.3666e-05;5.0164e-05;2.677e-05;0.000157706;7.3368e-05;
48;64;64;measure;scatter;0.0477185;0.0470296;0.000680286;7.6794e-05;6.1656e-05;0.000103834;6.9781e-05;4.5295e-05;2.3074e-05;0.000206327;9.3525e-05;
48;64;64;measure;scatter;0.0379735;0.0372209;0.000742484;8.1343e-05;4.6868e-05;7.0332e-05;0.000105989;4.5245e-05;3.0277e-05;0.000287519;7.4911e-05;
48;64;64;measure;scatter;0.037954;0.0367443;0.00120051;4.4995e-05;4.3752e-05;0.000765216;8.7223e-05;5.1347e-05;4.6156e-05;9.1933e-05;6.9891e-05;
48;64;64;measure;scatter;0.0392802;0.0383447;0.000923062;6.5914e-05;5.7277e-05;0.0001597;8.8355e-05;3.7882e-05;2.4706e-05;0.000417543;7.1685e-05;
48;64;64;measure;scatter;0.0378041;0.0369074;0.000883588;6.5082e-05;4.765e-05;0.00038896;8.559e-05;3.4725e-05;2.2342e-05;0.000164389;7.485e-05;
48;64;64;measure;scatter;0.047445;0.0369075;0.0105289;6.4051e-05;5.2438e-05;0.0100483;8.2345e-05;4.3582e-05;1.6551e-05;0.000145172;7.6494e-05;
48;64;64;measure;scatter;0.0379708;0.0370343;0.000930015;4.5936e-05;4.7389e-05;0.000182152;6.7286e-05;4.5916e-05;3.2882e-05;0.000428063;8.0391e-05;
48;64;64;measure;scatter;0.0375614;0.036861;0.000688381;6.5192e-05;4.0616e-05;0.000183835;8.94381e-05;4.5085e-05;3.1529e-05;0.000156794;7.5892e-05;
48;64;64;measure;scatter;0.0376434;0.03703;0.000606047;6.3018e-05;4.3251e-05;0.000160381;8.516e-05;5.0334e-05;3.4535e-05;0.000104777;6.4591e-05;
48;64;64;measure;scatter;0.0375016;0.0369192;0.000571592;6.3318e-05;3.9925e-05;0.000109816;8.6523e-05;4.6347e-05;3.6608e-05;0.000108414;8.0641e-05;
48;64;64;measure;scatter;0.0375198;0.0370007;0.000510218;6.1656e-05;4.1488e-05;7.984e-05;8.9959e-05;3.8161e-05;4.0757e-05;8.6672e-05;7.1685e-05;
48;64;64;measure;scatter;0.0378565;0.0367303;0.00111608;7.3117e-05;5.5144e-05;0.000603162;8.044e-05;4.3192e-05;2.8172e-05;0.000162936;6.9921e-05;
48;64;64;measure;scatter;0.0491995;0.0469374;0.00225491;6.2768e-05;3.6779e-05;0.00174839;8.6402e-05;3.721e-05;2.9275e-05;0.000184646;6.944e-05;
48;64;64;measure;scatter;0.0379558;0.0367894;0.00115712;6.7737e-05;4.0165e-05;0.000370395;7.8948e-05;3.9444e-05;3.5447e-05;0.000440527;8.4458e-05;
48;64;64;measure;scatter;0.0375587;0.0366221;0.000925908;6.9521e-05;5.42719e-05;0.000450595;7.446e-05;3.8132e-05;1.9937e-05;0.000136135;8.2856e-05;
48;64;64;measure;scatter;0.037452;0.0366163;0.000827032;7.3879e-05;3.6649e-05;0.000324659;9.8224e-05;5.1757e-05;4.247e-05;0.000125686;7.3708e-05;
48;64;64;measure;scatter;0.0376736;0.03676;0.000902344;7.2967e-05;3.4876e-05;0.00014929;9.3585e-05;4.752e-05;2.158e-05;0.000401253;8.1273e-05;
48;64;64;measure;scatter;0.0376192;0.0371214;0.000486463;5.4713e-05;3.7129e-05;9.6241e-05;8.3757e-05;3.8723e-05;2.4406e-05;9.0419e-05;6.1075e-05;
48;64;64;measure;scatter;0.0374371;0.0364236;0.00100472;5.1857e-05;4.4904e-05;0.000508735;9.0089e-05;4.9342e-05;4.9463e-05;0.000141686;6.8639e-05;
48;64;64;measure;scatter;0.0377824;0.0372269;0.000534543;6.8218e-05;3.3873e-05;8.4378e-05;9.553e-05;3.8612e-05;3.8723e-05;0.000101681;7.3528e-05;
48;64;64;measure;scatter;0.0377889;0.0367356;0.0010439;7.8457e-05;3.9053e-05;0.000265769;8.9247e-05;4.9123e-05;3.5967e-05;0.000405371;8.0911e-05;
48;64;64;measure;scatter;0.0379324;0.0368798;0.00104298;5.9853e-05;0.000224311;0.000143579;7.5251e-05;3.9645e-05;4.24689e-05;0.000383009;7.486e-05;
48;64;64;measure;scatter;0.037699;0.0370208;0.000669667;5.6857e-05;5.8249e-05;7.7886e-05;8.9618e-05;4.254e-05;2.5929e-05;0.00024532;7.3268e-05;
48;64;64;measure;scatter;0.0374349;0.0369243;0.000504877;5.6236e-05;4.8771e-05;8.8927e-05;8.6322e-05;4.7509e-05;4.9834e-05;5.5113e-05;7.2165e-05;
48;64;64;measure;scatter;0.037597;0.0369219;0.000668364;6.383e-05;3.3152e-05;0.00021338;7.2727e-05;4.3211e-05;2.3875e-05;0.000141685;7.6504e-05;
48;64;64;measure;scatter;0.0375064;0.036823;0.000673735;6.2137e-05;4.7098e-05;0.000227908;8.8586e-05;5.0785e-05;2.632e-05;0.000102412;6.8489e-05;
48;64;64;measure;scatter;0.0378615;0.0369082;0.000944963;6.4291e-05;4.0536e-05;0.000217278;9.1541e-05;2.8614e-05;2.8003e-05;0.000402936;7.1764e-05;
48;64;64;measure;scatter;0.0374967;0.0366889;0.00079963;5.9562e-05;5.0414e-05;0.000269997;9.3445e-05;3.689e-05;2.2141e-05;0.000160802;0.000106379;
48;64;64;measure;scatter;0.0377243;0.0363856;0.00133057;7.3367e-05;4.6027e-05;0.000567975;9.4488e-05;4.9222e-05;2.8554e-05;0.00038937;8.1563e-05;
48;64;64;measure;scatter;0.0377131;0.0370434;0.000649559;6.6224e-05;5.2438e-05;0.000142267;9.2193e-05;4.4724e-05;3.723e-05;0.000151414;6.3069e-05;
48;64;64;measure;scatter;0.0377602;0.0369244;0.000828574;5.8369e-05;4.239e-05;6.8378e-05;9.1702e-05;4.9613e-05;2.9876e-05;0.000418746;6.95e-05;
48;64;64;measure;scatter;0.0377873;0.0368128;0.000966293;7.5882e-05;6.59541e-05;0.000239429;8.4759e-05;5.2478e-05;3.2361e-05;0.000331001;8.4429e-05;
48;64;64;measure;scatter;0.0375148;0.0368197;0.000686589;7.5251e-05;0.00022348;8.0651e-05;9.8174e-05;4.4404e-05;3.2911e-05;6.6926e-05;6.4792e-05;
48;128;128;measure;scatter;0.138691;0.137371;0.00131178;0.000151073;6.915e-05;0.000384683;0.000103554;7.61831e-05;3.73409e-05;0.000375615;0.000114184;
48;128;128;measure;scatter;0.067622;0.0660909;0.00152237;0.000116118;6.09839e-05;0.000683674;8.3317e-05;7.6904e-05;5.1327e-05;0.000351199;9.88459e-05;
48;128;128;measure;scatter;0.0678027;0.0666392;0.00115207;9.20431e-05;5.7668e-05;0.000323317;9.1302e-05;6.07341e-05;5.13559e-05;0.000377549;9.81051e-05;
48;128;128;measure;scatter;0.0680807;0.0655286;0.00254455;0.000111609;5.94018e-05;0.00158109;9.90459e-05;7.3889e-05;4.9493e-05;0.000487275;8.27459e-05;
48;128;128;measure;scatter;0.06735;0.066226;0.00111488;8.67229e-05;7.50909e-05;0.000332715;9.27141e-05;6.2838e-05;5.58849e-05;0.000320221;8.86971e-05;
48;128;128;measure;scatter;0.0674228;0.0659859;0.00142464;8.9929e-05;6.0003e-05;0.00068189;9.3255e-05;6.70762e-05;4.82909e-05;0.00029836;8.58321e-05;
48;128;128;measure;scatter;0.0675403;0.0660931;0.0014377;9.86762e-05;6.63539e-05;0.00063354;9.59111e-05;7.03221e-05;4.82099e-05;0.000330521;9.4167e-05;
48;128;128;measure;scatter;0.0677867;0.0667088;0.00105935;9.65821e-05;6.53621e-05;0.000200838;8.91571e-05;6.48319e-05;5.08451e-05;0.000391636;0.000100098;
48;128;128;measure;scatter;0.067249;0.0662234;0.00101624;9.8815e-05;5.80091e-05;0.000172544;9.1963e-05;5.858e-05;7.57121e-05;0.00036743;9.31851e-05;
48;128;128;measure;scatter;0.0673128;0.0660469;0.0012545;9.19329e-05;6.3238e-05;0.000471576;8.33871e-05;6.38999e-05;4.5575e-05;0.000354827;8.006e-05;
48;128;128;measure;scatter;0.0779691;0.0665536;0.0114068;0.000117791;6.871e-05;0.0105803;0.000107131;7.62239e-05;5.55541e-05;0.000308539;9.25439e-05;
48;128;128;measure;scatter;0.0671881;0.0662475;0.00093188;0.000121798;5.18281e-05;0.000125325;0.000119424;7.4751e-05;4.61969e-05;0.000296396;9.61612e-05;
48;128;128;measure;scatter;0.0673663;0.0661666;0.00118066;0.000103865;7.4249e-05;0.000344497;8.1914e-05;7.91189e-05;3.48352e-05;0.000359846;0.000102332;
48;128;128;measure;scatter;0.0675462;0.0657955;0.00173934;9.9737e-05;8.43289e-05;0.000854064;0.000100829;6.38701e-05;5.2419e-05;0.00039425;8.98389e-05;
48;128;128;measure;scatter;0.0672417;0.0661622;0.00106906;9.3055e-05;6.31481e-05;0.000303781;8.12321e-05;7.43899e-05;5.0395e-05;0.000308629;9.4428e-05;
48;128;128;measure;scatter;0.067673;0.0658926;0.00177236;8.60109e-05;7.73561e-05;0.00103203;9.8174e-05;8.0432e-05;3.29611e-05;0.000271641;9.3756e-05;
48;128;128;measure;scatter;0.0675172;0.0655255;0.00198268;0.000127639;5.286e-05;0.00118533;8.8807e-05;5.4392e-05;4.8331e-05;0.000332895;9.24331e-05;
48;128;128;measure;scatter;0.0675561;0.0661864;0.00136114;9.17618e-05;6.89302e-05;0.000529224;0.00010137;7.50211e-05;5.0294e-05;0.000340279;0.000104256;
48;128;128;measure;scatter;0.0671903;0.0656573;0.00152202;0.000112591;7.40089e-05;0.000709813;9.8916e-05;5.77392e-05;4.75189e-05;0.000336061;8.53699e-05;
48;128;128;measure;scatter;0.0671162;0.0658613;0.00124453;0.000105298;6.06938e-05;0.000451949;9.7753e-05;8.0982e-05;6.2949e-05;0.000291888;9.3014e-05;
48;128;128;measure;scatter;0.0671664;0.0655109;0.00164427;0.000105328;6.46708e-05;0.000897746;8.61119e-05;6.36901e-05;5.57851e-05;0.000275387;9.5549e-05;
48;128;128;measure;scatter;0.0674067;0.0654886;0.0019098;0.000136306;7.6805e-05;0.00108811;8.38181e-05;5.885e-05;4.81708e-05;0.000315983;0.000101751;
48;128;128;measure;scatter;0.067194;0.0655095;0.0016756;7.59019e-05;7.43901e-05;0.000891625;9.9476e-05;5.7799e-05;3.9133e-05;0.000346621;9.0651e-05;
48;128;128;measure;scatter;0.0810631;0.0657247;0.0153268;9.46368e-05;7.80071e-05;0.00114611;8.9277e-05;5.72279e-05;4.2239e-05;0.0136867;0.000132529;
48;128;128;measure;scatter;0.0674388;0.0658378;0.0015892;9.18619e-05;6.0684e-05;0.0007402;8.60221e-05;7.66439e-05;4.785e-05;0.000373942;0.000112;
48;128;128;measure;scatter;0.0675314;0.0655721;0.00194605;9.2915e-05;6.5994e-05;0.00112323;8.42079e-05;6.8008e-05;4.24301e-05;0.000385354;8.3907e-05;
48;128;128;measure;scatter;0.0674081;0.065757;0.0016381;9.1943e-05;7.56721e-05;0.00077233;0.000120166;0.0001064;3.93542e-05;0.000326543;0.000105688;
48;128;128;measure;scatter;0.0673179;0.0663408;0.000965173;0.00010157;6.16459e-05;0.000168537;0.000115878;7.45601e-05;5.74479e-05;0.00028201;0.000103524;
48;128;128;measure;scatter;0.0672082;0.0657911;0.00139818;9.57299e-05;6.70559e-05;0.000594077;9.94871e-05;5.11459e-05;5.33301e-05;0.000353885;8.3467e-05;
48;128;128;measure;scatter;0.0674473;0.0656058;0.00183399;9.3536e-05;7.56921e-05;0.000991674;8.9328e-05;6.21059e-05;6.6075e-05;0.000349306;0.00010627;
48;128;128;measure;scatter;0.0674477;0.0659991;0.00143877;9.7303e-05;7.34881e-05;0.000604897;0.000112331;7.12441e-05;5.4823e-05;0.00034068;8.40081e-05;
48;128;128;measure;scatter;0.0673349;0.0658904;0.00143489;0.000107542;6.53029e-05;0.00065488;9.45779e-05;5.32102e-05;4.788e-05;0.000302048;0.000109445;
48;128;128;measure;scatter;0.0673685;0.065911;0.00144565;0.000117;5.96321e-05;0.00060139;9.07001e-05;7.2316e-05;4.52648e-05;0.000368743;9.06012e-05;
48;128;128;measure;scatter;0.0671829;0.0657909;0.00138227;8.92479e-05;7.37391e-05;0.00059618;8.88971e-05;7.10741e-05;4.46229e-05;0.000331433;8.7074e-05;
48;128;128;measure;scatter;0.0675169;0.0659245;0.00158451;0.000102383;6.99612e-05;0.000743748;0.000103534;8.2535e-05;5.31601e-05;0.000322667;0.00010652;
48;128;128;measure;scatter;0.0671005;0.0658853;0.00120459;8.72139e-05;6.79079e-05;0.000357932;8.37978e-05;6.36491e-05;3.2912e-05;0.000407977;0.000103204;
48;128;128;measure;scatter;0.0676977;0.0660648;0.00162319;7.99601e-05;5.9031e-05;0.000836372;8.0822e-05;6.05341e-05;5.7939e-05;0.000356139;9.2393e-05;
48;128;128;measure;scatter;0.0673125;0.0657605;0.00154331;9.3305e-05;7.0282e-05;0.000769997;8.2165e-05;6.0654e-05;3.22601e-05;0.000334178;0.000100469;
48;128;128;measure;scatter;0.0675114;0.0652268;0.00227487;9.23541e-05;5.01939e-05;0.00149329;9.17129e-05;7.96891e-05;4.234e-05;0.000328537;9.67521e-05;
48;128;128;measure;scatter;0.0673979;0.0656364;0.00175143;0.000112141;6.3339e-05;0.000948232;9.56499e-05;4.9914e-05;4.34811e-05;0.000348295;9.038e-05;
48;128;128;measure;scatter;0.0675007;0.0660779;0.00141066;9.06212e-05;5.57038e-05;0.000612892;8.7695e-05;6.10549e-05;5.17371e-05;0.000345129;0.000105828;
48;128;128;measure;scatter;0.0674281;0.0656536;0.00176833;0.000107372;6.1135e-05;0.00094731;8.92379e-05;6.27581e-05;4.7138e-05;0.000355829;9.7553e-05;
48;128;128;measure;scatter;0.0673001;0.0655882;0.00169056;0.000113042;5.08761e-05;0.000888019;8.89471e-05;5.97918e-05;5.45231e-05;0.000335089;0.000100269;
48;128;128;measure;scatter;0.0890465;0.0751153;0.0139214;9.05001e-05;8.02809e-05;0.0130391;8.35171e-05;4.42029e-05;3.0407e-05;0.000459954;9.3386e-05;
48;128;128;measure;scatter;0.0691503;0.0657235;0.00341848;0.000119104;6.6766e-05;0.000974892;9.8876e-05;6.70161e-05;4.8561e-05;0.00195696;8.63119e-05;
48;128;128;measure;scatter;0.0671783;0.0656461;0.00152044;8.44789e-05;6.88401e-05;0.000763254;9.98981e-05;5.82288e-05;6.1746e-05;0.000285286;9.8706e-05;
48;128;128;measure;scatter;0.0670787;0.0656468;0.00142074;8.92479e-05;8.03811e-05;0.000642848;0.000104777;7.3438e-05;3.56471e-05;0.000285646;0.000108755;
48;128;128;measure;scatter;0.0675329;0.0655361;0.00198567;9.22128e-05;7.986e-05;0.00114655;9.83439e-05;5.4463e-05;4.0215e-05;0.000370457;0.000103574;
48;128;128;measure;scatter;0.0672817;0.0657064;0.00156577;0.000112832;7.75161e-05;0.000733629;0.0001122;6.35101e-05;5.6556e-05;0.000310103;9.94271e-05;
48;128;128;measure;scatter;0.0674031;0.06534;0.00205277;9.61511e-05;7.20748e-05;0.00123049;0.000127309;7.20648e-05;5.09762e-05;0.000322566;8.11331e-05;
48;256;256;measure;scatter;0.110743;0.108368;0.00236665;0.000139432;0.000107933;0.00117119;0.000132098;9.3516e-05;8.3016e-05;0.000508796;0.000130665;
48;256;256;measure;scatter;0.11104;0.108609;0.00242109;0.000140794;0.000101451;0.00128508;0.000120035;8.93581e-05;5.46831e-05;0.000477137;0.000152546;
48;256;256;measure;scatter;0.110907;0.108545;0.00235194;0.000136957;0.000100599;0.00126501;0.000110999;8.8085e-05;6.7798e-05;0.000455215;0.000127279;
48;256;256;measure;scatter;0.11064;0.108794;0.00183575;0.000116299;0.000111419;0.000762283;0.000125496;9.579e-05;8.84559e-05;0.000401384;0.000134623;
48;256;256;measure;scatter;0.111072;0.108712;0.00234878;0.000125116;9.49781e-05;0.00125417;0.000123011;0.000104126;7.77959e-05;0.000450316;0.000119274;
48;256;256;measure;scatter;0.110878;0.108464;0.00240404;0.000194545;9.14519e-05;0.00117357;0.000136357;9.1281e-05;8.20539e-05;0.000497946;0.000136837;
48;256;256;measure;scatter;0.112335;0.10844;0.00388561;0.000109075;0.000130926;0.00162048;0.000123802;7.82579e-05;6.98911e-05;0.000413577;0.0013396;
48;256;256;measure;scatter;0.110769;0.108094;0.00266551;8.77948e-05;8.4158e-05;0.00163239;0.000119846;9.44168e-05;8.72342e-05;0.000418637;0.000141035;
48;256;256;measure;scatter;0.110716;0.108341;0.00236232;0.000108113;8.7965e-05;0.00126522;0.000141656;0.000104627;9.3285e-05;0.000426522;0.000134933;
48;256;256;measure;scatter;0.110964;0.108558;0.00239626;0.000133601;0.000104567;0.00118371;0.000129263;9.1522e-05;8.8396e-05;0.000519617;0.000145583;
48;256;256;measure;scatter;0.111166;0.108113;0.00304071;0.000118733;0.000102913;0.00188607;0.000106931;7.7246e-05;6.0593e-05;0.000561145;0.000127079;
48;256;256;measure;scatter;0.110693;0.108131;0.00254378;0.000118222;0.000114695;0.00143471;0.000114796;9.8906e-05;9.13609e-05;0.000447742;0.000123351;
48;256;256;measure;scatter;0.111034;0.108545;0.00247886;0.00011139;0.000113032;0.0013775;0.000107943;9.88562e-05;8.1924e-05;0.000454233;0.000133982;
48;256;256;measure;scatter;0.11109;0.108314;0.00276674;0.000131737;9.558e-05;0.00166057;0.000485162;8.8786e-05;9.1973e-05;8.62121e-05;0.000126718;
48;256;256;measure;scatter;0.110981;0.108587;0.00238346;0.000130826;9.7072e-05;0.00130147;0.000126268;8.2084e-05;8.48491e-05;0.000434587;0.000126307;
48;256;256;measure;scatter;0.110872;0.10816;0.00270069;0.000116509;0.000108634;0.00157416;0.000128721;9.86659e-05;7.8748e-05;0.000448432;0.000146826;
48;256;256;measure;scatter;0.121371;0.108308;0.0130553;0.000130745;9.9618e-05;0.0118457;0.000118843;0.000124784;9.561e-05;0.000504097;0.000135885;
48;256;256;measure;scatter;0.11084;0.108476;0.00235574;0.000123983;0.000109576;0.00115199;0.000115998;8.1253e-05;7.22259e-05;0.00058007;0.000120636;
48;256;256;measure;scatter;0.110926;0.108294;0.00262408;0.00012256;0.000118082;0.00154993;0.000137478;9.00191e-05;6.4021e-05;0.000415951;0.000126037;
48;256;256;measure;scatter;0.110775;0.108654;0.00211185;0.000114425;0.000108604;0.000997654;0.00010084;0.000110116;8.85171e-05;0.000485833;0.000105858;
48;256;256;measure;scatter;0.111026;0.108721;0.0022954;0.00012239;0.000130525;0.00111521;0.000115757;9.3125e-05;9.5279e-05;0.00049503;0.000128091;
48;256;256;measure;scatter;0.110868;0.10839;0.00246715;0.000119294;9.45081e-05;0.00128295;0.000115758;0.000114785;7.8768e-05;0.000523514;0.000137569;
48;256;256;measure;scatter;0.110823;0.108476;0.00233955;0.000121088;9.11711e-05;0.00119347;0.000119294;8.7674e-05;9.16629e-05;0.00048433;0.000150853;
48;256;256;measure;scatter;0.111154;0.108399;0.00274584;0.000125847;0.000109686;0.00159817;0.000141727;0.000115006;9.11911e-05;0.000431741;0.000132469;
48;256;256;measure;scatter;0.111613;0.108676;0.00292687;0.00014388;0.000104777;0.00179527;0.000107051;9.2875e-05;8.09322e-05;0.000469141;0.00013294;
48;256;256;measure;scatter;0.110963;0.108369;0.00258722;0.000113583;8.17028e-05;0.0014007;0.000125015;9.16319e-05;6.5553e-05;0.000572977;0.000136056;
48;256;256;measure;scatter;0.111139;0.108885;0.00224165;0.000125706;0.000111459;0.000982356;0.000119895;8.58621e-05;8.89869e-05;0.000592934;0.000134453;
48;256;256;measure;scatter;0.111376;0.109156;0.00221341;0.000120196;0.000105128;0.00105551;0.000107502;8.73539e-05;7.80772e-05;0.000543501;0.000116138;
48;256;256;measure;scatter;0.111096;0.108119;0.00295759;0.000109395;0.000102814;0.00178756;0.000147618;0.000102733;9.8675e-05;0.000471195;0.000137599;
48;256;256;measure;scatter;0.111319;0.10846;0.00285005;0.000132349;0.000100769;0.00172271;0.000119895;8.6403e-05;6.97211e-05;0.000501001;0.00011721;
48;256;256;measure;scatter;0.112764;0.10884;0.00390557;0.000126587;0.000128792;0.00279765;0.00011191;9.1692e-05;6.7878e-05;0.000458401;0.000122661;
48;256;256;measure;scatter;0.110784;0.108383;0.00239571;0.000129854;0.000108274;0.00126467;0.000141716;0.000120827;8.11929e-05;0.0004045;0.000144681;
48;256;256;measure;scatter;0.110824;0.10819;0.00262299;0.000112;9.4237e-05;0.00147317;0.000103004;8.74139e-05;6.8919e-05;0.000551887;0.000132359;
48;256;256;measure;scatter;0.110859;0.108423;0.00241468;0.000100008;0.000115056;0.00129942;0.00012739;9.058e-05;8.9769e-05;0.000427052;0.000165401;
48;256;256;measure;scatter;0.110694;0.108389;0.00229542;0.000118442;0.000107563;0.0011233;0.000112141;0.000124754;7.38788e-05;0.000515028;0.000120316;
48;256;256;measure;scatter;0.111158;0.108854;0.00229848;0.00010602;0.000109666;0.00126753;0.000132349;0.000115537;6.32391e-05;0.000388961;0.000115176;
48;256;256;measure;scatter;0.110983;0.108769;0.00220597;0.00011201;8.4199e-05;0.00117735;0.000118593;9.2604e-05;7.1604e-05;0.000402596;0.000147007;
48;256;256;measure;scatter;0.110502;0.108951;0.00154341;0.000141856;9.40771e-05;0.000437993;0.000127409;9.41469e-05;7.88181e-05;0.000453111;0.000115998;
48;256;256;measure;scatter;0.110739;0.108599;0.00213106;0.000132318;0.000107192;0.000924627;0.000127199;0.000119665;6.1736e-05;0.000523924;0.000134403;
48;256;256;measure;scatter;0.110771;0.108408;0.00235624;0.000122921;0.000114385;0.00121124;0.000106129;9.18531e-05;6.47609e-05;0.000497996;0.000146956;
48;256;256;measure;scatter;0.110865;0.108284;0.00257467;0.000153568;0.000109085;0.00133389;0.00011201;9.0691e-05;6.6224e-05;0.000524806;0.000184397;
48;256;256;measure;scatter;0.111;0.10823;0.00276304;0.000119835;0.000102603;0.00160362;0.000108514;9.23441e-05;7.6503e-05;0.000506161;0.000153459;
48;256;256;measure;scatter;0.111325;0.108432;0.00288404;0.000131017;9.5339e-05;0.00172945;0.000143931;0.000119364;8.08721e-05;0.000450156;0.000133911;
48;256;256;measure;scatter;0.111597;0.108111;0.00347801;0.000136907;9.42571e-05;0.00226579;0.000110418;8.79848e-05;7.451e-05;0.000561806;0.000146335;
48;256;256;measure;scatter;0.110723;0.108294;0.00240724;0.000120406;0.000106119;0.00129595;0.000118232;9.17029e-05;6.8869e-05;0.000490081;0.000115878;
48;256;256;measure;scatter;0.111245;0.108244;0.00299036;0.000119113;9.7113e-05;0.00186284;0.00012245;7.2977e-05;8.74139e-05;0.000501242;0.000127209;
48;256;256;measure;scatter;0.121408;0.108219;0.0131794;0.000145874;9.27749e-05;0.0120397;0.000145253;8.41881e-05;8.7274e-05;0.000459904;0.000124414;
48;256;256;measure;scatter;0.111216;0.108632;0.00257537;0.000118112;8.9338e-05;0.00144294;0.000112131;8.0341e-05;0.000100719;0.000475002;0.000156785;
48;256;256;measure;scatter;0.111016;0.108489;0.00251654;0.000118032;0.00011153;0.0014213;0.000124274;0.00010139;8.0361e-05;0.000433935;0.000125717;
48;256;256;measure;scatter;0.110863;0.108374;0.0024796;0.000129784;0.00010645;0.00132602;0.000108744;9.23329e-05;7.7225e-05;0.000485272;0.000153769;
48;512;512;measure;scatter;0.157671;0.154634;0.00302824;0.000189095;0.000108614;0.00122009;0.000204965;0.000141476;0.00010669;0.000891205;0.000166102;
48;512;512;measure;scatter;0.158159;0.154426;0.00372392;0.000198453;0.000121188;0.00180638;0.000198573;0.000139552;0.000102112;0.00097914;0.000178515;
48;512;512;measure;scatter;0.157925;0.154745;0.00317035;0.000140053;0.000135574;0.00151402;0.000188635;0.000132288;0.000110508;0.000760609;0.000188664;
48;512;512;measure;scatter;0.157899;0.154246;0.00364525;0.000208602;0.000131898;0.0018115;0.000215295;0.00013827;0.000115767;0.00084623;0.000177684;
48;512;512;measure;scatter;0.157878;0.154989;0.00288028;0.000302098;0.000137478;0.000893359;0.0001917;0.000124264;0.000111689;0.000928916;0.000190778;
48;512;512;measure;scatter;0.157816;0.154907;0.00290004;0.000172565;0.000131837;0.00101735;0.000220504;0.000133341;0.000134092;0.000897526;0.000192822;
48;512;512;measure;scatter;0.157781;0.154449;0.00332185;0.000131427;0.00013869;0.00169123;0.000195587;0.000141636;0.000115848;0.000717378;0.000190057;
48;512;512;measure;scatter;0.158024;0.154444;0.00356957;0.000141987;0.000121278;0.00173416;0.000193403;0.0001275;0.000102543;0.000951818;0.00019688;
48;512;512;measure;scatter;0.157944;0.154955;0.00298091;0.000237977;0.000116048;0.00119135;0.000206979;0.00012774;0.000114856;0.000796436;0.000189526;
48;512;512;measure;scatter;0.157929;0.154585;0.00333567;0.000201208;0.000117821;0.00144675;0.000219612;0.000132329;0.00012804;0.000912194;0.000177714;
48;512;512;measure;scatter;0.158153;0.154388;0.00375023;0.000261561;0.000125797;0.00188734;0.000179006;0.000139763;0.000125155;0.000822325;0.000209283;
48;512;512;measure;scatter;0.157922;0.154656;0.00325743;0.000192341;0.000120867;0.00137504;0.000201979;0.000130445;0.00011703;0.000908137;0.000211587;
48;512;512;measure;scatter;0.157423;0.15435;0.00306357;0.000143079;0.000105498;0.00136935;0.000206769;0.000142517;0.000115267;0.00077171;0.000209373;
48;512;512;measure;scatter;0.168901;0.154595;0.0142955;0.000175209;0.000129433;0.0122946;0.000215305;0.000161293;0.000124624;0.000991052;0.000203933;
48;512;512;measure;scatter;0.157871;0.154203;0.0036596;0.000173696;0.000123522;0.00189309;0.000195177;0.000131697;0.000106601;0.000860216;0.0001756;
48;512;512;measure;scatter;0.157724;0.154006;0.00370942;0.00018595;0.000116569;0.00196332;0.000200827;0.000131958;0.000117491;0.00080399;0.000189316;
48;512;512;measure;scatter;0.157767;0.154589;0.00316796;0.000163908;0.000120206;0.00151161;0.000181511;0.0001328;0.000121979;0.00076122;0.000174728;
48;512;512;measure;scatter;0.157785;0.154728;0.00303895;0.000167484;0.0001544;0.00117053;0.000212289;0.000153809;0.000135675;0.000820661;0.000224102;
48;512;512;measure;scatter;0.157975;0.154349;0.00361816;0.000149401;0.000107562;0.0018909;0.000194796;0.000130235;0.000113423;0.000810192;0.000221646;
48;512;512;measure;scatter;0.163716;0.155018;0.00868079;0.00018093;0.000151855;0.00702866;0.000226856;0.000137608;0.000109155;0.000658989;0.00018674;
48;512;512;measure;scatter;0.157753;0.154626;0.00311705;0.000168577;0.000116208;0.00130043;0.000201819;0.000153418;0.000115016;0.000880274;0.000181301;
48;512;512;measure;scatter;0.157784;0.154083;0.00368938;0.000158588;0.000117411;0.0018844;0.000199846;0.000123101;0.000103435;0.000906793;0.000195808;
48;512;512;measure;scatter;0.15806;0.154242;0.00380722;0.000168237;0.000129513;0.00205921;0.000182112;0.000125326;0.000111068;0.000816655;0.000215104;
48;512;512;measure;scatter;0.15746;0.154087;0.00336407;0.000160451;0.00011688;0.0018206;0.00018612;0.000134963;0.000122971;0.000636035;0.00018605;
48;512;512;measure;scatter;0.158262;0.154044;0.00419866;0.00017575;0.000125896;0.00243175;0.000198283;0.0001383;0.000124955;0.000821483;0.000182242;
48;512;512;measure;scatter;0.157711;0.154179;0.00352315;0.000186961;0.000115317;0.00178758;0.000200807;0.00013341;9.56701e-05;0.000806726;0.00019668;
48;512;512;measure;scatter;0.157743;0.154437;0.00329663;0.000177624;0.000265799;0.00161563;0.000205206;0.000141315;0.000107883;0.000612761;0.00017042;
48;512;512;measure;scatter;0.168847;0.153978;0.014861;0.000144141;0.000155853;0.0130671;0.000201508;0.000136497;0.000125836;0.000850217;0.000179828;
48;512;512;measure;scatter;0.158172;0.154976;0.00318706;0.000146555;0.000127079;0.00138232;0.000188975;0.000136336;0.000112772;0.000890674;0.00020235;
48;512;512;measure;scatter;0.159811;0.154243;0.00556008;0.000207761;0.000104025;0.0038276;0.000204744;0.000124945;0.000115928;0.000781799;0.000193273;
48;512;512;measure;scatter;0.157958;0.153723;0.00422496;0.000176491;0.000130515;0.00245173;0.000210035;0.000130134;0.000120807;0.000822325;0.000182924;
48;512;512;measure;scatter;0.158407;0.154495;0.00390272;0.000171653;0.000134332;0.00202907;0.00019191;0.000143329;0.000114956;0.000945357;0.000172113;
48;512;512;measure;scatter;0.157515;0.154932;0.00257433;0.000179808;9.98981e-05;0.000863112;0.000176;0.000133491;0.000112992;0.000823017;0.000186009;
48;512;512;measure;scatter;0.157823;0.154117;0.00369286;0.000168997;0.000110227;0.00197748;0.000221215;0.000146576;0.00011718;0.00072938;0.000221807;
48;512;512;measure;scatter;0.157493;0.154006;0.00347758;0.000181391;0.000136546;0.0018493;0.000195888;0.000183234;0.000121899;0.000630284;0.000179047;
48;512;512;measure;scatter;0.157999;0.154159;0.00383048;0.000170741;0.000121839;0.00204389;0.00019673;0.000125475;0.000123522;0.000866769;0.000181511;
48;512;512;measure;scatter;0.157894;0.154317;0.00356469;0.000171722;0.000119745;0.00188637;0.000192501;0.000134212;0.000118313;0.000760198;0.000181631;
48;512;512;measure;scatter;0.158098;0.153662;0.00442958;0.000162936;0.000109736;0.00256811;0.00020751;0.000126197;0.000112462;0.000946708;0.000195928;
48;512;512;measure;scatter;0.157792;0.154822;0.0029597;0.0002288;0.000126888;0.00104641;0.000203112;0.000134723;9.56499e-05;0.000953641;0.000170481;
48;512;512;measure;scatter;0.157913;0.154029;0.00387483;0.000180439;0.000119554;0.00222264;0.000201789;0.000129484;9.33548e-05;0.000765869;0.000161704;
48;512;512;measure;scatter;0.157639;0.154379;0.00324897;0.000148319;0.000132348;0.00174683;0.000200758;0.000155251;0.000107562;0.000576824;0.00018108;
48;512;512;measure;scatter;0.157559;0.154382;0.00316649;0.000162064;0.000133802;0.00144736;0.000199615;0.000125476;0.000112031;0.000807397;0.000178745;
48;512;512;measure;scatter;0.157858;0.15411;0.00373959;0.000172063;0.000134803;0.00206527;0.000200166;0.000131347;0.000102713;0.000730232;0.000202991;
48;512;512;measure;scatter;0.157787;0.154356;0.0034206;0.000160391;0.000129584;0.00170727;0.000204103;0.000126277;0.000127139;0.000781088;0.000184747;
48;512;512;measure;scatter;0.157723;0.154129;0.00358268;0.00015978;0.000130075;0.0017304;0.000192191;0.000130305;0.000113704;0.000946107;0.000180119;
48;512;512;measure;scatter;0.157782;0.154816;0.00295619;0.000164649;0.000145514;0.00117216;0.000195808;0.000126899;0.000113663;0.000853935;0.000183565;
48;512;512;measure;scatter;0.157785;0.154181;0.00359651;0.000196099;0.000127078;0.00182741;0.000193814;0.000122881;0.00011193;0.000822716;0.000194576;
48;512;512;measure;scatter;0.160596;0.154609;0.00597696;0.000160782;0.000129463;0.00426206;0.000193995;0.000136837;0.000103905;0.000800484;0.000189436;
48;512;512;measure;scatter;0.157956;0.153805;0.0041427;0.000171853;0.000121929;0.00260768;0.0001915;0.000135875;0.000110367;0.000626417;0.000177083;
48;512;512;measure;scatter;0.157556;0.154183;0.00336513;0.000167565;0.000122821;0.00170023;0.00020801;0.00013793;0.000112301;0.000743667;0.000172614;
48;1024;1024;measure;scatter;0.217012;0.210185;0.00681678;0.00030343;0.00160103;0.000795645;0.000453362;0.000219713;0.000248627;0.00290537;0.000289604;
48;1024;1024;measure;scatter;0.21615;0.210425;0.0057128;0.000257404;0.000260108;0.00157003;0.000385394;0.000200086;0.000259358;0.00248995;0.000290476;
48;1024;1024;measure;scatter;0.21728;0.210139;0.00713059;0.000289244;0.000242185;0.00306313;0.000413537;0.000205507;0.000232236;0.00235919;0.000325561;
48;1024;1024;measure;scatter;0.217952;0.210509;0.007433;0.000491644;0.00126937;0.000814411;0.000579859;0.000222097;0.000269527;0.0035028;0.000283282;
48;1024;1024;measure;scatter;0.226194;0.206405;0.0197802;0.000345169;0.000310563;0.0154026;0.000417404;0.000193424;0.000299913;0.00251804;0.0002931;
48;1024;1024;measure;scatter;0.217967;0.209147;0.00880868;0.000355578;0.000258806;0.00392118;0.000411924;0.000219913;0.000274305;0.00293795;0.000429027;
48;1024;1024;measure;scatter;0.228465;0.210087;0.0183666;0.0003141;0.00026596;0.0131424;0.000440728;0.000235423;0.000251152;0.00337449;0.000342303;
48;1024;1024;measure;scatter;0.213729;0.206466;0.00725173;0.000283933;0.00182608;0.000939515;0.000480122;0.000232296;0.000285467;0.00292769;0.00027662;
48;1024;1024;measure;scatter;0.216251;0.209538;0.00670671;0.000414158;0.00129989;0.00102391;0.000492836;0.00021822;0.000230162;0.00274877;0.000278764;
48;1024;1024;measure;scatter;0.220255;0.209083;0.0111607;0.000341622;0.000339889;0.00586402;0.000425609;0.000243247;0.000267343;0.00337825;0.000300725;
48;1024;1024;measure;scatter;0.218537;0.209055;0.009471;0.000396846;0.000279064;0.00463812;0.000420771;0.000243087;0.000272402;0.00293575;0.000284966;
48;1024;1024;measure;scatter;0.217787;0.210253;0.00752349;0.00034555;0.000229661;0.0032854;0.000394722;0.000221997;0.000257794;0.00249402;0.000294343;
48;1024;1024;measure;scatter;0.219393;0.210145;0.00923938;0.000393439;0.000248167;0.00425241;0.000417123;0.000199736;0.000249859;0.00317456;0.000304091;
48;1024;1024;measure;scatter;0.220736;0.206273;0.0144535;0.000315954;0.00028749;0.00953161;0.000442421;0.000222288;0.000286118;0.0030843;0.000283322;
48;1024;1024;measure;scatter;0.218515;0.207676;0.0108296;0.00126095;0.000267232;0.00552544;0.000385685;0.000211197;0.000247374;0.00258723;0.000344538;
48;1024;1024;measure;scatter;0.215446;0.209216;0.00621823;0.000331233;0.00026114;0.00235491;0.000417324;0.000220063;0.000253797;0.00207313;0.000306646;
48;1024;1024;measure;scatter;0.216988;0.21008;0.0068884;0.000331213;0.00166702;0.000971555;0.000412004;0.000207641;0.00023968;0.00277196;0.00028733;
48;1024;1024;measure;scatter;0.216284;0.210413;0.00586355;0.00035642;0.00142429;0.000661983;0.000392849;0.000218861;0.000252244;0.00227066;0.000286248;
48;1024;1024;measure;scatter;0.21861;0.210626;0.0079768;0.000270518;0.000258245;0.00317535;0.000387378;0.000227979;0.000231104;0.00311983;0.000306395;
48;1024;1024;measure;scatter;0.216747;0.20946;0.00727929;0.000271651;0.000275147;0.00297398;0.000455256;0.000187823;0.000283292;0.00254677;0.000285376;
48;1024;1024;measure;scatter;0.216362;0.209873;0.00647772;0.000338926;0.00144732;0.00110702;0.000416232;0.000209764;0.000262974;0.00240491;0.000290576;
48;1024;1024;measure;scatter;0.217607;0.20991;0.00768962;0.000315523;0.00022906;0.00293039;0.000407696;0.000249639;0.000248517;0.00299236;0.000316434;
48;1024;1024;measure;scatter;0.21241;0.206257;0.00614364;0.00148543;0.000318779;0.00055863;0.000502544;0.000254348;0.000338737;0.00237396;0.000311215;
48;1024;1024;measure;scatter;0.21978;0.207336;0.0124354;0.000253296;0.000327706;0.00788239;0.000397106;0.000203853;0.000265429;0.00284426;0.000261401;
48;1024;1024;measure;scatter;0.217894;0.207225;0.0106611;0.000317747;0.00031898;0.006335;0.000386677;0.000215014;0.000263124;0.00250529;0.00031924;
48;1024;1024;measure;scatter;0.225565;0.20769;0.0178636;0.000289744;0.000292309;0.0136113;0.000423897;0.000225373;0.000254859;0.00250892;0.000257213;
48;1024;1024;measure;scatter;0.219227;0.206641;0.012577;0.000288783;0.000322666;0.00789517;0.000416873;0.000228489;0.000241334;0.00291846;0.000265228;
48;1024;1024;measure;scatter;0.214337;0.208915;0.00541436;0.000280597;0.000259327;0.00143344;0.000440117;0.000220454;0.000286539;0.00220501;0.000288873;
48;1024;1024;measure;scatter;0.217986;0.21031;0.00766633;0.000371549;0.00024003;0.00363054;0.000398038;0.000218631;0.000286157;0.00220525;0.000316134;
48;1024;1024;measure;scatter;0.2183;0.209326;0.00896423;0.000283743;0.000278613;0.00428328;0.000394571;0.000210646;0.000235372;0.00300871;0.000269296;
48;1024;1024;measure;scatter;0.226323;0.210536;0.0157777;0.00034067;0.000251412;0.0109342;0.000383291;0.000227707;0.000277442;0.00304625;0.000316745;
48;1024;1024;measure;scatter;0.218366;0.21013;0.00823063;0.000297299;0.000256842;0.00302849;0.000391355;0.000220675;0.000246974;0.00344762;0.000341382;
48;1024;1024;measure;scatter;0.234064;0.209905;0.0241509;0.0003459;0.000231275;0.0193686;0.000397407;0.000208351;0.000257284;0.00306063;0.000281459;
48;1024;1024;measure;scatter;0.21803;0.207072;0.0109427;0.000293792;0.000268495;0.00660137;0.00045232;0.000226275;0.000264127;0.00250521;0.000331073;
48;1024;1024;measure;scatter;0.219348;0.20603;0.0133095;0.000480103;0.000299022;0.00832455;0.00042591;0.000235523;0.000263074;0.00300497;0.0002764;
48;1024;1024;measure;scatter;0.219676;0.209567;0.0101021;0.000337996;0.000267232;0.00583244;0.000391015;0.000203312;0.000303661;0.00247937;0.000287029;
48;1024;1024;measure;scatter;0.215669;0.208914;0.00674789;0.000293461;0.00143965;0.00106321;0.000433645;0.000209394;0.000274065;0.00274048;0.000293992;
48;1024;1024;measure;scatter;0.219468;0.206031;0.0134222;0.000281379;0.000329258;0.00883154;0.00045194;0.000224712;0.000281319;0.00272947;0.00029262;
48;1024;1024;measure;scatter;0.218535;0.209686;0.00884443;0.000385014;0.000259438;0.00443311;0.000403899;0.000224782;0.000275418;0.0025296;0.000333166;
48;1024;1024;measure;scatter;0.224613;0.218315;0.00628885;0.000306156;0.00103463;0.000767383;0.000616929;0.000236905;0.000233439;0.00279033;0.000303079;
48;1024;1024;measure;scatter;0.217619;0.210618;0.00697974;0.000372399;0.00156185;0.000921542;0.000411053;0.00030367;0.000238739;0.0028877;0.000282791;
48;1024;1024;measure;scatter;0.21609;0.209531;0.00654937;0.00188681;0.000262183;0.000368944;0.000460655;0.000245021;0.000245581;0.00279587;0.000284315;
48;1024;1024;measure;scatter;0.218543;0.209742;0.00879205;0.00030364;0.000297129;0.00381094;0.00041498;0.00023439;0.000264066;0.00316789;0.000299002;
48;1024;1024;measure;scatter;0.218939;0.211853;0.00708111;0.000254728;0.00125369;0.00155692;0.00038317;0.000205877;0.000249319;0.00283819;0.000339218;
48;1024;1024;measure;scatter;0.219366;0.209683;0.0096754;0.000274977;0.000280898;0.00438186;0.000413938;0.000325421;0.000294043;0.00341647;0.000287801;
48;1024;1024;measure;scatter;0.218264;0.210353;0.00790184;0.00032505;0.00028716;0.00324151;0.000385715;0.00021279;0.000247755;0.00292755;0.000274306;
48;1024;1024;measure;scatter;0.217663;0.206849;0.0108067;0.000431952;0.000299262;0.00629316;0.000391145;0.000227287;0.000274226;0.00261884;0.000270869;
48;1024;1024;measure;scatter;0.21562;0.209653;0.00595866;0.00028781;0.00131612;0.000606069;0.000805644;0.000201038;0.000268745;0.0022069;0.000266331;
48;1024;1024;measure;scatter;0.218298;0.209829;0.00846043;0.000329289;0.000301236;0.00445202;0.000405041;0.000203633;0.000240382;0.00219115;0.000337685;
48;1024;1024;measure;scatter;0.220731;0.207024;0.0136983;0.000366028;0.000303701;0.00890254;0.00040417;0.000297409;0.000283413;0.00287918;0.000261892;
48;2048;2048;measure;scatter;0.296697;0.277127;0.0195617;0.00053238;0.000777672;0.00799865;0.00101227;0.000703522;0.000569921;0.00710367;0.000863653;
48;2048;2048;measure;scatter;0.303419;0.279048;0.0243639;0.000586302;0.00063294;0.012717;0.000928145;0.000782781;0.000392748;0.00747215;0.000851851;
48;2048;2048;measure;scatter;0.310043;0.27579;0.0342435;0.000649691;0.000847152;0.0232913;0.00120889;0.000721155;0.000637629;0.0061785;0.000709163;
48;2048;2048;measure;scatter;0.300783;0.27671;0.0240666;0.000526209;0.000738458;0.0127917;0.00124004;0.000710966;0.000580872;0.00672278;0.00075549;
48;2048;2048;measure;scatter;0.304914;0.275695;0.0292106;0.000480063;0.000735642;0.0173037;0.00126901;0.000704995;0.000562147;0.00740487;0.00075012;
48;2048;2048;measure;scatter;0.327289;0.298586;0.0286912;0.000502745;0.000737997;0.0174118;0.00130069;0.000592573;0.000841121;0.00650423;0.000799994;
48;2048;2048;measure;scatter;0.325851;0.293454;0.0323894;0.000531378;0.000756162;0.0167283;0.000977257;0.000852753;0.000475965;0.0113004;0.000767152;
48;2048;2048;measure;scatter;0.311294;0.278883;0.0324025;0.000515669;0.000719062;0.0215877;0.00132131;0.000775417;0.000972568;0.00572735;0.000783462;
48;2048;2048;measure;scatter;0.316699;0.281835;0.0348516;0.000538743;0.000802558;0.0229243;0.000954213;0.000532581;0.000599637;0.00768036;0.00081915;
48;2048;2048;measure;scatter;0.294467;0.278899;0.0155548;0.000494449;0.000656784;0.00516322;0.00138056;0.000536449;0.000537871;0.00593071;0.000854747;
48;2048;2048;measure;scatter;0.314955;0.282276;0.0326702;0.00052701;0.000771801;0.020426;0.000995211;0.000806225;0.000500891;0.00770381;0.000939195;
48;2048;2048;measure;scatter;0.297216;0.281781;0.0154269;0.000544583;0.000825492;0.00396735;0.00130192;0.000750501;0.000669108;0.00649424;0.000873762;
48;2048;2048;measure;scatter;0.327584;0.300542;0.027031;0.000503727;0.000664338;0.0161994;0.00129337;0.000734511;0.00060127;0.00623312;0.000801186;
48;2048;2048;measure;scatter;0.315403;0.272342;0.0430538;0.00050526;0.000729771;0.0309423;0.00129277;0.000768835;0.00066454;0.00728779;0.000862501;
48;2048;2048;measure;scatter;0.303202;0.277029;0.0261631;0.000556657;0.000793301;0.0148699;0.00126292;0.000746883;0.000564672;0.00656699;0.000801777;
48;2048;2048;measure;scatter;0.300574;0.282123;0.0184437;0.000526931;0.000723129;0.00687732;0.00123244;0.000685358;0.000579139;0.00702274;0.000796607;
48;2048;2048;measure;scatter;0.307094;0.276718;0.0303669;0.000538171;0.000872661;0.0173851;0.00122512;0.000694615;0.000587695;0.00821195;0.000851561;
48;2048;2048;measure;scatter;0.302116;0.276532;0.025577;0.000555785;0.000729931;0.0133283;0.00121271;0.000552048;0.000546517;0.00781851;0.000833236;
48;2048;2048;measure;scatter;0.298528;0.276944;0.0215768;0.000503386;0.000778543;0.00971141;0.00130263;0.000683946;0.000677082;0.00711401;0.000805835;
48;2048;2048;measure;scatter;0.297366;0.282681;0.0146765;0.000709193;0.00186367;0.00275335;0.00139733;0.000526699;0.000517303;0.00615041;0.000758585;
48;2048;2048;measure;scatter;0.309641;0.281639;0.027995;0.000490441;0.00071811;0.0139877;0.00100646;0.000560423;0.000647798;0.00983789;0.000746122;
48;2048;2048;measure;scatter;0.305492;0.274797;0.0306868;0.000533993;0.000713822;0.0170045;0.00113976;0.00051069;0.000555504;0.00950465;0.000723911;
48;2048;2048;measure;scatter;0.314434;0.275719;0.0387066;0.000495121;0.000868432;0.0267108;0.000960386;0.000533352;0.00061167;0.0076863;0.00084054;
48;2048;2048;measure;scatter;0.304213;0.273512;0.0306893;0.000586723;0.000721366;0.0185677;0.0012262;0.000799814;0.000545034;0.00733532;0.000907095;
48;2048;2048;measure;scatter;0.312762;0.282092;0.030659;0.000467739;0.000780297;0.0190885;0.00128483;0.000561746;0.000765889;0.00690638;0.00080369;
48;2048;2048;measure;scatter;0.299344;0.282332;0.0170032;0.000580381;0.000743658;0.00571071;0.00123199;0.000700907;0.000560313;0.00667275;0.000802508;
48;2048;2048;measure;scatter;0.302851;0.27583;0.0270135;0.000579299;0.000750461;0.0149855;0.00089378;0.000598735;0.000788192;0.00753018;0.000887348;
48;2048;2048;measure;scatter;0.301953;0.276263;0.0256785;0.000501923;0.000865156;0.0127085;0.00123232;0.000562497;0.000822055;0.00805847;0.000927594;
48;2048;2048;measure;scatter;0.31867;0.302935;0.0157259;0.000631577;0.00283586;0.00202032;0.00105815;0.00073453;0.000509488;0.00719147;0.000744549;
48;2048;2048;measure;scatter;0.304229;0.276377;0.027843;0.000579389;0.000826814;0.0157129;0.00139741;0.000780667;0.000807568;0.00686661;0.000871648;
48;2048;2048;measure;scatter;0.300005;0.282691;0.0173067;0.00299137;0.000867771;0.00123584;0.0015696;0.000731926;0.000722728;0.0083625;0.00082497;
48;2048;2048;measure;scatter;0.301783;0.27628;0.0254955;0.000567066;0.000831202;0.0137687;0.00126073;0.000706017;0.000568399;0.00693374;0.000859675;
48;2048;2048;measure;scatter;0.309861;0.273323;0.0365266;0.000529205;0.000795585;0.0245297;0.00138376;0.000560664;0.000790295;0.00708678;0.000850568;
48;2048;2048;measure;scatter;0.300613;0.282512;0.0180945;0.000531339;0.00424518;0.00254339;0.00100837;0.000602302;0.000795656;0.00752606;0.000842253;
48;2048;2048;measure;scatter;0.299902;0.282646;0.0172454;0.000487847;0.00378953;0.00214975;0.0010987;0.000748126;0.000683224;0.0076191;0.000669148;
48;2048;2048;measure;scatter;0.311824;0.292702;0.0191132;0.00307942;0.0022387;0.000249819;0.00129471;0.000978549;0.000597273;0.00995157;0.000723169;
48;2048;2048;measure;scatter;0.305848;0.276198;0.0296402;0.000509608;0.000811696;0.015676;0.00121793;0.000801156;0.000571163;0.00902278;0.00102991;
48;2048;2048;measure;scatter;0.326292;0.276585;0.0496863;0.000520959;0.000663557;0.0383175;0.00123531;0.00078701;0.000608203;0.00679776;0.000756001;
48;2048;2048;measure;scatter;0.326888;0.276646;0.0502305;0.000549312;0.00077134;0.0361586;0.00130888;0.000581103;0.000631516;0.0094319;0.000797799;
48;2048;2048;measure;scatter;0.297084;0.281571;0.0154995;0.000545736;0.000769736;0.00436801;0.00138462;0.000529325;0.000565733;0.00657661;0.000759708;
48;2048;2048;measure;scatter;0.33182;0.303476;0.0283335;0.00050575;0.000640504;0.0163906;0.00121123;0.000690368;0.000589488;0.00753351;0.000772011;
48;2048;2048;measure;scatter;0.302408;0.282436;0.0199624;0.000476145;0.000826995;0.00732071;0.00117116;0.000518675;0.000597683;0.00835412;0.00069695;
48;2048;2048;measure;scatter;0.314275;0.280269;0.0339962;0.000488468;0.000820031;0.021871;0.00129977;0.000563509;0.000824369;0.00733446;0.000794614;
48;2048;2048;measure;scatter;0.301827;0.282578;0.019242;0.000451809;0.000725183;0.00769632;0.000962309;0.00051098;0.000764938;0.00739766;0.000732777;
48;2048;2048;measure;scatter;0.312476;0.293251;0.0192157;0.00065399;0.00358293;0.00319449;0.00105315;0.000519887;0.0007711;0.0086019;0.000838276;
48;2048;2048;measure;scatter;0.297822;0.272319;0.025491;0.000501783;0.0010681;0.0127479;0.00126479;0.000525097;0.000850368;0.00776525;0.000767793;
48;2048;2048;measure;scatter;0.305215;0.283829;0.0213762;0.000530557;0.000799272;0.00775088;0.00133061;0.000731384;0.000615026;0.0086064;0.00101203;
48;2048;2048;measure;scatter;0.321046;0.292019;0.0290192;0.000529446;0.000788241;0.0178162;0.000907946;0.000631197;0.000790405;0.00681472;0.000741012;
48;2048;2048;measure;scatter;0.30091;0.282457;0.0184427;0.000627018;0.000816695;0.00677733;0.000964703;0.000520087;0.000767443;0.00718554;0.000783913;
48;2048;2048;measure;scatter;0.31493;0.28859;0.0263216;0.000508375;0.000789003;0.0123547;0.00111895;0.000522302;0.000623271;0.00964991;0.000755109;
48;4096;4096;measure;scatter;0.464467;0.381751;0.0827024;0.00154421;0.00199918;0.0449809;0.00398926;0.00189832;0.00162035;0.0233774;0.00329284;
48;4096;4096;measure;scatter;0.472161;0.39665;0.075496;0.00158457;0.00218374;0.0322948;0.0043183;0.00202316;0.00166948;0.0281679;0.00325408;
48;4096;4096;measure;scatter;0.472121;0.405289;0.0668223;0.00163858;0.00226034;0.0229562;0.00396235;0.00186719;0.0019246;0.0286374;0.00357563;
48;4096;4096;measure;scatter;0.486242;0.401544;0.0846862;0.00159576;0.00210622;0.0424201;0.00396497;0.00183765;0.00165617;0.0275607;0.00354454;
48;4096;4096;measure;scatter;0.521028;0.405977;0.115037;0.00161148;0.00224815;0.0680122;0.00416467;0.00200085;0.00167115;0.0319376;0.00339135;
48;4096;4096;measure;scatter;0.464789;0.404331;0.0604455;0.00163378;0.00193942;0.0220573;0.00361553;0.00178413;0.00159923;0.0243179;0.00349826;
48;4096;4096;measure;scatter;0.488756;0.399877;0.0888673;0.00174364;0.00272285;0.0410627;0.00324406;0.0019306;0.00172555;0.0332467;0.00319126;
48;4096;4096;measure;scatter;0.486292;0.400826;0.085453;0.00160448;0.00202858;0.044897;0.00393693;0.00197758;0.00162123;0.0259987;0.00338844;
48;4096;4096;measure;scatter;0.48572;0.404545;0.0811625;0.00163714;0.00204333;0.0413392;0.0041403;0.00199871;0.00169009;0.0249591;0.00335464;
48;4096;4096;measure;scatter;0.508277;0.404783;0.103482;0.00167913;0.00219351;0.0499304;0.00352178;0.00218863;0.00171334;0.0386143;0.0036408;
48;4096;4096;measure;scatter;0.4954;0.400023;0.0953594;0.00165744;0.00218124;0.0533158;0.0041865;0.00192577;0.00198918;0.0268333;0.00327024;
48;4096;4096;measure;scatter;0.48744;0.402363;0.0850645;0.00169037;0.00243524;0.0424708;0.00392111;0.00262012;0.00156283;0.0272247;0.00313931;
48;4096;4096;measure;scatter;0.484391;0.40126;0.0831203;0.00165977;0.00209046;0.0420775;0.00425572;0.00193678;0.00166567;0.0260655;0.00336897;
48;4096;4096;measure;scatter;0.48518;0.404663;0.0805039;0.00160241;0.00231145;0.0399327;0.00369047;0.00180294;0.00162213;0.0262596;0.00328217;
48;4096;4096;measure;scatter;0.497421;0.404427;0.0929815;0.00149942;0.00213719;0.0475677;0.00420712;0.00178194;0.00177244;0.0304055;0.0036102;
48;4096;4096;measure;scatter;0.483591;0.404563;0.0790137;0.00169942;0.00205606;0.0373252;0.00318022;0.00201331;0.00157102;0.027462;0.00370644;
48;4096;4096;measure;scatter;0.483343;0.403889;0.0794411;0.00177136;0.00222721;0.0390446;0.00416144;0.00218686;0.0016644;0.0250862;0.00329894;
48;4096;4096;measure;scatter;0.500986;0.407152;0.093818;0.00151096;0.00264797;0.0438019;0.00394845;0.00184154;0.00185701;0.0344566;0.00375361;
48;4096;4096;measure;scatter;0.461124;0.39796;0.06315;0.00163214;0.00192748;0.0243261;0.00385033;0.00184435;0.00166662;0.0244719;0.00343113;
48;4096;4096;measure;scatter;0.515791;0.426432;0.0893456;0.0019198;0.00205632;0.0452305;0.0043352;0.00210896;0.00173853;0.0284046;0.00355164;
48;4096;4096;measure;scatter;0.522325;0.404515;0.117798;0.00164558;0.00220768;0.0726523;0.00373379;0.00183845;0.00170449;0.0307001;0.00331583;
48;4096;4096;measure;scatter;0.47753;0.399203;0.0783131;0.00173957;0.00218806;0.0359571;0.00366681;0.00189601;0.00194892;0.0274451;0.00347155;
48;4096;4096;measure;scatter;0.512108;0.413033;0.0990616;0.00166635;0.002275;0.0526819;0.00417278;0.00213797;0.00170567;0.0311403;0.00328164;
48;4096;4096;measure;scatter;0.503754;0.399358;0.104385;0.00155434;0.00226252;0.0631033;0.00392847;0.00196854;0.0018535;0.0263853;0.00332894;
48;4096;4096;measure;scatter;0.460836;0.402544;0.0582795;0.00162358;0.00220939;0.0180884;0.00333004;0.00191061;0.00165887;0.025854;0.00360469;
48;4096;4096;measure;scatter;0.478278;0.400778;0.0774857;0.00161126;0.00206485;0.0374412;0.00437352;0.00181463;0.001705;0.0250379;0.00343732;
48;4096;4096;measure;scatter;0.490378;0.405584;0.0847802;0.00164536;0.00226347;0.0412973;0.0038532;0.00202138;0.00171602;0.0285287;0.00345482;
48;4096;4096;measure;scatter;0.459849;0.400254;0.0595827;0.00163383;0.00230714;0.0194662;0.0037223;0.00180434;0.00171495;0.0256138;0.00332015;
48;4096;4096;measure;scatter;0.48002;0.402385;0.0776211;0.00155982;0.00202328;0.0369422;0.00432493;0.00246187;0.00182194;0.025077;0.00341005;
48;4096;4096;measure;scatter;0.483425;0.401347;0.082067;0.00164652;0.00205185;0.0415724;0.00414358;0.00209019;0.00156505;0.0254001;0.00359727;
48;4096;4096;measure;scatter;0.460776;0.399218;0.0615443;0.00167726;0.00216475;0.0161235;0.0032686;0.00220949;0.00181027;0.0309151;0.00337532;
48;4096;4096;measure;scatter;0.498569;0.411427;0.0871305;0.00188477;0.00218373;0.0465206;0.0039972;0.00188084;0.00169183;0.0256449;0.00332662;
48;4096;4096;measure;scatter;0.498944;0.401184;0.0977464;0.00168028;0.00253486;0.0545211;0.00380032;0.00218892;0.00175976;0.027993;0.00326816;
48;4096;4096;measure;scatter;0.501467;0.403732;0.0977204;0.00159191;0.00193698;0.0547068;0.00391753;0.00200044;0.00177693;0.0283553;0.0034345;
48;4096;4096;measure;scatter;0.475179;0.392897;0.082268;0.00160588;0.00237656;0.0414279;0.0042033;0.0018863;0.00163241;0.0259394;0.00319626;
48;4096;4096;measure;scatter;0.490224;0.402065;0.0881454;0.00166512;0.00211792;0.0414842;0.00365732;0.00225781;0.0017561;0.0318321;0.00337476;
48;4096;4096;measure;scatter;0.488927;0.384214;0.1047;0.00165959;0.00218972;0.0613177;0.00392729;0.00234933;0.00153857;0.0284064;0.00331115;
48;4096;4096;measure;scatter;0.471162;0.395654;0.0754959;0.00154307;0.00226701;0.034733;0.00372972;0.00195977;0.00162958;0.0260445;0.00358925;
48;4096;4096;measure;scatter;0.480195;0.398761;0.0814222;0.00158055;0.00212212;0.0401122;0.00386016;0.00180473;0.00163457;0.0268165;0.00349133;
48;4096;4096;measure;scatter;0.497234;0.401777;0.095445;0.00163358;0.00229338;0.0411306;0.00399248;0.00214589;0.00160477;0.0393022;0.00334212;
48;4096;4096;measure;scatter;0.497631;0.389499;0.108122;0.00162205;0.00196904;0.066573;0.00289121;0.00231524;0.00159785;0.0280652;0.00308819;
48;4096;4096;measure;scatter;0.498645;0.402905;0.0957266;0.00160578;0.00181964;0.0530599;0.00406697;0.00223137;0.00193834;0.0277029;0.00330161;
48;4096;4096;measure;scatter;0.498253;0.402031;0.0962093;0.00157181;0.0019669;0.0558861;0.00416293;0.00191209;0.00167826;0.0257547;0.00327646;
48;4096;4096;measure;scatter;0.508116;0.401081;0.107019;0.00160434;0.00220002;0.064738;0.00387875;0.00202262;0.00166265;0.0274569;0.00345605;
48;4096;4096;measure;scatter;0.469335;0.403025;0.0662975;0.00161359;0.0024392;0.0268914;0.00359117;0.0019062;0.00154511;0.0251086;0.00320222;
48;4096;4096;measure;scatter;0.485207;0.403774;0.0814173;0.00162045;0.0022476;0.0363614;0.00395155;0.00208076;0.00158966;0.0299888;0.00357708;
48;4096;4096;measure;scatter;0.463784;0.404049;0.0597212;0.00167021;0.00230041;0.0194782;0.00336669;0.00188916;0.00160957;0.0258735;0.00353349;
48;4096;4096;measure;scatter;0.482163;0.400162;0.0819903;0.00161771;0.00219121;0.0400796;0.00386099;0.00206873;0.00171283;0.0271284;0.00333085;
48;4096;4096;measure;scatter;0.487546;0.401712;0.0858225;0.0015945;0.00218532;0.0392709;0.00412385;0.00186423;0.00170197;0.0318611;0.00322061;
48;4096;4096;measure;scatter;0.489152;0.396939;0.0922007;0.0016218;0.00200388;0.0497944;0.00420442;0.00212993;0.00185879;0.0268645;0.003723;
48;8192;8192;measure;scatter;1.06174;0.614588;0.447121;0.00683251;0.00774431;0.236822;0.0149004;0.00762216;0.0076737;0.151787;0.0137388;
48;8192;8192;measure;scatter;1.10972;0.635213;0.474493;0.0061812;0.00800541;0.242973;0.0164894;0.00756599;0.00774836;0.167683;0.0178471;
48;8192;8192;measure;scatter;1.08385;0.632493;0.451314;0.00682412;0.00769188;0.211573;0.0134321;0.00797559;0.00828076;0.181681;0.0138552;
48;8192;8192;measure;scatter;1.06494;0.630338;0.434585;0.00652639;0.0081925;0.207873;0.0148783;0.00746457;0.00762007;0.167403;0.0146276;
48;8192;8192;measure;scatter;1.09632;0.630596;0.46571;0.00655884;0.00793501;0.250637;0.0150735;0.0072176;0.00769666;0.157952;0.0126392;
48;8192;8192;measure;scatter;1.084;0.635457;0.448529;0.00635707;0.00802595;0.216204;0.0131308;0.00764368;0.00745139;0.17359;0.0161257;
48;8192;8192;measure;scatter;1.02143;0.635847;0.385565;0.00649766;0.00804914;0.144794;0.0151377;0.0074765;0.00765081;0.177496;0.018463;
48;8192;8192;measure;scatter;1.04654;0.631288;0.415239;0.00731363;0.00780597;0.170768;0.0122754;0.00762027;0.0079243;0.174879;0.0266515;
48;8192;8192;measure;scatter;1.0665;0.623246;0.443243;0.00642145;0.00795768;0.210985;0.0165701;0.00769883;0.00759023;0.171406;0.0146134;
48;8192;8192;measure;scatter;1.06754;0.638488;0.429036;0.00626215;0.00774912;0.19733;0.0141907;0.00791846;0.00806077;0.170395;0.0171296;
48;8192;8192;measure;scatter;1.02236;0.640489;0.381859;0.00641441;0.00790749;0.152159;0.014618;0.00711146;0.00766704;0.168136;0.0178455;
48;8192;8192;measure;scatter;1.04372;0.634942;0.408764;0.00652485;0.00794428;0.18869;0.0146467;0.00708329;0.0080843;0.162082;0.0137083;
48;8192;8192;measure;scatter;1.06442;0.638354;0.426048;0.00679447;0.00768507;0.206967;0.0160382;0.00713064;0.00748878;0.159176;0.0147688;
48;8192;8192;measure;scatter;1.08082;0.63544;0.445364;0.00636438;0.00791666;0.210635;0.0157805;0.00876995;0.00913372;0.171724;0.0150394;
48;8192;8192;measure;scatter;1.07492;0.639693;0.435211;0.00818707;0.00770724;0.209358;0.0157206;0.00756051;0.00779716;0.162639;0.0162419;
48;8192;8192;measure;scatter;1.06967;0.632097;0.437554;0.00623914;0.00780918;0.217534;0.0135001;0.0070498;0.00757913;0.163778;0.0140642;
48;8192;8192;measure;scatter;1.09393;0.637636;0.456281;0.00644612;0.00801158;0.225209;0.0122148;0.00805722;0.00788672;0.172213;0.0162432;
48;8192;8192;measure;scatter;1.1082;0.634933;0.47325;0.00646047;0.00791356;0.222957;0.0127565;0.00799313;0.0078648;0.181224;0.02608;
48;8192;8192;measure;scatter;1.0757;0.637103;0.438587;0.0065018;0.00800617;0.214047;0.015784;0.00716233;0.00764208;0.164066;0.0153782;
48;8192;8192;measure;scatter;1.07805;0.633951;0.444085;0.00651;0.0079687;0.206504;0.01222;0.00753331;0.00838891;0.177696;0.017264;
48;8192;8192;measure;scatter;1.06881;0.638407;0.430391;0.00632511;0.00819082;0.200582;0.0150695;0.00735668;0.00773075;0.169052;0.016084;
48;8192;8192;measure;scatter;1.07881;0.646412;0.432376;0.00637861;0.00799946;0.193757;0.0157958;0.00847012;0.00934032;0.173313;0.0173212;
48;8192;8192;measure;scatter;1.10112;0.635179;0.465924;0.00651828;0.00781151;0.231979;0.0129668;0.00739333;0.00762241;0.177709;0.0139228;
48;8192;8192;measure;scatter;1.08608;0.639072;0.446973;0.00760847;0.00742384;0.230557;0.0154184;0.00719617;0.00760999;0.154973;0.0161866;
48;8192;8192;measure;scatter;1.10854;0.633204;0.475318;0.00687864;0.00802292;0.252084;0.0144485;0.00734007;0.00764054;0.16374;0.0151633;
48;8192;8192;measure;scatter;1.10238;0.635085;0.467252;0.0083833;0.00757659;0.228862;0.0123759;0.00748734;0.00846658;0.172011;0.0220891;
48;8192;8192;measure;scatter;1.03577;0.628797;0.406955;0.0063571;0.00784315;0.167775;0.0156545;0.00705723;0.00787836;0.181655;0.0127341;
48;8192;8192;measure;scatter;1.08303;0.631601;0.451411;0.00671695;0.00752673;0.192171;0.0132159;0.00822336;0.00850271;0.198306;0.0167485;
48;8192;8192;measure;scatter;1.06172;0.639366;0.422334;0.00660066;0.00793852;0.203785;0.0154127;0.00759709;0.0077618;0.158706;0.0145321;
48;8192;8192;measure;scatter;1.09976;0.633663;0.46608;0.00649676;0.00767654;0.244931;0.0160017;0.00709334;0.00763225;0.163331;0.012918;
48;8192;8192;measure;scatter;1.09401;0.645685;0.448306;0.00679297;0.00802235;0.217869;0.012329;0.00845016;0.00924146;0.171341;0.0142598;
48;8192;8192;measure;scatter;1.08052;0.646713;0.433773;0.00811832;0.00800732;0.195727;0.0147337;0.00830616;0.00798378;0.176131;0.0147661;
48;8192;8192;measure;scatter;1.08866;0.642765;0.445875;0.00685157;0.00784961;0.234831;0.016007;0.00712244;0.00789478;0.152393;0.0129252;
48;8192;8192;measure;scatter;1.09332;0.630717;0.462587;0.0063327;0.00763785;0.240922;0.0145262;0.00718673;0.00762971;0.164783;0.0135685;
48;8192;8192;measure;scatter;1.04617;0.643111;0.403037;0.00641395;0.00791194;0.182399;0.0149227;0.00731798;0.00767808;0.16288;0.0135133;
48;8192;8192;measure;scatter;1.08361;0.630543;0.453046;0.00695351;0.00765466;0.229976;0.0141982;0.00697341;0.00764773;0.164341;0.0153019;
48;8192;8192;measure;scatter;1.06386;0.64383;0.420009;0.00693739;0.00790379;0.186615;0.013851;0.00844847;0.00782219;0.172164;0.0162664;
48;8192;8192;measure;scatter;1.07702;0.642895;0.434112;0.00700567;0.008288;0.201104;0.0127443;0.00713506;0.00768425;0.174019;0.0161313;
48;8192;8192;measure;scatter;1.01337;0.627695;0.385656;0.00660255;0.0081622;0.150215;0.0141863;0.00719453;0.00747868;0.173066;0.018751;
48;8192;8192;measure;scatter;1.07728;0.63195;0.445308;0.00640933;0.00802926;0.202715;0.0135479;0.00812673;0.008484;0.173904;0.0240912;
48;8192;8192;measure;scatter;1.09685;0.633318;0.463513;0.0065205;0.00784004;0.236445;0.0152615;0.00696379;0.00766816;0.16648;0.0163338;
48;8192;8192;measure;scatter;1.04746;0.637887;0.409561;0.00718918;0.00764634;0.184667;0.0126616;0.00884916;0.00830194;0.163908;0.0163382;
48;8192;8192;measure;scatter;1.06778;0.645282;0.422489;0.00656569;0.00781875;0.199371;0.0155949;0.00798176;0.00767292;0.162581;0.014903;
48;8192;8192;measure;scatter;1.0145;0.637441;0.377041;0.00789243;0.00796183;0.146015;0.0133594;0.0078792;0.00855659;0.170341;0.015036;
48;8192;8192;measure;scatter;1.08415;0.644499;0.439635;0.00794522;0.00762838;0.203102;0.0148143;0.00705522;0.00744431;0.165961;0.0256845;
48;8192;8192;measure;scatter;1.08705;0.642327;0.444709;0.00643502;0.0080471;0.213122;0.0126992;0.00741896;0.00774282;0.174578;0.0146663;
48;8192;8192;measure;scatter;1.01383;0.633526;0.380285;0.00652751;0.00805653;0.157609;0.0141301;0.00765882;0.00797311;0.162261;0.0160687;
48;8192;8192;measure;scatter;1.06793;0.625302;0.442609;0.00801366;0.00769732;0.218741;0.0149431;0.00792473;0.00786939;0.16404;0.0133797;
48;8192;8192;measure;scatter;1.09931;0.63588;0.463415;0.00681895;0.00790154;0.232628;0.013929;0.00725306;0.00788058;0.171536;0.0154673;
48;8192;8192;measure;scatter;1.03764;0.639037;0.398591;0.00726746;0.00762382;0.153358;0.0138606;0.00710541;0.00772934;0.173159;0.0284872;
48;16384;16384;measure;scatter;2.79441;1.17558;1.61879;0.0334773;0.028704;0.939169;0.0483301;0.0318744;0.0284192;0.455598;0.0532156;
48;16384;16384;measure;scatter;2.91773;1.17975;1.73796;0.0319013;0.028942;0.958733;0.0494081;0.0253148;0.0289183;0.560595;0.0541518;
48;16384;16384;measure;scatter;2.84369;1.17645;1.66723;0.0338431;0.0289682;0.96348;0.0513604;0.0263842;0.028721;0.476268;0.0582005;
48;16384;16384;measure;scatter;2.82692;1.23055;1.59635;0.0316756;0.0289337;0.883789;0.0511161;0.0320823;0.0295998;0.483429;0.0557291;
48;16384;16384;measure;scatter;2.83342;1.16968;1.66372;0.0316055;0.0289658;0.930857;0.0464977;0.0295796;0.0290343;0.509026;0.0581511;
48;16384;16384;measure;scatter;2.86935;1.18011;1.68922;0.0338674;0.0283664;0.948844;0.0505498;0.0301281;0.0287927;0.511321;0.0573539;
48;16384;16384;measure;scatter;2.80448;1.17192;1.63255;0.0343948;0.0286627;0.941223;0.042083;0.0332322;0.0286816;0.469745;0.0545227;
48;16384;16384;measure;scatter;2.83236;1.17019;1.66215;0.0324031;0.0289267;0.956707;0.0453037;0.0286803;0.0303693;0.48603;0.053727;
48;16384;16384;measure;scatter;2.7683;1.16946;1.59882;0.029039;0.0287522;0.925656;0.0498174;0.0323173;0.028528;0.450998;0.0537147;
48;16384;16384;measure;scatter;2.7882;1.17572;1.61245;0.0320335;0.0290103;0.926549;0.0494083;0.0307848;0.0288237;0.457357;0.0584887;
48;16384;16384;measure;scatter;2.84097;1.17324;1.66771;0.0290046;0.0289021;0.945999;0.044605;0.0392655;0.0290646;0.496997;0.0538738;
48;16384;16384;measure;scatter;2.76603;1.17787;1.58814;0.0323068;0.0285958;0.908627;0.0493619;0.0319356;0.0285212;0.449915;0.0588753;
48;16384;16384;measure;scatter;2.81067;1.17483;1.63582;0.0314241;0.0287068;0.95816;0.0426112;0.029762;0.0288416;0.461706;0.054611;
48;16384;16384;measure;scatter;2.78993;1.17254;1.61737;0.0312223;0.0290372;0.87756;0.0470833;0.029709;0.0286011;0.51949;0.0546718;
48;16384;16384;measure;scatter;2.82495;1.17057;1.65437;0.0318588;0.028736;0.925976;0.0491282;0.0396717;0.0289434;0.489527;0.0605292;
48;16384;16384;measure;scatter;2.83478;1.16847;1.66629;0.028779;0.028627;0.948437;0.0464255;0.0343046;0.0287306;0.495494;0.0554963;
48;16384;16384;measure;scatter;2.83151;1.16809;1.66341;0.0311875;0.029034;0.935902;0.0428131;0.0271815;0.0284157;0.515243;0.0536302;
48;16384;16384;measure;scatter;2.86049;1.17573;1.68474;0.0343875;0.0286547;0.943525;0.0448164;0.0315874;0.0289184;0.518441;0.0544077;
48;16384;16384;measure;scatter;2.72303;1.21088;1.51213;0.0290937;0.0289695;0.809062;0.0443145;0.0279194;0.0294968;0.486283;0.0569896;
48;16384;16384;measure;scatter;2.7594;1.16702;1.59236;0.0344288;0.0287187;0.862199;0.0497122;0.0303076;0.0283173;0.502098;0.0565785;
48;16384;16384;measure;scatter;2.79206;1.17226;1.61978;0.0349182;0.0285316;0.912531;0.049927;0.0311563;0.0291803;0.478095;0.0554451;
48;16384;16384;measure;scatter;2.88826;1.25194;1.6363;0.0292101;0.0286601;0.920138;0.0497389;0.0296238;0.0286648;0.496734;0.0535319;
48;16384;16384;measure;scatter;2.73321;1.17707;1.55613;0.0312822;0.0288775;0.88;0.0486972;0.0305857;0.0285495;0.450714;0.0574209;
48;16384;16384;measure;scatter;2.81849;1.1754;1.64307;0.0316468;0.02869;0.917725;0.0496173;0.0405295;0.028908;0.486753;0.0592052;
48;16384;16384;measure;scatter;2.76819;1.17039;1.59779;0.0320241;0.029026;0.948039;0.0563622;0.0405728;0.0283662;0.407134;0.0562646;
48;16384;16384;measure;scatter;2.83915;1.17822;1.6609;0.0316528;0.0290151;0.944158;0.0507207;0.0299387;0.028621;0.489915;0.0568817;
48;16384;16384;measure;scatter;2.85797;1.17607;1.68189;0.0317179;0.0287549;0.973231;0.0487994;0.0311103;0.028561;0.484751;0.0549617;
48;16384;16384;measure;scatter;2.83561;1.17284;1.66275;0.0338506;0.0288575;0.92055;0.0499294;0.040609;0.0284302;0.508209;0.0523177;
48;16384;16384;measure;scatter;2.91081;1.17374;1.73706;0.0338532;0.0287136;0.977154;0.0493575;0.032547;0.0285004;0.530614;0.0563166;
48;16384;16384;measure;scatter;2.87591;1.23161;1.64428;0.0291656;0.0290894;0.925261;0.0498461;0.0320303;0.0289984;0.493127;0.0567659;
48;16384;16384;measure;scatter;2.79308;1.17924;1.61383;0.026142;0.0289822;0.916626;0.0511699;0.0259613;0.0286732;0.4809;0.0553723;
48;16384;16384;measure;scatter;2.82384;1.17912;1.6447;0.0336938;0.0287569;0.980086;0.0490447;0.0393996;0.0284574;0.426915;0.0583502;
48;16384;16384;measure;scatter;2.83587;1.24276;1.5931;0.0315492;0.0292366;0.890642;0.0497017;0.0415604;0.0279011;0.46723;0.055278;
48;16384;16384;measure;scatter;2.84041;1.23888;1.60151;0.0311104;0.0291018;0.892094;0.0498376;0.0323549;0.0286079;0.483948;0.0544562;
48;16384;16384;measure;scatter;3.09541;1.25344;1.84195;0.0308155;0.028974;0.870117;0.050591;0.0396024;0.0277191;0.737367;0.0567668;
48;16384;16384;measure;scatter;3.60222;1.17465;2.42755;0.0257254;0.0288439;1.75028;0.0487062;0.0316239;0.0285937;0.458276;0.055505;
48;16384;16384;measure;scatter;2.79867;1.18103;1.61763;0.0317348;0.0289222;0.926115;0.0505194;0.0306587;0.0285397;0.461553;0.0595831;
48;16384;16384;measure;scatter;2.89764;1.17513;1.7225;0.0323685;0.0286428;0.959323;0.0489726;0.0395803;0.0287423;0.527984;0.0568878;
48;16384;16384;measure;scatter;2.83904;1.19183;1.64717;0.0315643;0.0289812;0.960782;0.0503511;0.0398667;0.0280494;0.45221;0.0553614;
48;16384;16384;measure;scatter;2.85633;1.23976;1.61655;0.031923;0.0287734;0.895955;0.0498153;0.0316008;0.0286375;0.496776;0.0530713;
48;16384;16384;measure;scatter;2.7967;1.23339;1.5633;0.0349927;0.0285644;0.880282;0.0500881;0.0318886;0.0287103;0.452397;0.0563726;
48;16384;16384;measure;scatter;2.81996;1.2001;1.61983;0.0341803;0.0284543;0.905408;0.0475448;0.0314317;0.0287532;0.489144;0.0549186;
48;16384;16384;measure;scatter;2.67276;1.18992;1.48283;0.0322169;0.0288078;0.790303;0.0505251;0.0291903;0.0287806;0.46657;0.0564329;
48;16384;16384;measure;scatter;2.71087;1.17282;1.53803;0.0340977;0.0291912;0.843216;0.0443729;0.028838;0.0287639;0.471488;0.0580619;
48;16384;16384;measure;scatter;2.76351;1.1712;1.59229;0.03209;0.0283333;0.876433;0.0487007;0.0414548;0.0289878;0.479534;0.0567588;
48;16384;16384;measure;scatter;2.89764;1.17513;1.7225;0.0323685;0.0286428;0.959323;0.0489726;0.0395803;0.0287423;0.527984;0.0568878;
48;16384;16384;measure;scatter;2.83904;1.19183;1.64717;0.0315643;0.0289812;0.960782;0.0503511;0.0398667;0.0280494;0.45221;0.0553614;
48;16384;16384;measure;scatter;2.85633;1.23976;1.61655;0.031923;0.0287734;0.895955;0.0498153;0.0316008;0.0286375;0.496776;0.0530713;
48;16384;16384;measure;scatter;2.7967;1.23339;1.5633;0.0349927;0.0285644;0.880282;0.0500881;0.0318886;0.0287103;0.452397;0.0563726;
48;16384;16384;measure;scatter;2.81996;1.2001;1.61983;0.0341803;0.0284543;0.905408;0.0475448;0.0314317;0.0287532;0.489144;0.0549186;
48;16384;16384;measure;scatter;2.67276;1.18992;1.48283;0.0322169;0.0288078;0.790303;0.0505251;0.0291903;0.0287806;0.46657;0.0564329;
48;65536;65536;measure;scatter;15.3881;6.86529;8.52274;0.408156;0.442513;1.69419;0.90877;0.420885;0.436508;2.60593;1.60579;                                                           
48;65536;65536;measure;scatter;15.1428;6.85537;8.28745;0.397176;0.442012;1.72079;0.90119;0.418411;0.438177;2.27945;1.69024;                                                           
48;65536;65536;measure;scatter;15.6202;7.14969;8.47053;0.395065;0.44752;1.57573;0.898485;0.424067;0.43782;2.59552;1.69632;                                                            
48;65536;65536;measure;scatter;15.1495;7.15154;7.99798;0.402031;0.446954;1.61656;0.892622;0.424714;0.438193;2.13645;1.64045;                                                          
48;65536;65536;measure;scatter;15.6716;6.96861;8.70292;0.394556;0.445916;1.63637;0.896599;0.439019;0.437556;2.53755;1.91536;                                                          
48;65536;65536;measure;scatter;15.1079;6.93259;8.17526;0.393073;0.440719;1.7027;0.725498;0.425403;0.437497;2.41743;1.63295;                                                           
48;65536;65536;measure;scatter;15.2807;7.23664;8.044;0.396798;0.448448;1.57964;0.922743;0.429913;0.43881;2.0773;1.75035;                                                              
48;65536;65536;measure;scatter;13.9302;6.92724;7.00295;0.393985;0.439765;1.3787;0.907101;0.421807;0.437256;1.68733;1.33701;                                                           
48;65536;65536;measure;scatter;14.8494;6.91596;7.93343;0.397785;0.440841;1.37331;0.902875;0.422081;0.438097;2.33973;1.61871;                                                          
48;65536;65536;measure;scatter;14.5703;6.93425;7.63605;0.388836;0.444648;1.385;0.913939;0.425143;0.438029;1.90775;1.7327;                                                             
48;65536;65536;measure;scatter;15.4921;7.25457;8.23753;0.397867;0.45097;1.56671;0.890061;0.436715;0.437864;2.22262;1.83473;                                                           
48;65536;65536;measure;scatter;14.523;6.92021;7.60277;0.395243;0.439779;1.37093;0.89957;0.483484;0.437109;1.81641;1.76025;                                                            
48;65536;65536;measure;scatter;14.5749;6.94737;7.62757;0.396799;0.442932;1.41485;0.893369;0.496091;0.437897;1.82252;1.7231;                                                           
48;65536;65536;measure;scatter;15.0476;6.9472;8.10043;0.398136;0.441407;1.37609;0.901829;0.418181;0.437299;2.20353;1.92396;                                                           
48;65536;65536;measure;scatter;14.6019;6.81416;7.78769;0.42892;0.446486;1.62035;0.897207;0.418039;0.439114;2.31106;1.22652;                                                           
48;65536;65536;measure;scatter;15.1359;6.84473;8.29119;0.409984;0.438444;1.66544;0.919614;0.435683;0.438838;2.62466;1.35853;                                                          
48;65536;65536;measure;scatter;15.1814;6.92308;8.2583;0.399629;0.444211;1.65119;0.906242;0.464414;0.439926;1.92864;2.02404;                                                           
48;65536;65536;measure;scatter;15.6134;7.04234;8.57102;0.393582;0.448116;1.5994;0.907839;0.434087;0.437997;2.58294;1.76706;                                                           
48;65536;65536;measure;scatter;14.8563;6.97378;7.88248;0.393757;0.440936;1.62441;0.747374;0.425609;0.437811;2.04646;1.76612;                                                          
48;65536;65536;measure;scatter;14.825;6.96746;7.85756;0.396244;0.446576;1.59461;0.913811;0.426211;0.43754;2.07731;1.56526;                                                            
48;65536;65536;measure;scatter;14.8723;6.82399;8.04831;0.390576;0.441515;1.71199;0.725341;0.418392;0.436946;2.17131;1.75224;                                                          
48;65536;65536;measure;scatter;15.3804;6.93454;8.44583;0.393076;0.441999;1.63949;0.914139;0.419075;0.441743;2.35326;1.84304;                                                          
48;65536;65536;measure;scatter;14.8554;6.95854;7.89681;0.400113;0.443696;1.68864;0.920825;0.430413;0.438043;1.99884;1.57623;                                                          
48;65536;65536;measure;scatter;14.95;6.89452;8.05541;0.41715;0.440609;1.70183;0.911848;0.424875;0.436783;2.0255;1.69682;                                                              
48;65536;65536;measure;scatter;15.1746;6.95734;8.21722;0.406964;0.442765;1.37793;0.894816;0.495805;0.437725;2.39108;1.77014;                                                          
48;65536;65536;measure;scatter;15.4029;6.97754;8.42536;0.401692;0.445088;1.59501;0.92832;0.418691;0.438744;2.41512;1.78269;                                                           
48;65536;65536;measure;scatter;14.877;6.9204;7.95657;0.418166;0.443876;1.7032;0.742312;0.416113;0.43794;2.10068;1.69428;                                                              
48;65536;65536;measure;scatter;14.8371;6.8723;7.96474;0.400439;0.447999;1.59194;0.892616;0.452825;0.437784;2.24088;1.50026;                                                           
48;65536;65536;measure;scatter;14.5785;6.9153;7.66321;0.442028;0.447921;1.58159;0.895855;0.418915;0.437653;1.76217;1.67708;                                                           
48;65536;65536;measure;scatter;14.827;6.93887;7.88811;0.390564;0.437644;1.38895;0.908672;0.420577;0.437513;2.24149;1.6627;                                                            
48;65536;65536;measure;scatter;14.7144;6.92534;7.78903;0.403084;0.441004;1.68839;0.929396;0.424354;0.438056;2.23003;1.23472;                                                          
48;65536;65536;measure;scatter;15.8286;6.97531;8.85322;0.390338;0.449424;1.61444;0.90888;0.420143;0.438087;2.63353;1.99838;                                                           
48;65536;65536;measure;scatter;14.3706;6.90798;7.46262;0.393065;0.437889;1.69713;0.743211;0.417892;0.440519;1.84601;1.4869;                                                           
48;65536;65536;measure;scatter;14.6065;6.95806;7.64844;0.393311;0.449657;1.61952;0.905752;0.423099;0.436887;1.72171;1.6985;                                                           
48;65536;65536;measure;scatter;15.198;7.08636;8.11162;0.394705;0.441735;1.78083;0.749011;0.421068;0.437678;2.03894;1.84764;                                                           
48;65536;65536;measure;scatter;14.7736;6.94422;7.82936;0.394879;0.439784;1.38422;0.901664;0.413339;0.437079;2.09531;1.76309;                                                          
48;65536;65536;measure;scatter;15.2751;6.98514;8.28993;0.430705;0.449604;1.57181;0.908683;0.436474;0.439507;2.12378;1.92937;                                                          
48;65536;65536;measure;scatter;15.405;6.8991;8.50593;0.398494;0.439393;1.66599;0.923591;0.424479;0.437138;2.61835;1.5985;                                                             
48;65536;65536;measure;scatter;15.3684;6.98027;8.38811;0.398086;0.437506;1.72531;0.914;0.423281;0.436767;2.20449;1.84867;                                                             
48;65536;65536;measure;scatter;15.4172;6.93789;8.47929;0.42959;0.441745;1.65666;0.906508;0.421049;0.437288;2.52299;1.66345;                                                           
48;65536;65536;measure;scatter;15.4379;6.88923;8.54864;0.438815;0.442994;1.6841;0.889941;0.423926;0.438056;2.27332;1.95749;                                                           
48;65536;65536;measure;scatter;14.5882;6.88299;7.70517;0.39519;0.441131;1.37406;0.903897;0.423146;0.436896;1.88289;1.84797;                                                           
48;65536;65536;measure;scatter;14.9737;6.97638;7.99735;0.39052;0.443656;1.64751;0.90934;0.465309;0.438038;1.87036;1.83262;                                                            
48;65536;65536;measure;scatter;15.0933;6.88776;8.20553;0.421532;0.439333;1.69284;0.903202;0.418682;0.438157;2.29039;1.60138;                                                          
48;65536;65536;measure;scatter;14.4275;6.95217;7.47527;0.395304;0.442636;1.38185;0.911896;0.421886;0.437226;1.74702;1.73745;                                                          
48;65536;65536;measure;scatter;15.5023;6.98728;8.515;0.409891;0.443205;1.68088;0.908191;0.415838;0.439128;2.31922;1.89864;                                                            
48;65536;65536;measure;scatter;14.2;6.92204;7.27793;0.396992;0.443641;1.61897;0.902253;0.49645;0.437627;1.51506;1.46694;                                                              
48;65536;65536;measure;scatter;15.0323;6.82793;8.20438;0.390176;0.44711;1.60445;0.89763;0.427641;0.439231;1.94435;2.05379;                                                            
48;65536;65536;measure;scatter;15.209;6.96366;8.24534;0.393758;0.449123;1.60242;0.905371;0.445483;0.439465;2.04643;1.9633;                                                            
48;65536;65536;measure;scatter;15.5459;6.86612;8.67974;0.396422;0.440894;1.67184;0.735898;0.420717;0.438117;2.63345;1.94241; 