n_threads;n_x;n_y;plan;comm_flag;total;initialization;fft_2d_total;first_fftw;first_split;first_comm;first_trans;second_fftw;second_split;second_comm;second_trans;
48;128;128;measure;scatter;0.169108;0.143946;0.0251514;0.000134523;0.000105237;0.00281945;9.99069e-05;8.16339e-05;6.39101e-05;0.0217299;0.0001169;
48;128;128;measure;scatter;0.119126;0.0669729;0.0521457;0.000131076;6.5122e-05;0.0397629;9.91861e-05;8.5461e-05;6.7868e-05;0.011829;0.000105107;
48;128;128;measure;scatter;0.111074;0.077923;0.0331405;0.000103645;7.92891e-05;0.0109016;8.6332e-05;8.77851e-05;6.4522e-05;0.0217057;0.0001116;
48;128;128;measure;scatter;0.115007;0.0779122;0.0370867;0.000130836;8.46989e-05;0.0237754;0.000102734;0.000107672;6.90499e-05;0.0127089;0.000107441;
48;128;128;measure;scatter;0.134006;0.0769465;0.0570522;0.000125867;9.91861e-05;0.0337735;0.000106319;6.7638e-05;6.5132e-05;0.0227115;0.000103074;
48;128;128;measure;scatter;0.124047;0.0769538;0.0470769;0.000152637;9.3827e-05;0.0247523;9.1291e-05;0.000130736;5.20381e-05;0.0216977;0.00010646;
48;128;128;measure;scatter;0.121067;0.066914;0.0541447;0.000124985;8.9068e-05;0.0417656;0.000101891;8.43189e-05;5.51031e-05;0.0118327;9.1101e-05;
48;128;128;measure;scatter;0.122021;0.0669359;0.0550771;0.000116999;8.33371e-05;0.0327801;0.000102774;0.000100178;5.63359e-05;0.0217342;0.000103163;
48;128;128;measure;scatter;0.108133;0.0659;0.0422143;0.0001012;6.77181e-05;0.0308305;0.000126929;7.13139e-05;6.02431e-05;0.0108439;0.000112492;
48;128;128;measure;scatter;0.110103;0.0659305;0.0441611;0.00012205;7.5371e-05;0.0358196;9.4377e-05;7.53319e-05;5.6365e-05;0.00780605;0.00011195;
48;128;128;measure;scatter;0.11406;0.0708733;0.0431781;0.000136647;8.10919e-05;0.0327802;9.3285e-05;0.000107582;5.307e-05;0.00982318;0.000103073;
48;128;128;measure;scatter;0.12626;0.0659143;0.0603375;0.000146215;9.47681e-05;0.0377912;0.000112441;8.3447e-05;5.94519e-05;0.0219315;0.000118423;
48;128;128;measure;scatter;0.133925;0.077853;0.0560636;0.000172695;7.7205e-05;0.0437215;0.000160201;0.000107292;6.59339e-05;0.0116541;0.000104717;
48;128;128;measure;scatter;0.104079;0.0709198;0.0331506;0.000118442;8.2135e-05;0.0147991;0.000114344;6.97519e-05;5.26991e-05;0.0178101;0.000103975;
48;128;128;measure;scatter;0.118134;0.0669044;0.0512227;0.000114786;7.37989e-05;0.0388099;9.56191e-05;6.77479e-05;4.81701e-05;0.0119138;9.88659e-05;
48;128;128;measure;scatter;0.123989;0.0659299;0.0580485;0.000145754;0.000104025;0.0258382;0.000104607;8.42379e-05;5.9101e-05;0.0316228;8.98179e-05;
48;128;128;measure;scatter;0.133033;0.0658705;0.0671514;0.000103074;8.32169e-05;0.0457995;9.7333e-05;7.2666e-05;5.52342e-05;0.020848;9.23041e-05;
48;128;128;measure;scatter;0.116049;0.0769158;0.0391204;0.000124293;7.6524e-05;0.0149071;9.45069e-05;9.6722e-05;5.38211e-05;0.0236394;0.000127991;
48;128;128;measure;scatter;0.124959;0.0658707;0.0590775;0.000141717;7.39591e-05;0.0368208;0.000108654;7.2777e-05;6.04929e-05;0.0217025;9.6522e-05;
48;128;128;measure;scatter;0.114324;0.0660108;0.0483057;0.000160882;7.50921e-05;0.0357597;0.000102964;0.000116829;6.873e-05;0.0119199;0.000101611;
48;128;128;measure;scatter;0.11655;0.0663454;0.0501949;0.000131096;8.98489e-05;0.0388422;0.000121728;8.6573e-05;6.41712e-05;0.0107602;9.90559e-05;
48;128;128;measure;scatter;0.123144;0.0659085;0.0572272;0.000115807;8.13529e-05;0.0457869;9.25139e-05;7.7636e-05;4.69182e-05;0.0108995;0.000126638;
48;128;128;measure;scatter;0.119003;0.0659437;0.0530481;0.000128752;7.9259e-05;0.0408802;0.00011185;0.000150804;5.9742e-05;0.0115485;8.8928e-05;
48;128;128;measure;scatter;0.132021;0.0659245;0.0660869;0.000128562;8.22449e-05;0.0437678;0.000102784;7.33871e-05;6.4482e-05;0.0217367;0.000130976;
48;128;128;measure;scatter;0.116027;0.0659313;0.0500817;0.000116169;9.74932e-05;0.0327665;0.000116679;0.00011666;4.45829e-05;0.016723;0.000100569;
48;128;128;measure;scatter;0.115112;0.0659113;0.0491829;0.000121008;7.72648e-05;0.0418507;0.00010099;9.39469e-05;4.0486e-05;0.00680609;9.2383e-05;
48;128;128;measure;scatter;0.120056;0.0719414;0.0481071;0.000112892;9.36161e-05;0.0357156;0.000105879;0.000147817;4.11379e-05;0.0117855;0.000104697;
48;128;128;measure;scatter;0.130008;0.0659266;0.0640705;0.000126298;9.0129e-05;0.0418035;9.48978e-05;7.88681e-05;6.2848e-05;0.0217143;9.96771e-05;
48;128;128;measure;scatter;0.119096;0.0659397;0.0531472;0.000104336;0.000107542;0.041762;8.85571e-05;0.000139953;5.22281e-05;0.01079;0.000102693;
48;128;128;measure;scatter;0.123134;0.0679679;0.0551574;0.000114475;8.44491e-05;0.0427676;0.000107783;8.4799e-05;3.735e-05;0.0118677;9.3285e-05;
48;128;128;measure;scatter;0.111004;0.065908;0.0450877;0.000112271;8.6332e-05;0.0277934;8.89669e-05;9.49081e-05;6.14559e-05;0.0167608;8.9529e-05;
48;128;128;measure;scatter;0.111999;0.0659322;0.0460488;0.000110398;9.67819e-05;0.0197835;0.000113995;9.35451e-05;4.38031e-05;0.0257254;8.1423e-05;
48;128;128;measure;scatter;0.107029;0.0659543;0.0410667;0.00011147;0.000100258;0.0278486;9.88459e-05;9.20631e-05;5.841e-05;0.0126668;9.0309e-05;
48;128;128;measure;scatter;0.1121;0.0659228;0.0461702;0.000124765;9.90161e-05;0.0348473;0.000100389;9.62911e-05;7.16241e-05;0.0107411;8.96079e-05;
48;128;128;measure;scatter;0.120005;0.0659117;0.0540826;0.000131757;8.00311e-05;0.0297617;0.000102903;9.01599e-05;7.63629e-05;0.0237257;0.000113935;
48;128;128;measure;scatter;0.137686;0.0665976;0.0710791;0.000127229;9.1692e-05;0.0407876;8.15829e-05;8.48102e-05;5.59848e-05;0.0297517;9.85449e-05;
48;128;128;measure;scatter;0.120276;0.0659745;0.0542932;0.000115938;7.6554e-05;0.0427644;9.72329e-05;8.75941e-05;6.90001e-05;0.0109729;0.000109556;
48;128;128;measure;scatter;0.113066;0.0659485;0.0471031;0.000117832;8.61608e-05;0.0347658;0.0001168;7.8087e-05;5.4382e-05;0.0117737;0.000110388;
48;128;128;measure;scatter;0.127217;0.0661479;0.0610582;0.000126247;9.63111e-05;0.0377493;0.000104696;0.000113534;5.82491e-05;0.0226969;0.000112972;
48;128;128;measure;scatter;0.126039;0.0659117;0.0601153;0.000152877;7.70448e-05;0.0437911;0.000102282;9.5139e-05;7.00711e-05;0.015727;9.9868e-05;
48;128;128;measure;scatter;0.118332;0.0661438;0.0521789;0.000115236;0.000103715;0.0407849;9.3115e-05;7.72758e-05;5.46421e-05;0.0108635;8.6573e-05;
48;128;128;measure;scatter;0.113083;0.0659384;0.0471385;0.000115707;7.19558e-05;0.0348083;9.38461e-05;9.60301e-05;4.85519e-05;0.0118148;8.93781e-05;
48;128;128;measure;scatter;0.112118;0.065956;0.0461549;0.000136577;7.05719e-05;0.0337745;8.84859e-05;0.000114445;5.48931e-05;0.011833;8.24349e-05;
48;128;128;measure;scatter;0.114003;0.0659161;0.0480757;0.000199274;6.96711e-05;0.0317233;0.000104446;8.7284e-05;6.36599e-05;0.015736;9.21132e-05;
48;128;128;measure;scatter;0.129078;0.065955;0.0631137;0.000115828;7.8768e-05;0.0517799;0.000102473;9.76629e-05;6.8048e-05;0.0107869;8.4128e-05;
48;128;128;measure;scatter;0.121516;0.0659398;0.0555701;0.000115247;8.9077e-05;0.0408072;0.000102132;8.82961e-05;5.06649e-05;0.0142289;8.8617e-05;
48;128;128;measure;scatter;0.129027;0.0749082;0.0541092;0.000119485;8.42479e-05;0.0378102;0.000108935;0.000112441;4.80399e-05;0.0157298;9.59809e-05;
48;128;128;measure;scatter;0.123013;0.075948;0.0470557;0.000102202;9.46778e-05;0.0307791;9.4648e-05;8.3036e-05;5.48628e-05;0.0157519;9.52592e-05;
48;128;128;measure;scatter;0.127994;0.0739126;0.0540735;0.00011161;8.26649e-05;0.0317805;9.44971e-05;0.000108074;5.98822e-05;0.0217303;0.00010597;
48;128;128;measure;scatter;0.121124;0.0659543;0.0551611;0.000130335;7.91589e-05;0.0438014;9.70322e-05;6.5553e-05;5.81399e-05;0.0108391;9.03099e-05;
48;256;256;measure;scatter;0.188009;0.108822;0.0791767;0.000162776;0.000147557;0.035709;0.000119875;0.000140965;7.6253e-05;0.042661;0.00015927;
48;256;256;measure;scatter;0.196009;0.120828;0.0751694;0.000124695;0.000126317;0.0507392;0.000129604;0.00013854;8.02409e-05;0.0236771;0.000153718;
48;256;256;measure;scatter;0.176007;0.116878;0.0591205;0.000167625;0.00010072;0.0367215;0.000117761;0.00014892;0.000100499;0.0216179;0.000145564;
48;256;256;measure;scatter;0.193199;0.108835;0.0843563;0.000149882;0.000105859;0.0428247;0.000272763;0.000118763;9.89561e-05;0.0406034;0.000182032;
48;256;256;measure;scatter;0.187602;0.115409;0.0721856;0.000161343;0.000120647;0.0489678;0.000114806;0.000115136;8.02712e-05;0.022472;0.000153579;
48;256;256;measure;scatter;0.157446;0.109042;0.0483876;0.000116259;0.000146785;0.043799;0.000138901;0.000123793;7.94788e-05;0.00381391;0.000169509;
48;256;256;measure;scatter;0.183975;0.111846;0.0721192;0.000131357;0.000120016;0.0377944;0.000134924;0.00010648;9.77239e-05;0.0336005;0.000133711;
48;256;256;measure;scatter;0.175309;0.108847;0.0664527;0.000141396;0.000118593;0.0327762;0.000155382;0.00012232;9.42471e-05;0.0328836;0.000160942;
48;256;256;measure;scatter;0.175017;0.112831;0.0621778;0.000120567;7.75449e-05;0.0388642;0.000140304;0.000111429;0.000107352;0.0226028;0.000153599;
48;256;256;measure;scatter;0.172009;0.108813;0.0631855;0.000159028;0.000119585;0.0407647;0.000141856;0.000111931;9.40461e-05;0.0216342;0.000160101;
48;256;256;measure;scatter;0.163046;0.10888;0.0541572;0.000135424;0.000113383;0.0317502;0.000151054;0.000125426;9.33951e-05;0.0216264;0.000161884;
48;256;256;measure;scatter;0.181793;0.108824;0.0729627;0.000126708;0.000111891;0.0458183;0.000135785;0.000103976;7.8978e-05;0.0264419;0.000145142;
48;256;256;measure;scatter;0.190203;0.10884;0.081353;0.000121698;0.000105569;0.0448206;0.000194766;0.000144041;8.01811e-05;0.0357488;0.000137278;
48;256;256;measure;scatter;0.163227;0.110721;0.0524949;0.000157966;0.00013308;0.0387914;0.000124113;0.00011722;8.2145e-05;0.0129124;0.000176522;
48;256;256;measure;scatter;0.191041;0.108826;0.0822036;0.000129113;0.000114585;0.047753;0.000131357;0.00015947;8.79951e-05;0.0336355;0.000192572;
48;256;256;measure;scatter;0.191023;0.123846;0.0671689;0.000138961;0.000124424;0.0387696;0.000135044;9.45569e-05;9.70929e-05;0.0276506;0.000158688;
48;256;256;measure;scatter;0.197993;0.11984;0.0781436;0.000146826;9.93169e-05;0.0337736;0.000126087;0.000127009;7.985e-05;0.0436475;0.000143419;
48;256;256;measure;scatter;0.195998;0.108854;0.0871356;0.000118553;0.000110508;0.0417667;0.000129253;0.000126818;9.20428e-05;0.0446518;0.000139993;
48;256;256;measure;scatter;0.186171;0.111832;0.0743315;0.000132519;0.000118613;0.0517399;0.000147747;0.000102853;0.000102313;0.0218307;0.000156895;
48;256;256;measure;scatter;0.182971;0.115834;0.0671271;0.000123152;0.000108804;0.0257691;0.000128632;0.000115197;8.46691e-05;0.0406506;0.000147036;
48;256;256;measure;scatter;0.184874;0.108857;0.0760081;0.000132018;0.000129393;0.0437346;0.000121709;0.000104887;9.28838e-05;0.0315484;0.000144251;
48;256;256;measure;scatter;0.199037;0.114878;0.0841504;0.000141656;0.000115147;0.03771;0.000114915;0.000137659;8.95381e-05;0.0456723;0.000169218;
48;256;256;measure;scatter;0.185037;0.118859;0.0661583;0.00013823;0.000113413;0.0217292;0.000158147;0.00010645;9.4818e-05;0.0436797;0.00013834;
48;256;256;measure;scatter;0.176993;0.108817;0.0681665;0.000136056;0.000137478;0.0437412;0.000114966;0.000133381;9.3536e-05;0.023635;0.000174939;
48;256;256;measure;scatter;0.206981;0.108829;0.0981418;0.000159139;0.000111309;0.0457619;0.000137117;9.14419e-05;9.63111e-05;0.0516505;0.000134112;
48;256;256;measure;scatter;0.162079;0.108822;0.0532521;0.000158949;0.000125726;0.0297407;0.000144291;0.00013284;7.7094e-05;0.0227147;0.000157816;
48;256;256;measure;scatter;0.187005;0.120827;0.0661636;0.000122521;0.000142287;0.0327263;0.000115938;0.000109035;8.5481e-05;0.0327172;0.000144842;
48;256;256;measure;scatter;0.177067;0.108862;0.0681937;0.000128191;0.000134623;0.0447331;0.000132469;0.000141907;8.84458e-05;0.0226837;0.000151214;
48;256;256;measure;scatter;0.180899;0.108768;0.072123;0.000139252;0.000110147;0.0457204;0.00015421;0.000136056;0.000104045;0.0256196;0.000139382;
48;256;256;measure;scatter;0.19309;0.108804;0.0842781;0.000141856;0.000113934;0.0507568;0.000140144;0.000137638;7.73261e-05;0.0327304;0.000179988;
48;256;256;measure;scatter;0.168057;0.107853;0.0601797;0.000139072;0.000104346;0.0368942;0.000146415;0.000104686;7.9931e-05;0.022543;0.000168016;
48;256;256;measure;scatter;0.176136;0.109663;0.0664653;0.000136606;0.000120827;0.0438086;0.000136587;0.000106019;7.53622e-05;0.0219468;0.000134513;
48;256;256;measure;scatter;0.182074;0.108834;0.0732317;0.000134813;0.000103856;0.0487751;0.000124945;0.000150603;8.6793e-05;0.023694;0.000161594;
48;256;256;measure;scatter;0.171932;0.108793;0.0631305;0.000113944;0.000137038;0.0397733;0.000134603;0.000102823;7.30781e-05;0.0226701;0.000125686;
48;256;256;measure;scatter;0.197144;0.108838;0.0882946;0.000159169;0.000102443;0.0537604;0.000142428;0.000108714;0.000100469;0.0336792;0.000241824;
48;256;256;measure;scatter;0.18481;0.112635;0.0721672;0.000141816;0.000136818;0.0487527;0.00013298;0.000107051;9.36862e-05;0.0226381;0.000164098;
48;256;256;measure;scatter;0.169106;0.108807;0.06029;0.000130385;0.000122821;0.037794;0.000136667;9.8465e-05;8.43091e-05;0.0217939;0.000129454;
48;256;256;measure;scatter;0.184994;0.118839;0.0661464;0.000130164;0.000123562;0.0217662;0.000131147;0.000139041;9.26438e-05;0.0435972;0.000166453;
48;256;256;measure;scatter;0.181788;0.108482;0.0732958;0.000161573;0.000128422;0.0397328;0.000147206;0.000126849;9.13211e-05;0.032743;0.00016456;
48;256;256;measure;scatter;0.19328;0.108849;0.0844261;0.000160802;0.000133841;0.0518116;0.000265879;0.000163918;8.528e-05;0.031624;0.00018075;
48;256;256;measure;scatter;0.184075;0.109722;0.0743443;0.000126277;0.000127841;0.033804;0.000138731;0.000131617;8.4559e-05;0.0397842;0.000147097;
48;256;256;measure;scatter;0.171232;0.110831;0.0603912;0.000151174;0.000108864;0.0377621;0.000125015;0.000102112;9.74031e-05;0.0218907;0.000153819;
48;256;256;measure;scatter;0.190991;0.111878;0.079103;0.000136566;0.000107763;0.0446964;0.000138971;0.000126829;0.00010665;0.0336374;0.000152396;
48;256;256;measure;scatter;0.17401;0.108865;0.0651373;0.000129824;0.000103294;0.0327724;0.000136236;0.00011183;8.3948e-05;0.0316478;0.000151996;
48;256;256;measure;scatter;0.192347;0.11985;0.0724881;0.000122169;0.000102433;0.0387998;0.000127329;0.000118112;7.15649e-05;0.0330223;0.000124274;
48;256;256;measure;scatter;0.174196;0.108821;0.0653674;0.000181191;0.000116579;0.0317779;0.000151855;0.000135124;9.2414e-05;0.0327496;0.000162686;
48;256;256;measure;scatter;0.198933;0.116783;0.0821379;0.000138169;0.000121509;0.0487203;0.000126348;0.0001117;8.37869e-05;0.0326873;0.00014879;
48;256;256;measure;scatter;0.197944;0.119755;0.078162;0.000130155;9.43169e-05;0.054851;0.000139833;9.4367e-05;6.2217e-05;0.0226681;0.000121959;
48;256;256;measure;scatter;0.175104;0.108853;0.0662434;0.00013834;0.000131306;0.0328343;0.000142477;0.000150603;8.7365e-05;0.0325868;0.000172234;
48;256;256;measure;scatter;0.188008;0.108857;0.0791434;0.000162566;0.000106821;0.0347206;0.000147227;0.000131537;9.2474e-05;0.0436372;0.000144882;
48;512;512;measure;scatter;0.253123;0.170456;0.0826581;0.00025521;0.00015465;0.0506126;0.000218571;0.000140825;0.000151715;0.0309097;0.000214764;
48;512;512;measure;scatter;0.245685;0.165223;0.0804511;0.000215906;0.000147307;0.0349335;0.00022385;0.000156505;0.000139532;0.0444309;0.000203623;
48;512;512;measure;scatter;0.220038;0.154417;0.0656109;0.000158148;0.000164579;0.0317247;0.000222128;0.000203231;0.000121379;0.0328231;0.000193644;
48;512;512;measure;scatter;0.258549;0.165353;0.0931917;0.000161293;0.000157856;0.0358766;0.000204234;0.000147717;0.000131497;0.0563167;0.000195808;
48;512;512;measure;scatter;0.249973;0.154468;0.0954944;0.000252044;0.000150302;0.0556603;0.000231084;0.000140334;0.000125696;0.0387342;0.000200396;
48;512;512;measure;scatter;0.237098;0.164464;0.0726245;0.000189617;0.00014894;0.0379471;0.000199495;0.000141777;0.000114214;0.0336843;0.000199044;
48;512;512;measure;scatter;0.264708;0.163448;0.101255;0.000172494;0.000132198;0.0658114;0.000216838;0.000155292;0.00012765;0.0344388;0.000200627;
48;512;512;measure;scatter;0.250692;0.154366;0.0963183;0.000254869;0.000126197;0.0557483;0.000222248;0.000147387;0.00013834;0.0394717;0.000209283;
48;512;512;measure;scatter;0.267694;0.154375;0.113311;0.000292359;0.000144902;0.0578066;0.000194726;0.00015432;0.00011676;0.0543772;0.000224452;
48;512;512;measure;scatter;0.244525;0.166356;0.078159;0.000190859;0.00014389;0.0659736;0.00021289;0.000151875;0.00013275;0.0111718;0.000181361;
48;512;512;measure;scatter;0.229385;0.154421;0.0749555;0.000200306;0.000124504;0.0410472;0.000209975;0.00013843;0.000129033;0.0328921;0.000213992;
48;512;512;measure;scatter;0.251158;0.153405;0.0977455;0.000236655;0.000150563;0.053934;0.000280727;0.000493427;0.000128131;0.0422095;0.000312547;
48;512;512;measure;scatter;0.24314;0.154119;0.0890138;0.000449454;0.000176772;0.0471539;0.000306265;0.000291187;0.000154951;0.0402552;0.000226155;
48;512;512;measure;scatter;0.23226;0.166539;0.0656996;0.000165661;0.000133131;0.0320072;0.000279124;0.000164299;0.000136987;0.032598;0.000215244;
48;512;512;measure;scatter;0.225729;0.159144;0.066576;0.00156822;0.00067075;0.0349554;0.001382;0.000316114;0.000550935;0.0269411;0.00019136;
48;512;512;measure;scatter;0.232381;0.155455;0.076918;0.00018084;0.00013858;0.0505675;0.000206959;0.000139793;0.000116158;0.0254019;0.000166193;
48;512;512;measure;scatter;0.24842;0.164996;0.0834188;0.000198534;0.000150763;0.0446743;0.000222879;0.000160111;0.00013307;0.0376569;0.000222238;
48;512;512;measure;scatter;0.240406;0.155686;0.0847101;0.00022869;0.000156283;0.0396604;0.000195898;0.000145363;0.000113613;0.0439994;0.000210556;
48;512;512;measure;scatter;0.243878;0.160279;0.0835918;0.000200386;0.000128682;0.0386686;0.000220665;0.000152887;0.00012246;0.043903;0.000195176;
48;512;512;measure;scatter;0.227168;0.155501;0.0716584;0.000199966;0.000129714;0.047135;0.000195858;0.000148198;0.000202982;0.0234464;0.000200296;
48;512;512;measure;scatter;0.244192;0.156425;0.0877593;0.000297489;0.000147046;0.0600901;0.000274206;0.000353654;0.00017569;0.0261807;0.000240462;
48;512;512;measure;scatter;0.260357;0.165826;0.0945192;0.000196439;0.000168857;0.0399001;0.000269657;0.000278082;0.000127129;0.0533576;0.000221346;
48;512;512;measure;scatter;0.239966;0.163415;0.0765398;0.000191059;0.000155282;0.0429451;0.000210325;0.000164139;0.000118021;0.0325502;0.000205726;
48;512;512;measure;scatter;0.203256;0.163422;0.0398246;0.000277502;0.000140123;0.019728;0.000195236;0.000190599;0.000120246;0.0189798;0.000193083;
48;512;512;measure;scatter;0.256938;0.153412;0.103512;0.000211808;0.000120406;0.055486;0.000275708;0.000254749;0.0001383;0.0467633;0.000261792;
48;512;512;measure;scatter;0.25808;0.156051;0.102018;0.000344498;0.000202901;0.0549194;0.000253697;0.000629242;0.00015964;0.0451797;0.000329359;
48;512;512;measure;scatter;0.251557;0.154367;0.0971818;0.000255099;0.000185339;0.0508283;0.000252334;0.000166864;0.000137959;0.0451431;0.000212749;
48;512;512;measure;scatter;0.250567;0.155335;0.0952219;0.000259217;0.00012256;0.0488584;0.000260249;0.000139131;0.000139643;0.0452353;0.00020745;
48;512;512;measure;scatter;0.264694;0.16536;0.0993277;0.000268635;0.000135885;0.0440034;0.000217789;0.000168767;0.00012217;0.0542041;0.000206899;
48;512;512;measure;scatter;0.242926;0.156598;0.0863179;0.000272502;0.000137679;0.0287524;0.000203212;0.000144962;0.000120827;0.0564771;0.000209213;
48;512;512;measure;scatter;0.233807;0.154268;0.0795301;0.000220475;0.000145794;0.0316826;0.000247004;0.000140775;0.000136125;0.0467472;0.000210215;
48;512;512;measure;scatter;0.249845;0.158505;0.091332;0.000248016;0.000138561;0.0457203;0.000227668;0.000135084;0.000116919;0.0445281;0.000217299;
48;512;512;measure;scatter;0.240318;0.153463;0.0868449;0.000452089;0.0001912;0.0474043;0.000392839;0.000519115;0.000152266;0.0374854;0.000247696;
48;512;512;measure;scatter;0.244629;0.159242;0.0853746;0.000385354;0.000161714;0.050889;0.000416142;0.000270979;0.000141266;0.0325989;0.00051118;
48;512;512;measure;scatter;0.234673;0.155917;0.0787468;0.000197862;0.000144782;0.0441267;0.000234982;0.000165771;0.000177234;0.0334904;0.000208953;
48;512;512;measure;scatter;0.236894;0.155339;0.0815434;0.000169889;0.000129483;0.037024;0.0002338;0.000140974;0.000112582;0.0434981;0.000234501;
48;512;512;measure;scatter;0.230888;0.157386;0.0734969;0.000247886;0.000171592;0.0286044;0.000213962;0.000137698;0.000137629;0.0437892;0.000194546;
48;512;512;measure;scatter;0.239715;0.154493;0.0852058;0.000193964;0.000150082;0.0522676;0.000205957;0.000225363;0.000124564;0.0318363;0.00020191;
48;512;512;measure;scatter;0.234822;0.157416;0.0773965;0.000182062;0.000149521;0.0439599;0.000206708;0.000137168;0.000134773;0.0324454;0.00018103;
48;512;512;measure;scatter;0.236096;0.158416;0.0776703;0.000228169;0.000158648;0.0427461;0.000194746;0.000194946;0.00012781;0.0338206;0.000199265;
48;512;512;measure;scatter;0.245977;0.154448;0.0915194;0.000191109;0.000145975;0.0451541;0.000219031;0.000147237;0.000115888;0.045342;0.000204024;
48;512;512;measure;scatter;0.232779;0.154411;0.0783582;0.000178666;0.000152607;0.033182;0.000214413;0.000145613;0.000157506;0.044107;0.000220334;
48;512;512;measure;scatter;0.259628;0.158394;0.101227;0.00021273;0.000142688;0.055966;0.00022324;0.000177403;0.000131167;0.0441636;0.000210475;
48;512;512;measure;scatter;0.263928;0.154335;0.109585;0.00019155;0.000144722;0.0697627;0.000225734;0.000152597;0.000128261;0.0387835;0.000195757;
48;512;512;measure;scatter;0.260674;0.163399;0.097265;0.000264908;0.000155472;0.0507542;0.000203893;0.000155082;0.000134262;0.0453743;0.000222869;
48;512;512;measure;scatter;0.230782;0.155302;0.0754715;0.000193885;0.000136336;0.0481392;0.000190047;0.000298291;0.000128;0.02622;0.000165711;
48;512;512;measure;scatter;0.241735;0.154367;0.0873581;0.000349858;0.000155662;0.0458469;0.000330501;0.000176492;0.00015448;0.0400796;0.000264678;
48;512;512;measure;scatter;0.246681;0.155219;0.0914505;0.000454064;0.000136176;0.0465985;0.000265629;0.000193794;0.000133351;0.0433544;0.000314611;
48;512;512;measure;scatter;0.241725;0.157144;0.0845726;0.000248286;0.000124214;0.0516217;0.000245562;0.000153398;0.000125636;0.0318268;0.000226956;
48;512;512;measure;scatter;0.24967;0.155442;0.0942172;0.000201679;0.000147758;0.0498738;0.00021305;0.000198253;0.000147567;0.0432214;0.000213701;
48;1024;1024;measure;scatter;0.308541;0.209492;0.0990391;0.000326604;0.000296026;0.037207;0.000413527;0.000244469;0.000294123;0.0599337;0.000323588;
48;1024;1024;measure;scatter;0.337472;0.206737;0.130718;0.000701027;0.000455266;0.0624246;0.000805754;0.000293081;0.00070254;0.0649121;0.000423426;
48;1024;1024;measure;scatter;0.343044;0.207516;0.135519;0.000399811;0.000305314;0.0673881;0.000676712;0.000307768;0.000329569;0.06579;0.000321254;
48;1024;1024;measure;scatter;0.358745;0.218345;0.140379;0.000419989;0.000308329;0.0674885;0.000421752;0.000237176;0.000279085;0.07085;0.000373803;
48;1024;1024;measure;scatter;0.330282;0.216992;0.113282;0.000346662;0.000271991;0.0545569;0.000396996;0.000220344;0.000261542;0.0569076;0.000319731;
48;1024;1024;measure;scatter;0.324213;0.21618;0.108022;0.000325382;0.000269196;0.0594841;0.000440618;0.000286589;0.000293752;0.0465251;0.000397617;
48;1024;1024;measure;scatter;0.331682;0.20982;0.121852;0.000420631;0.000334789;0.057621;0.000528984;0.000241314;0.000293982;0.062063;0.000348184;
48;1024;1024;measure;scatter;0.31089;0.207414;0.103466;0.000328527;0.00031899;0.0532329;0.0004681;0.000315683;0.00028698;0.0481624;0.000352332;
48;1024;1024;measure;scatter;0.353438;0.222252;0.131175;0.000374424;0.000296697;0.0542809;0.000433074;0.000228589;0.000270388;0.0749483;0.000342994;
48;1024;1024;measure;scatter;0.333688;0.216755;0.116927;0.000364094;0.00030889;0.0497835;0.000414339;0.000226185;0.000265649;0.0652105;0.000353364;
48;1024;1024;measure;scatter;0.321672;0.218307;0.103355;0.000368793;0.000304472;0.0452365;0.00053188;0.00033004;0.000294884;0.0559277;0.000360929;
48;1024;1024;measure;scatter;0.314875;0.209992;0.104874;0.000339207;0.000261852;0.0586005;0.000660181;0.000300535;0.000286819;0.0440199;0.0004047;
48;1024;1024;measure;scatter;0.323602;0.211263;0.112335;0.000386977;0.000251783;0.0232365;0.000602232;0.000740822;0.000244159;0.086514;0.000358103;
48;1024;1024;measure;scatter;0.32737;0.209893;0.117467;0.000384382;0.000264788;0.0685404;0.000383811;0.000621518;0.000323328;0.0466152;0.000333737;
48;1024;1024;measure;scatter;0.326273;0.211179;0.115085;0.000438855;0.000247716;0.0667751;0.000437592;0.000287009;0.000278804;0.0462361;0.000384052;
48;1024;1024;measure;scatter;0.334294;0.207673;0.126611;0.000343996;0.000286338;0.0670998;0.000473089;0.000231034;0.000273624;0.0575532;0.000350017;
48;1024;1024;measure;scatter;0.340812;0.206487;0.134313;0.000359636;0.000300214;0.0810765;0.000479651;0.000600949;0.000291247;0.0508543;0.00035101;
48;1024;1024;measure;scatter;0.348205;0.21695;0.131247;0.000306836;0.000295215;0.0765189;0.000415501;0.000229582;0.000301747;0.0528635;0.000315603;
48;1024;1024;measure;scatter;0.311749;0.209682;0.102056;0.000526179;0.000269937;0.0582333;0.000421642;0.000232587;0.000272222;0.0418139;0.000286067;
48;1024;1024;measure;scatter;0.306015;0.207806;0.0982008;0.00039412;0.000315774;0.0767099;0.000419238;0.000250711;0.000278613;0.0194927;0.000339688;
48;1024;1024;measure;scatter;0.339586;0.20645;0.133127;0.0003511;0.000323849;0.0728097;0.00057992;0.000199966;0.000281749;0.0582257;0.000355107;
48;1024;1024;measure;scatter;0.321112;0.212208;0.108892;0.00031915;0.000292139;0.0389054;0.000639322;0.000231134;0.000280627;0.0678228;0.000401715;
48;1024;1024;measure;scatter;0.325998;0.22025;0.105739;0.000341762;0.000291679;0.0595819;0.000426341;0.00020207;0.000714583;0.0438193;0.000360948;
48;1024;1024;measure;scatter;0.332677;0.219358;0.113313;0.00036202;0.000355839;0.0385363;0.000468611;0.000216246;0.000310484;0.0726957;0.000367591;
48;1024;1024;measure;scatter;0.326237;0.210173;0.116054;0.000417685;0.000239831;0.05691;0.00047359;0.00023969;0.000252815;0.0571703;0.000350048;
48;1024;1024;measure;scatter;0.342723;0.2065;0.1362;0.00036683;0.000338586;0.078805;0.000469282;0.000615587;0.000299813;0.0549888;0.000315793;
48;1024;1024;measure;scatter;0.318227;0.217631;0.100585;0.000303791;0.000259718;0.0320139;0.00067596;0.000251192;0.000258977;0.0664614;0.000359626;
48;1024;1024;measure;scatter;0.367331;0.211741;0.155583;0.000373302;0.000300575;0.0853848;0.000563429;0.000357632;0.000276259;0.0679718;0.000354867;
48;1024;1024;measure;scatter;0.325757;0.210427;0.115321;0.000355107;0.000255761;0.0657381;0.000424658;0.00021831;0.000253146;0.0474795;0.00059642;
48;1024;1024;measure;scatter;0.343036;0.209223;0.133807;0.000447962;0.000406725;0.0572997;0.00244489;0.000263856;0.000331844;0.0721006;0.000511351;
48;1024;1024;measure;scatter;0.312215;0.218449;0.0937547;0.000518906;0.00047402;0.0491983;0.000946248;0.000618343;0.000320332;0.0410341;0.000644451;
48;1024;1024;measure;scatter;0.325701;0.207685;0.118008;0.000342063;0.000276058;0.0648011;0.000466366;0.000280547;0.000293191;0.0511793;0.000369153;
48;1024;1024;measure;scatter;0.30849;0.206546;0.101936;0.000308961;0.000342754;0.0651526;0.00046312;0.000252044;0.00029791;0.03477;0.000348235;
48;1024;1024;measure;scatter;0.328837;0.216036;0.112791;0.00034049;0.000373552;0.0551131;0.00052666;0.000190668;0.000315453;0.0556096;0.000321264;
48;1024;1024;measure;scatter;0.331669;0.209919;0.12174;0.000349035;0.000282271;0.0513536;0.000731074;0.000233088;0.00046818;0.0680109;0.000311676;
48;1024;1024;measure;scatter;0.349815;0.209989;0.139816;0.000429868;0.000317166;0.0707723;0.000403257;0.000238448;0.000273034;0.0670578;0.000324099;
48;1024;1024;measure;scatter;0.319687;0.220131;0.0995454;0.000404801;0.000294273;0.0458939;0.000440317;0.00024469;0.00026597;0.0516617;0.000339738;
48;1024;1024;measure;scatter;0.359799;0.21483;0.144961;0.000366038;0.000338596;0.0763681;0.000452851;0.000230333;0.000315483;0.0665556;0.000334138;
48;1024;1024;measure;scatter;0.340229;0.210323;0.129899;0.000335059;0.000242837;0.0557054;0.000435258;0.000402336;0.000275878;0.0721775;0.000324399;
48;1024;1024;measure;scatter;0.334361;0.210301;0.124052;0.000351521;0.000281639;0.0564907;0.00041489;0.000304332;0.000477106;0.0653903;0.000341111;
48;1024;1024;measure;scatter;0.343394;0.206329;0.137054;0.000511702;0.000439295;0.0665652;0.00218711;0.000295365;0.000418827;0.0661799;0.000456839;
48;1024;1024;measure;scatter;0.308212;0.215125;0.0930817;0.000347483;0.000256081;0.0737773;0.000440889;0.000471265;0.000279175;0.0171561;0.000353414;
48;1024;1024;measure;scatter;0.334537;0.207804;0.126724;0.000479391;0.000294614;0.0690177;0.00115244;0.000209764;0.000286959;0.0549533;0.00032966;
48;1024;1024;measure;scatter;0.330468;0.214474;0.115984;0.000349697;0.000283072;0.0545346;0.000482948;0.000266731;0.00031904;0.0594291;0.000318498;
48;1024;1024;measure;scatter;0.334008;0.210248;0.123752;0.000385384;0.00037751;0.0547279;0.000860587;0.000440568;0.000385795;0.0662111;0.000362962;
48;1024;1024;measure;scatter;0.324287;0.212813;0.111465;0.000372901;0.000290055;0.0628171;0.00107362;0.00028198;0.000507123;0.0456802;0.000442131;
48;1024;1024;measure;scatter;0.324978;0.210141;0.114828;0.000450016;0.000385454;0.0693597;0.000721075;0.000347443;0.000336102;0.0426926;0.000535947;
48;1024;1024;measure;scatter;0.353639;0.209015;0.144614;0.000365056;0.000375726;0.0998965;0.00202546;0.000220334;0.000279856;0.0410887;0.000362501;
48;1024;1024;measure;scatter;0.314041;0.210377;0.103656;0.000417955;0.000263145;0.0590476;0.000436069;0.000359385;0.000245221;0.0425797;0.000306466;
48;1024;1024;measure;scatter;0.318322;0.210611;0.107702;0.000323889;0.000274897;0.0694358;0.000423616;0.000498707;0.000298882;0.036135;0.000311656;
48;2048;2048;measure;scatter;0.479896;0.276383;0.203501;0.000477518;0.000748627;0.0917611;0.00132773;0.000745982;0.000737175;0.0986765;0.00902662;
48;2048;2048;measure;scatter;0.694728;0.273107;0.421604;0.000891505;0.00132536;0.24432;0.00636935;0.000778352;0.00429779;0.159452;0.00416982;
48;2048;2048;measure;scatter;0.451594;0.279774;0.171789;0.000481895;0.000763435;0.0852032;0.00151585;0.000595328;0.000655693;0.0815756;0.000997705;
48;2048;2048;measure;scatter;0.480152;0.279789;0.200355;0.000725013;0.00109896;0.0856252;0.0027288;0.00073437;0.000804251;0.0937896;0.0148488;
48;2048;2048;measure;scatter;0.473538;0.279426;0.194101;0.000721957;0.000968671;0.0850508;0.00716737;0.000831383;0.000753486;0.0797378;0.018869;
48;2048;2048;measure;scatter;0.444419;0.28821;0.156198;0.000663527;0.00109387;0.0790668;0.00145034;0.000600148;0.000671172;0.0715803;0.00107204;
48;2048;2048;measure;scatter;0.449956;0.299626;0.150319;0.000498938;0.000864615;0.0677843;0.00115974;0.000588546;0.000800534;0.0763765;0.00224627;
48;2048;2048;measure;scatter;0.455562;0.279057;0.176495;0.000538061;0.000832174;0.0668993;0.00127385;0.00069708;0.000563168;0.1031;0.00259151;
48;2048;2048;measure;scatter;0.445017;0.279792;0.165216;0.000523233;0.000786889;0.0792764;0.00120544;0.000862752;0.000893318;0.0808011;0.000867119;
48;2048;2048;measure;scatter;0.479173;0.279044;0.200119;0.000486164;0.000891916;0.082715;0.00118094;0.000526991;0.000541597;0.111854;0.00192223;
48;2048;2048;measure;scatter;0.469522;0.278937;0.190575;0.000481074;0.000908167;0.0858428;0.00114554;0.000542079;0.000566996;0.0947617;0.00632635;
48;2048;2048;measure;scatter;0.492753;0.278911;0.213833;0.000518695;0.00088883;0.0883933;0.00110975;0.000890534;0.00066537;0.119134;0.00223281;
48;2048;2048;measure;scatter;0.514522;0.280604;0.233908;0.000487296;0.000700466;0.0774861;0.00139881;0.000492655;0.000571214;0.14549;0.0072811;
48;2048;2048;measure;scatter;0.536497;0.278;0.258486;0.000703422;0.00120676;0.144725;0.00397563;0.00176095;0.001711;0.0989534;0.00544976;
48;2048;2048;measure;scatter;0.457792;0.286852;0.170929;0.000570553;0.00114442;0.0862109;0.00545929;0.000603184;0.00092091;0.0735001;0.00251956;
48;2048;2048;measure;scatter;0.717178;0.299498;0.417661;0.000502764;0.000714573;0.153826;0.0130086;0.00135631;0.00140935;0.241191;0.0056522;
48;2048;2048;measure;scatter;0.467411;0.279738;0.187664;0.000577215;0.00083019;0.104345;0.00142173;0.00266174;0.000706548;0.072996;0.00412542;
48;2048;2048;measure;scatter;0.491296;0.284654;0.206622;0.000513405;0.000832835;0.0961438;0.00132041;0.000486855;0.000413637;0.104492;0.00241842;
48;2048;2048;measure;scatter;0.488275;0.27864;0.209626;0.000536058;0.000811024;0.0857651;0.000900492;0.000432333;0.000544032;0.113388;0.00724816;
48;2048;2048;measure;scatter;0.480963;0.282754;0.198192;0.000576744;0.000811555;0.0865719;0.00119225;0.000554101;0.000416984;0.0971764;0.0108924;
48;2048;2048;measure;scatter;0.461221;0.280089;0.181123;0.000472328;0.000652746;0.0845389;0.00171286;0.000538602;0.000780787;0.0899077;0.00251951;
48;2048;2048;measure;scatter;0.508289;0.281624;0.226644;0.000502855;0.000794814;0.0999658;0.000921502;0.000536728;0.000551457;0.113962;0.00940833;
48;2048;2048;measure;scatter;0.490513;0.286414;0.204086;0.000645783;0.000986344;0.0899308;0.00121474;0.000667965;0.000825742;0.101487;0.00832749;
48;2048;2048;measure;scatter;0.522508;0.280129;0.242365;0.000705616;0.000892106;0.0990252;0.00190719;0.00102011;0.000667425;0.124861;0.0132859;
48;2048;2048;measure;scatter;0.459715;0.287275;0.172417;0.000818277;0.00100433;0.0765698;0.00143147;0.000732055;0.000853544;0.0841841;0.00682353;
48;2048;2048;measure;scatter;0.556094;0.277811;0.278264;0.000589939;0.000766791;0.111784;0.00120406;0.000763826;0.000603644;0.1599;0.00265191;
48;2048;2048;measure;scatter;0.559495;0.279003;0.280479;0.000481525;0.000624613;0.131018;0.00117562;0.000567125;0.00110505;0.136281;0.00922638;
48;2048;2048;measure;scatter;0.455676;0.281492;0.174175;0.00046783;0.000833696;0.0944675;0.00119493;0.000499979;0.000588105;0.0692144;0.00690911;
48;2048;2048;measure;scatter;0.612234;0.302085;0.310141;0.000529946;0.000785436;0.135842;0.0123639;0.000718229;0.0036336;0.150767;0.00550041;
48;2048;2048;measure;scatter;0.588744;0.280508;0.308227;0.000508275;0.000811555;0.192076;0.00819498;0.00183471;0.00491307;0.0933054;0.00658281;
48;2048;2048;measure;scatter;0.552518;0.311663;0.240844;0.00049489;0.00081971;0.0899323;0.000894912;0.000465104;0.000492626;0.1397;0.00804495;
48;2048;2048;measure;scatter;0.502728;0.276436;0.226264;0.000720624;0.00114784;0.103717;0.00200675;0.00105254;0.00096822;0.103502;0.0131489;
48;2048;2048;measure;scatter;0.540485;0.289934;0.250542;0.000566725;0.000834328;0.0874058;0.00175861;0.0005373;0.000684336;0.149252;0.00950234;
48;2048;2048;measure;scatter;0.516415;0.278865;0.237539;0.000681421;0.00111707;0.102025;0.00185777;0.00121319;0.000918255;0.120418;0.00930922;
48;2048;2048;measure;scatter;0.464817;0.290299;0.174507;0.000581102;0.000954825;0.0733675;0.00124163;0.00143644;0.000599997;0.0939168;0.00240886;
48;2048;2048;measure;scatter;0.590912;0.279834;0.311066;0.00061163;0.000888539;0.177342;0.0195928;0.000939926;0.00465209;0.101206;0.00583278;
48;2048;2048;measure;scatter;0.53408;0.287889;0.246182;0.000496654;0.000760479;0.0977621;0.0023074;0.000764868;0.000690878;0.102486;0.0409142;
48;2048;2048;measure;scatter;0.529025;0.285474;0.243534;0.000775367;0.00103132;0.100282;0.00147499;0.00364996;0.000591943;0.129737;0.00599135;
48;2048;2048;measure;scatter;0.481435;0.303263;0.178161;0.000486404;0.000722227;0.0821116;0.00132006;0.000551046;0.000428595;0.085763;0.00677782;
48;2048;2048;measure;scatter;0.488495;0.278294;0.210192;0.00046867;0.000774286;0.0774185;0.0010044;0.000516941;0.000594798;0.125135;0.00428003;
48;2048;2048;measure;scatter;0.526248;0.288961;0.237276;0.000547529;0.000801076;0.109232;0.00123713;0.000497014;0.000504468;0.118473;0.00598327;
48;2048;2048;measure;scatter;0.512938;0.28495;0.227977;0.000754698;0.000998557;0.115708;0.00188447;0.000671562;0.00112371;0.0955666;0.0112692;
48;2048;2048;measure;scatter;0.593046;0.278593;0.314443;0.000781309;0.00108383;0.133515;0.0013991;0.00185163;0.000777281;0.171914;0.00312048;
48;2048;2048;measure;scatter;0.609459;0.275422;0.334023;0.00081949;0.00114801;0.142712;0.00496934;0.00366622;0.000988468;0.16601;0.0137094;
48;2048;2048;measure;scatter;0.438333;0.291104;0.147219;0.000892948;0.00114228;0.0768435;0.00404555;0.000863593;0.00224179;0.0601118;0.00107772;
48;2048;2048;measure;scatter;0.44904;0.275104;0.173888;0.000657296;0.000883821;0.0802648;0.00149899;0.00104132;0.000848524;0.0863343;0.00235929;
48;2048;2048;measure;scatter;0.461029;0.288032;0.172986;0.000517423;0.000713922;0.0736058;0.00120623;0.000472999;0.000567547;0.0837756;0.0121266;
48;2048;2048;measure;scatter;0.463437;0.278582;0.184841;0.000543442;0.000790085;0.0923459;0.00128322;0.000572235;0.000542591;0.0873164;0.00144718;
48;2048;2048;measure;scatter;0.472815;0.294515;0.17829;0.000566515;0.000903098;0.0870428;0.00122711;0.000532411;0.000606641;0.0787918;0.00861922;
48;2048;2048;measure;scatter;0.490545;0.278786;0.211746;0.000479131;0.000869675;0.0926799;0.00118351;0.000614305;0.000706047;0.105844;0.00936998;
48;4096;4096;measure;scatter;0.853994;0.39147;0.462509;0.00152149;0.00190577;0.141328;0.0104769;0.00218934;0.00362773;0.29302;0.00843981;
48;4096;4096;measure;scatter;0.817961;0.389416;0.428531;0.00165941;0.00203593;0.120775;0.0106032;0.00293808;0.0048653;0.27484;0.0108141;
48;4096;4096;measure;scatter;0.780686;0.397783;0.382873;0.0015138;0.00219271;0.157816;0.00474428;0.0018227;0.00403384;0.203828;0.00692135;
48;4096;4096;measure;scatter;0.895547;0.393602;0.501929;0.00159663;0.00215392;0.147791;0.00570793;0.00186177;0.00263099;0.335454;0.00473257;
48;4096;4096;measure;scatter;0.804087;0.412304;0.391771;0.00703982;0.00468878;0.141777;0.00615284;0.00188815;0.00287307;0.224684;0.00266722;
48;4096;4096;measure;scatter;0.961001;0.389469;0.571507;0.0015768;0.00198743;0.294385;0.0065896;0.00170808;0.00509312;0.24255;0.0176168;
48;4096;4096;measure;scatter;0.893251;0.389036;0.504204;0.00203168;0.00252758;0.215918;0.00926799;0.00270671;0.00423963;0.259451;0.00806102;
48;4096;4096;measure;scatter;0.985118;0.388235;0.596855;0.00283601;0.00273056;0.357228;0.00951529;0.00184852;0.0045704;0.214575;0.00355164;
48;4096;4096;measure;scatter;0.874958;0.389547;0.4854;0.00189038;0.00270168;0.152948;0.00473293;0.00166571;0.00302841;0.311177;0.00725543;
48;4096;4096;measure;scatter;0.845229;0.398332;0.446888;0.00153217;0.00216325;0.123827;0.00631644;0.0017139;0.00269158;0.303519;0.00512397;
48;4096;4096;measure;scatter;0.861044;0.412781;0.448247;0.00480323;0.0152794;0.170816;0.00572075;0.00172366;0.00364602;0.243179;0.00307827;
48;4096;4096;measure;scatter;0.97829;0.391419;0.586859;0.00155604;0.00235101;0.335192;0.00673906;0.00163108;0.0033709;0.228425;0.00759283;
48;4096;4096;measure;scatter;0.835089;0.399376;0.435703;0.00154547;0.0019136;0.16469;0.0048983;0.00177585;0.0022845;0.251893;0.00670164;
48;4096;4096;measure;scatter;0.843967;0.38811;0.455829;0.0015689;0.00185482;0.205823;0.00553337;0.00175014;0.00225414;0.231806;0.00523866;
48;4096;4096;measure;scatter;1.2094;0.399388;0.809996;0.00463562;0.00379576;0.14413;0.00656596;0.00172402;0.00526803;0.638113;0.00576348;
48;4096;4096;measure;scatter;1.06142;0.399174;0.662239;0.00149667;0.00182121;0.417743;0.00707329;0.0016431;0.00416431;0.220621;0.00767648;
48;4096;4096;measure;scatter;0.779446;0.392185;0.387248;0.0015506;0.00185728;0.132037;0.00520847;0.00163573;0.0030575;0.234437;0.00746397;
48;4096;4096;measure;scatter;0.872225;0.401632;0.470581;0.00152529;0.00205154;0.169753;0.00916722;0.00160988;0.00536715;0.272013;0.00909338;
48;4096;4096;measure;scatter;0.797866;0.403224;0.394633;0.00150302;0.0020091;0.128539;0.00690803;0.00248804;0.00338677;0.243554;0.00624483;
48;4096;4096;measure;scatter;0.800336;0.394609;0.405716;0.00153468;0.00194296;0.128702;0.010839;0.00224954;0.00415048;0.248873;0.00742419;
48;4096;4096;measure;scatter;0.812954;0.40168;0.411262;0.00158587;0.0019232;0.158367;0.00694568;0.00344922;0.00302144;0.22869;0.0072806;
48;4096;4096;measure;scatter;0.844389;0.403607;0.440767;0.00305501;0.00360454;0.143501;0.00468597;0.00198987;0.00352084;0.276687;0.00372241;
48;4096;4096;measure;scatter;0.798792;0.393314;0.405464;0.00358889;0.0034469;0.195655;0.00553928;0.00197197;0.00297501;0.187389;0.0048986;
48;4096;4096;measure;scatter;0.76921;0.3946;0.374598;0.00155674;0.00203389;0.126579;0.0060476;0.00185252;0.00256223;0.226544;0.00742227;
48;4096;4096;measure;scatter;0.75792;0.399214;0.358679;0.00659171;0.00392078;0.135786;0.0048986;0.00186884;0.00453096;0.198597;0.00248552;
48;4096;4096;measure;scatter;1.00656;0.388681;0.617855;0.00198508;0.00333057;0.252636;0.00608499;0.00371823;0.00278656;0.335592;0.0117218;
48;4096;4096;measure;scatter;0.848997;0.385537;0.463447;0.00199308;0.00252605;0.199743;0.00519882;0.00182059;0.00247964;0.24359;0.00609471;
48;4096;4096;measure;scatter;0.922889;0.396366;0.526485;0.00732982;0.00445966;0.180278;0.00891185;0.00162541;0.00609907;0.312335;0.00544582;
48;4096;4096;measure;scatter;0.840035;0.393892;0.44613;0.00216331;0.00242044;0.173146;0.0184264;0.00199035;0.00419022;0.235679;0.00811364;
48;4096;4096;measure;scatter;0.899692;0.38848;0.5112;0.00156225;0.00227008;0.157237;0.00552896;0.00165152;0.00223127;0.336144;0.00457396;
48;4096;4096;measure;scatter;0.803879;0.390613;0.413252;0.00156856;0.00198444;0.184001;0.00677329;0.00321223;0.00313341;0.20545;0.00712875;
48;4096;4096;measure;scatter;0.911763;0.393327;0.518415;0.00383756;0.00542565;0.160138;0.00646124;0.00238026;0.00313566;0.333337;0.00369983;
48;4096;4096;measure;scatter;0.807244;0.392692;0.414539;0.00206762;0.00240754;0.125857;0.00603559;0.00180027;0.00406844;0.265164;0.00713929;
48;4096;4096;measure;scatter;0.712284;0.41805;0.294223;0.00491835;0.00538998;0.111986;0.0043506;0.00167607;0.0043209;0.158884;0.00269772;
48;4096;4096;measure;scatter;0.893244;0.386975;0.506257;0.00158044;0.00207429;0.188862;0.00690064;0.00201878;0.00391317;0.292326;0.00858187;
48;4096;4096;measure;scatter;0.784571;0.395448;0.38911;0.00150941;0.00185382;0.175176;0.00586305;0.00164181;0.0041055;0.191374;0.00758743;
48;4096;4096;measure;scatter;0.862821;0.394619;0.468166;0.00153595;0.00211246;0.144817;0.00479655;0.00209025;0.00306093;0.294382;0.0153705;
48;4096;4096;measure;scatter;0.87572;0.397575;0.478131;0.00670513;0.00499685;0.142581;0.00660551;0.00231508;0.00378579;0.306852;0.00428875;
48;4096;4096;measure;scatter;0.912646;0.40984;0.502793;0.00797275;0.00450506;0.217497;0.00531988;0.00167031;0.00386049;0.258044;0.00392351;
48;4096;4096;measure;scatter;1.17521;0.388579;0.786608;0.00203734;0.00251232;0.363379;0.0158741;0.00193372;0.00883852;0.385858;0.00617574;
48;4096;4096;measure;scatter;0.906591;0.400729;0.505852;0.00587944;0.003865;0.21503;0.00650775;0.00252177;0.00293093;0.266505;0.00261188;
48;4096;4096;measure;scatter;0.800135;0.388088;0.412035;0.00160723;0.00225154;0.197944;0.0110386;0.00252301;0.00456689;0.184104;0.00799928;
48;4096;4096;measure;scatter;0.83011;0.398344;0.431753;0.0015642;0.00203836;0.170687;0.00942058;0.00175114;0.00595905;0.230866;0.00946597;
48;4096;4096;measure;scatter;0.965461;0.388079;0.577367;0.00153641;0.0022672;0.30521;0.00549242;0.00169506;0.00268442;0.252963;0.00551779;
48;4096;4096;measure;scatter;0.896921;0.406887;0.490018;0.015507;0.00741041;0.176656;0.00560663;0.00219715;0.00255121;0.275078;0.00501143;
48;4096;4096;measure;scatter;0.843781;0.392384;0.451383;0.00317815;0.0046685;0.199281;0.0042215;0.00204432;0.00261223;0.231477;0.0039007;
48;4096;4096;measure;scatter;0.857474;0.414453;0.442996;0.00297802;0.025998;0.0838408;0.00614983;0.0018953;0.00260264;0.315748;0.00378381;
48;4096;4096;measure;scatter;0.767665;0.389917;0.377726;0.00157984;0.00195078;0.138714;0.00657012;0.00171604;0.00267993;0.208366;0.0161494;
48;4096;4096;measure;scatter;0.905379;0.398414;0.506951;0.0074382;0.00407548;0.200014;0.00384888;0.00214761;0.00400721;0.282063;0.00335708;
48;4096;4096;measure;scatter;0.721655;0.3997;0.321944;0.00149443;0.00220895;0.113884;0.0165752;0.00165078;0.00399904;0.175146;0.00698534;
48;8192;8192;measure;scatter;1.72528;0.612894;1.11237;0.0104917;0.0060321;0.409735;0.0142382;0.00624244;0.00750293;0.648062;0.0100647;
48;8192;8192;measure;scatter;1.56034;0.630012;0.930311;0.0132548;0.00590268;0.288335;0.0130821;0.00705141;0.00747425;0.586002;0.00920926;
48;8192;8192;measure;scatter;2.71053;0.629882;2.08063;0.00911413;0.00595076;0.717976;0.0127605;0.00770735;0.00755511;1.3082;0.0113623;
48;8192;8192;measure;scatter;1.6217;0.637615;0.984056;0.0094676;0.0057946;0.408174;0.0123222;0.0147359;0.00771927;0.512509;0.0133335;
48;8192;8192;measure;scatter;1.74193;0.627744;1.11416;0.0146755;0.00587785;0.470028;0.0135052;0.00787642;0.00768304;0.583201;0.0113176;
48;8192;8192;measure;scatter;1.61047;0.636605;0.973843;0.0128266;0.00617715;0.329646;0.0130638;0.00704476;0.00776161;0.586505;0.0108187;
48;8192;8192;measure;scatter;1.71291;0.629457;1.08341;0.0102202;0.00571479;0.515752;0.0124025;0.00647044;0.0105577;0.509562;0.0127321;
48;8192;8192;measure;scatter;1.7896;0.623166;1.16641;0.0148944;0.00612775;0.584764;0.013411;0.00641872;0.00767544;0.524379;0.00874404;
48;8192;8192;measure;scatter;1.93955;0.636451;1.30308;0.0155449;0.00592203;0.516248;0.0168792;0.0108179;0.0131524;0.712605;0.0119119;
48;8192;8192;measure;scatter;1.75529;0.635345;1.11992;0.014043;0.00579366;0.337861;0.0132497;0.00774222;0.00749712;0.71866;0.0150742;
48;8192;8192;measure;scatter;1.71614;0.633519;1.08261;0.0120149;0.00592455;0.550787;0.012555;0.00840473;0.0081975;0.473259;0.0114661;
48;8192;8192;measure;scatter;1.84816;0.620122;1.22802;0.0104157;0.00589474;0.562892;0.012906;0.00682255;0.00749304;0.609959;0.0116341;
48;8192;8192;measure;scatter;2.25838;0.647432;1.61093;0.0105135;0.00566901;0.516661;0.0135767;0.00749823;0.00845889;1.03775;0.010798;
48;8192;8192;measure;scatter;1.62745;0.64066;0.98677;0.00921719;0.00564908;0.466458;0.0121865;0.00867011;0.0095286;0.463735;0.0113253;
48;8192;8192;measure;scatter;1.81233;0.631784;1.18053;0.00992152;0.00578378;0.448472;0.012411;0.00800087;0.0078706;0.674092;0.0139749;
48;8192;8192;measure;scatter;1.66463;0.635467;1.02914;0.00961433;0.00578462;0.472535;0.016537;0.00716629;0.0119659;0.493395;0.012138;
48;8192;8192;measure;scatter;1.54292;0.629981;0.912842;0.00966211;0.00578061;0.339505;0.0134005;0.00704452;0.0074468;0.519096;0.0109067;
48;8192;8192;measure;scatter;1.85899;0.629749;1.22922;0.0102156;0.00578003;0.433495;0.0134117;0.00705775;0.00798053;0.736925;0.0143519;
48;8192;8192;measure;scatter;1.58948;0.627506;0.961928;0.0104743;0.00586186;0.369982;0.0108171;0.00870123;0.00780405;0.535584;0.012704;
48;8192;8192;measure;scatter;1.76396;0.619538;1.14439;0.010904;0.00598398;0.486374;0.0125301;0.00650637;0.00757873;0.599657;0.014857;
48;8192;8192;measure;scatter;1.60264;0.623309;0.979308;0.0127101;0.00597319;0.404999;0.0129265;0.00738939;0.00858824;0.514516;0.0122058;
48;8192;8192;measure;scatter;1.93628;0.638967;1.29729;0.0107587;0.00596437;0.442597;0.0138702;0.00719176;0.00752957;0.799263;0.0101189;
48;8192;8192;measure;scatter;1.51939;0.622194;0.897173;0.0116093;0.00609932;0.290758;0.0124065;0.00689408;0.00923909;0.549342;0.0108244;
48;8192;8192;measure;scatter;2.42196;0.619974;1.80195;0.0119326;0.00584097;0.503925;0.0179923;0.0107224;0.013214;1.22567;0.0126463;
48;8192;8192;measure;scatter;1.71835;0.625366;1.09294;0.0174344;0.00608532;0.379618;0.0136343;0.00703012;0.00756843;0.649813;0.0117557;
48;8192;8192;measure;scatter;1.51979;0.62526;0.894513;0.0145066;0.00582428;0.29791;0.0132322;0.00726673;0.00771394;0.538379;0.00968039;
48;8192;8192;measure;scatter;1.60099;0.620819;0.980159;0.0140461;0.00588322;0.367465;0.0132666;0.00707884;0.00859117;0.554569;0.0092587;
48;8192;8192;measure;scatter;1.64805;0.624794;1.02322;0.0102383;0.00553811;0.390744;0.0116546;0.00733708;0.00793375;0.578846;0.0109293;
48;8192;8192;measure;scatter;2.04156;0.630148;1.4114;0.00965616;0.00563924;0.644376;0.0124024;0.00716633;0.00792755;0.711512;0.0127148;
48;8192;8192;measure;scatter;1.74347;0.63726;1.10617;0.0142224;0.00566675;0.473446;0.0130006;0.00687521;0.00737368;0.572352;0.013232;
48;8192;8192;measure;scatter;2.22951;0.624298;1.60519;0.0156705;0.00595404;0.633168;0.0136375;0.00746258;0.00767977;0.910983;0.0106346;
48;8192;8192;measure;scatter;2.62244;0.626064;1.99636;0.0106201;0.00608395;0.80832;0.0127606;0.00631235;0.00716116;1.13263;0.0124704;
48;8192;8192;measure;scatter;1.6407;0.62489;1.01579;0.0106195;0.0061356;0.416823;0.0123323;0.00667281;0.0078807;0.542613;0.0127094;
48;8192;8192;measure;scatter;1.62783;0.638518;0.989275;0.0117793;0.00606419;0.42393;0.0123637;0.00701565;0.0076689;0.50876;0.0116921;
48;8192;8192;measure;scatter;1.73503;0.648621;1.08637;0.0131913;0.00569455;0.436939;0.0129304;0.00707346;0.00735134;0.589744;0.0134437;
48;8192;8192;measure;scatter;1.90158;0.612702;1.28886;0.0147165;0.00621884;0.508188;0.01591;0.00838565;0.00911107;0.713698;0.0126279;
48;8192;8192;measure;scatter;1.71275;0.624216;1.08852;0.0103287;0.00597041;0.376751;0.0132561;0.00672019;0.00767731;0.658382;0.00943191;
48;8192;8192;measure;scatter;1.73504;0.628059;1.10696;0.0106368;0.00590295;0.452682;0.0137515;0.00708139;0.0142703;0.591273;0.0113621;
48;8192;8192;measure;scatter;1.93051;0.631832;1.29864;0.0103895;0.00573991;0.604241;0.0117646;0.00818744;0.00859905;0.636415;0.0133076;
48;8192;8192;measure;scatter;2.1301;0.627163;1.50292;0.0096503;0.00561026;0.655108;0.0144056;0.00702321;0.00767989;0.79333;0.0101117;
48;8192;8192;measure;scatter;1.7361;0.629812;1.10625;0.0131272;0.00603916;0.447384;0.0129986;0.0070486;0.00801711;0.601626;0.010008;
48;8192;8192;measure;scatter;2.54064;0.62455;1.91606;0.013419;0.00573419;0.711223;0.0136873;0.00784998;0.00826255;1.1407;0.015184;
48;8192;8192;measure;scatter;1.78419;0.630169;1.154;0.0123779;0.00607534;0.53193;0.0139738;0.00680138;0.0076489;0.564318;0.0108789;
48;8192;8192;measure;scatter;1.80861;0.628474;1.18011;0.0130226;0.0058671;0.418246;0.0128122;0.00709107;0.00819799;0.704241;0.0106365;
48;8192;8192;measure;scatter;1.71136;0.633228;1.07804;0.0240659;0.00573998;0.477986;0.0165131;0.028421;0.00848224;0.503532;0.0133027;
48;8192;8192;measure;scatter;2.4034;0.618166;1.78514;0.0158176;0.00594146;0.575103;0.0143876;0.00775001;0.00856261;0.873844;0.28373;
48;8192;8192;measure;scatter;2.11497;0.615487;1.49946;0.0183837;0.0058751;0.627104;0.0132094;0.00643592;0.00702614;0.808152;0.0132685;
48;8192;8192;measure;scatter;2.41518;0.634836;1.7803;0.0119439;0.00607037;0.476621;0.0113831;0.0078663;0.00783219;1.24584;0.0127455;
48;8192;8192;measure;scatter;1.92562;0.622823;1.30276;0.0106279;0.00581938;0.438747;0.0111908;0.00795694;0.00854981;0.805776;0.0140943;
48;8192;8192;measure;scatter;1.72194;0.634843;1.08708;0.0107233;0.00550911;0.4935;0.0137034;0.00703132;0.00730376;0.537622;0.0116826;
48;16384;16384;measure;scatter;4.74412;1.17171;3.57239;0.0306522;0.026422;1.55016;0.0427316;0.0392522;0.0319218;1.79665;0.0545989;
48;16384;16384;measure;scatter;5.41914;1.17704;4.24207;0.0301865;0.0279974;1.63591;0.0442421;0.0293884;0.0295368;2.40105;0.0437651;
48;16384;16384;measure;scatter;6.17659;1.17365;5.00292;0.030598;0.0239531;2.17943;0.0488136;0.0386253;0.0295551;2.60962;0.042324;
48;16384;16384;measure;scatter;4.66783;1.17558;3.49223;0.0299084;0.0276757;1.50788;0.0485603;0.0264171;0.0309711;1.76409;0.0567303;
48;16384;16384;measure;scatter;4.7758;1.19258;3.5832;0.0280538;0.0238421;1.49821;0.0506805;0.0290105;0.0292622;1.88042;0.0437181;
48;16384;16384;measure;scatter;5.122;1.19245;3.92951;0.0288706;0.0240976;1.71685;0.0445986;0.0402892;0.0290188;2.00366;0.0421315;
48;16384;16384;measure;scatter;4.93846;1.17815;3.76029;0.0297807;0.0273184;1.71474;0.0395044;0.0282917;0.0250365;1.84579;0.049836;
48;16384;16384;measure;scatter;5.00945;1.18078;3.82865;0.0305887;0.0272851;1.69513;0.0483952;0.028781;0.0290571;1.92099;0.048428;
48;16384;16384;measure;scatter;4.70256;1.18101;3.52153;0.0327602;0.0252362;1.53542;0.0459714;0.0300041;0.0297955;1.77569;0.0466526;
48;16384;16384;measure;scatter;4.913;1.18584;3.72714;0.0308455;0.0236613;1.68926;0.0450576;0.0425156;0.0348078;1.8189;0.0420935;
48;16384;16384;measure;scatter;4.89972;1.17602;3.72369;0.0302441;0.0265214;1.83819;0.0482902;0.0261963;0.0312519;1.67465;0.0483463;
48;16384;16384;measure;scatter;4.92437;1.1904;3.73395;0.0258941;0.0284942;1.64532;0.0493945;0.0289182;0.028578;1.88429;0.043061;
48;16384;16384;measure;scatter;8.97317;1.20217;7.77098;0.0314813;0.0234656;3.09354;0.0450358;0.0244047;0.0292873;4.48144;0.0423354;
48;16384;16384;measure;scatter;4.98382;1.18824;3.79555;0.0285175;0.0248554;1.74769;0.0453714;0.0254348;0.0288157;1.85132;0.0435503;
48;16384;16384;measure;scatter;4.56735;1.17946;3.38787;0.029849;0.0247122;1.57704;0.0439524;0.0289313;0.0290522;1.61205;0.0422769;
48;16384;16384;measure;scatter;4.56333;1.18159;3.38172;0.0291238;0.0236313;1.65147;0.0504337;0.0393099;0.0292345;1.51931;0.0392017;
48;16384;16384;measure;scatter;4.77326;1.17721;3.59603;0.0320924;0.0231516;1.61067;0.04066;0.0240737;0.0248595;1.79368;0.0468364;
48;16384;16384;measure;scatter;7.72252;1.16763;6.55485;0.0479477;0.0374805;3.12769;0.0486252;0.0422831;0.0404523;3.14893;0.0614424;
48;16384;16384;measure;scatter;6.42828;1.20989;5.21837;0.0299368;0.0231609;2.3215;0.0457551;0.0241095;0.0290038;2.7031;0.0417968;
48;16384;16384;measure;scatter;6.13764;1.17078;4.96684;0.0296553;0.0253341;1.8839;0.0454335;0.0402856;0.0289003;2.86599;0.0473388;
48;16384;16384;measure;scatter;4.92553;1.17201;3.7535;0.0286774;0.0256896;1.7399;0.0487151;0.040349;0.0314214;1.79549;0.0432628;
48;16384;16384;measure;scatter;4.55073;1.18089;3.36982;0.0277457;0.0266138;1.55887;0.0483597;0.0387527;0.0291987;1.58594;0.0543426;
48;16384;16384;measure;scatter;6.55626;1.2085;5.34774;0.0443188;0.0357968;3.06794;0.0462181;0.0343492;0.040546;2.02109;0.0574778;
48;16384;16384;measure;scatter;6.31145;1.16877;5.14267;0.0301929;0.0268414;1.85601;0.0470226;0.0240618;0.0292275;3.06658;0.0627358;
48;16384;16384;measure;scatter;5.00659;1.17477;3.8318;0.0298488;0.0273258;1.57168;0.0433817;0.0247747;0.0287705;2.05252;0.0534959;
48;16384;16384;measure;scatter;5.7427;1.17843;4.56424;0.0291011;0.0264786;2.10984;0.04471;0.0468754;0.0288036;2.22422;0.05422;
48;16384;16384;measure;scatter;5.98376;1.17616;4.80758;0.0304443;0.0261577;1.93949;0.0444396;0.0457807;0.0313585;2.63286;0.0570536;
48;16384;16384;measure;scatter;4.66728;1.18284;3.48441;0.0263963;0.0268592;1.50183;0.0492198;0.0414522;0.0309122;1.75728;0.0504648;
48;16384;16384;measure;scatter;4.97235;1.17908;3.79325;0.030617;0.0231189;1.76658;0.0442323;0.0398837;0.0290122;1.81935;0.0404463;
48;16384;16384;measure;scatter;4.81578;1.17597;3.63979;0.0305143;0.0260226;1.45416;0.0482557;0.0312774;0.030474;1.97249;0.0465906;
48;16384;16384;measure;scatter;6.98705;1.17423;5.8128;0.0303735;0.0252049;1.88536;0.0500731;0.0434894;0.0415912;3.69879;0.0379229;
48;16384;16384;measure;scatter;4.75265;1.16557;3.58707;0.0316008;0.0270179;1.52781;0.0441937;0.0401685;0.0307527;1.83769;0.0478327;
48;16384;16384;measure;scatter;4.85329;1.17414;3.67913;0.0323113;0.0278656;1.51321;0.044305;0.0376267;0.0251472;1.95197;0.0466962;
48;16384;16384;measure;scatter;5.49601;1.20991;4.28608;0.0304741;0.0240398;2.11196;0.0451633;0.0269617;0.031861;1.97213;0.0435013;
48;16384;16384;measure;scatter;5.91717;1.20519;4.71197;0.0332884;0.0235521;2.18728;0.0488315;0.0247881;0.0292629;2.32191;0.0430578;
48;16384;16384;measure;scatter;4.86408;1.17174;3.69232;0.0286928;0.0257962;1.72563;0.0498476;0.0391418;0.0296099;1.73938;0.0542207;
48;16384;16384;measure;scatter;5.48679;1.17787;4.30891;0.0298773;0.0267615;1.70532;0.0493784;0.0485209;0.0339923;2.37494;0.0401162;
48;16384;16384;measure;scatter;4.86018;1.18315;3.67701;0.0301096;0.0272752;1.36074;0.0474869;0.0286458;0.0339391;2.10737;0.0414411;
48;16384;16384;measure;scatter;4.64527;1.17297;3.47228;0.0272437;0.0274126;1.49086;0.0430921;0.0390054;0.0310656;1.76659;0.0470151;
48;16384;16384;measure;scatter;5.21898;1.1782;4.04075;0.0367071;0.0267322;1.60435;0.0430011;0.0311699;0.029293;2.21786;0.0516399;
48;16384;16384;measure;scatter;5.01509;1.18406;3.83101;0.0307335;0.0232631;1.702;0.0458074;0.0394127;0.0312976;1.91543;0.0430605;
48;16384;16384;measure;scatter;4.36791;1.1864;3.18149;0.0300611;0.0226912;1.50866;0.0425724;0.0307378;0.0291735;1.4729;0.0446969;
48;16384;16384;measure;scatter;4.91231;1.17454;3.73775;0.0316752;0.0270436;1.73787;0.0450334;0.0387357;0.0253237;1.78166;0.0504018;
48;16384;16384;measure;scatter;4.97603;1.17983;3.79617;0.0310744;0.0228052;1.47365;0.0502002;0.0250678;0.0289699;2.12039;0.0440077;
48;16384;16384;measure;scatter;6.70253;1.17725;5.52524;0.0294996;0.0269563;1.92749;0.050173;0.031688;0.03228;3.38063;0.0465267;
48;16384;16384;measure;scatter;5.21898;1.1782;4.04075;0.0367071;0.0267322;1.60435;0.0430011;0.0311699;0.029293;2.21786;0.0516399;
48;16384;16384;measure;scatter;5.01509;1.18406;3.83101;0.0307335;0.0232631;1.702;0.0458074;0.0394127;0.0312976;1.91543;0.0430605;
48;16384;16384;measure;scatter;4.36791;1.1864;3.18149;0.0300611;0.0226912;1.50866;0.0425724;0.0307378;0.0291735;1.4729;0.0446969;
48;16384;16384;measure;scatter;4.91231;1.17454;3.73775;0.0316752;0.0270436;1.73787;0.0450334;0.0387357;0.0253237;1.78166;0.0504018;
48;16384;16384;measure;scatter;4.97603;1.17983;3.79617;0.0310744;0.0228052;1.47365;0.0502002;0.0250678;0.0289699;2.12039;0.0440077;
48;16384;16384;measure;scatter;6.70253;1.17725;5.52524;0.0294996;0.0269563;1.92749;0.050173;0.031688;0.03228;3.38063;0.0465267;